0                         18136.63639692742
0.02999999999882262       3992.4069047297016
0.0599999999988243        2328.27458724183
0.08999999999882596       4646.530196110114
0.11999999999882759       13966.221656098482
0.1499999999988293        14983.965422507306
0.17999999999883098       36048.41554095399
0.20999999999883262       42350.22722558823
0.23999999999883428       46455.87044654462
0.26999999999883584       62282.95838727554
0.2999999999988376        67833.12449888278
0.32999999999883933       86349.14982696025
0.3599999999988409        101925.2177541837
0.38999999999884255       108168.82650760413
0.4199999999988442        121096.00507581743
0.449999999998846         142580.10306673372
0.4799999999988477        143250.24698946494
0.5099999999988492        221841.37368507063
0.5399999999988506        255868.43021816295
0.5699999999988523        329154.161270099
0.5999999999988542        403937.63493652287
0.6299999999988559        440291.4593939319
0.6599999999988574        498362.0446789666
0.6899999999988591        519560.33582181006
0.7199999999988607        462012.78678523924
0.7499999999988622        393436.8670660453
0.779999999998864         470977.50199058466
0.8099999999988655        535051.9485047378
0.8399999999988674        524729.9578184114
0.869999999998869         449029.8611132151
0.8999999999988707        607850.2121133896
0.9299999999988725        584056.1626228775
0.9599999999988741        526828.6614554863
0.9899999999988761        515122.5836537311
1.0199999999988771        664868.7276697309
1.049999999998879         744515.4820084061
1.0799999999988805        812531.8028824389
1.1099999999988828        801462.5283430299
1.1399999999988837        768173.4895810353
1.1699999999988857        775836.579174612
1.1999999999988875        686692.5353432676
1.2299999999988893        640650.7848029346
1.259999999998891         847030.4845011347
1.2899999999988925        1032300.8933593553
1.3199999999988938        882829.7110797707
1.3499999999988959        931517.1628078268
1.3799999999988972        951001.1723274294
1.4099999999988995        1018492.1512593416
1.439999999998901         955512.2994370257
1.4699999999989029        988601.5232975909
1.4999999999989047        1179055.4952290757
1.5299999999989058        1478005.7236846087
1.5599999999989071        1276336.3806486342
1.5899999999989096        1464390.179211709
1.6199999999989112        1196438.1092378672
1.6499999999989126        1135156.4761988167
1.6799999999989144        1233616.1387601295
1.7099999999989164        1189556.0312445161
1.739999999998918         1170808.997915422
1.7699999999989193        1441183.930428932
1.799999999998921         1418401.175639755
1.8299999999989234        1348329.5881681805
1.8599999999989245        1048981.674826308
1.8899999999989259        1261357.7988226723
1.9199999999989283        1399772.7230027325
1.9499999999989301        1488215.1852646177
1.9799999999989317        1470451.0329130364
2.0099999999989326        1798967.9044418617
2.039999999998934         1782236.9705159236
2.0699999999989362        1570396.5027755918
2.0999999999989387        1209090.4615944235
2.1299999999989394        1263619.2062556236
2.1599999999989414        1421676.204912338
2.189999999998943         1197971.944841794
2.2199999999989455        1195241.672939582
2.2499999999989475        1516622.1217474386
2.2799999999989473        1912295.15189879
2.3099999999989507        1568013.064425555
2.3399999999989514        1787787.1120210113
2.369999999998954         1986132.2474068655
2.3999999999989545        2049447.5358094773
2.429999999998957         1946743.3434130875
2.4599999999989595        1783213.8865497715
2.4899999999989597        1929053.2187892164
2.5199999999989613        2171685.9307658523
2.5499999999989633        1998429.855817615
2.579999999998965         2045511.77884298
2.6099999999989665        1860911.0979393795
2.6399999999989676        1926841.5142881088
2.66999999999897          2056320.6671101053
2.6999999999989726        2188349.6572930594
2.7299999999989732        2112970.424237643
2.7599999999989757        2646820.94381231
2.789999999998977         2712235.045142191
2.8199999999989798        2579283.4925104943
2.8499999999989813        2276407.847407985
2.8799999999989825        2213350.3344180305
2.9099999999989836        2160158.7374981795
2.939999999998986         1655557.9638379945
2.969999999998987         1842061.5172735958
2.999999999998988         1776475.7162228904
3.0299999999989904        2243269.0849211323
3.059999999998993         2040159.0934377175
3.0899999999989936        2388574.666415264
3.119999999998996         2598687.1823654044
3.1499999999989967        2481784.6220587697
3.179999999999            2335534.2591482545
3.2099999999990008        2124950.4908200847
3.239999999999002         2126115.3186649852
3.269999999999005         2409062.8165127067
3.2999999999990064        2284028.9751567976
3.329999999999008         2424622.9048961066
3.3599999999990096        2354706.982361686
3.3899999999990107        2341429.822572113
3.419999999999013         2326043.315759455
3.449999999999014         2320957.079284195
3.4799999999990163        2102918.814538521
3.5099999999990175        2640853.683857267
3.5399999999990204        3015060.058824155
3.5699999999990215        3018227.810435211
3.5999999999990226        2779792.721993043
3.629999999999024         2377396.052114821
3.6599999999990267        2189267.557578035
3.6899999999990274        1741435.399086823
3.71999999999903          2125485.620014039
3.749999999999031         1961888.0337209324
3.779999999999034         2563510.389658161
3.809999999999036         2332674.21332908
3.839999999999036         2899793.875481213
3.8699999999990373        3049198.847277559
3.8999999999990393        2940660.0460133445
3.929999999999041         2710215.2822644017
3.9599999999990425        2128126.447136962
3.9899999999990445        2060823.8729283134
4.019999999999046         2351158.867573687
4.049999999999047         2378076.767127152
4.079999999999051         2433851.470058141
4.109999999999051         2114099.9356302363
4.139999999999055         2029938.311405362
4.169999999999054         2119582.1142720184
4.199999999999058         1852923.1156427297
4.229999999999058         1550093.8885873093
4.259999999999061         1675502.5172746915
4.289999999999062         1951198.762326808
4.319999999999063         2137808.3513389295
4.349999999999066         2040048.5566459768
4.379999999999068         1787422.0069326744
4.4099999999990676        1542123.3807920383
4.43999999999907          972495.3499124788
4.469999999999073         1068794.2942110787
4.499999999999072         923711.7726120132
4.529999999999075         1325923.7265887053
4.559999999999079         1120017.849223283
4.589999999999078         1475139.357623026
4.619999999999082         1567677.3012009964
4.649999999999081         1634596.490939883
4.679999999999083         1607317.2007457893
4.709999999999085         1062229.9608965244
4.739999999999086         1010213.0199313234
4.769999999999089         1340503.3018436604
4.799999999999091         1313686.588676198
4.829999999999094         1316643.9739570636
4.8599999999990935        1409355.727983297
4.8899999999990955        1420269.4049627658
4.919999999999097         1441391.4376541332
4.949999999999102         1142846.438943605
4.9799999999991           898184.7403798916
5.009999999999101         1114122.722138465
5.039999999999106         1261260.5022378243
5.069999999999106         1550148.739652154
5.099999999999107         1383922.1930564418
5.129999999999108         1414462.5413546823
5.15999999999911          1034673.8788043521
5.189999999999112         645071.6600801845
5.2199999999991125        647835.306151107
5.2499999999991145        571443.390300932
5.279999999999118         717497.9223050359
5.30999999999912          600011.6069295381
5.339999999999121         714512.9313846717
5.369999999999122         956219.2185136094
5.399999999999127         819566.0341902532
5.429999999999126         800193.0073494804
5.459999999999129         419112.1937101392
5.489999999999129         340751.9791789642
5.519999999999133         357723.57099362515
5.549999999999132         375727.3528127583
5.579999999999134         418021.5296682249
5.609999999999136         410946.110920779
5.639999999999137         328606.7502577709
5.669999999999142         317209.6525494908
5.699999999999141         95801.35992932896
5.729999999999144         39717.2980063057
5.759999999999145         55161.73489786767
5.7899999999991465        101728.898557456
5.819999999999148         120934.60439963889
5.84999999999915          114354.44485695496
5.87999999999915          135525.3663947073
5.909999999999154         47160.077867543594
5.939999999999152         4003.9175753824647
5.969999999999155         9404.138979778041
5.999999999999159         2562.8015676616214
6.02999999999916          12553.670348483201
6.059999999999162         3344.165365035133
6.089999999999163         13975.743487486161
6.119999999999165         40973.437389581384
6.149999999999167         37698.43999284277
6.179999999999168         33225.95960974071
6.209999999999169         12340.187228928982
6.239999999999171         8935.413792535921
6.269999999999174         2626.2769525506556
6.2999999999991765        9317.814573298241
6.329999999999176         16363.186750559686
6.359999999999178         7068.710532831141
6.389999999999181         5954.135827339325
6.419999999999183         5976.067478342014
6.449999999999184         182.3508823115008
6.479999999999186         2805.095512373366
6.509999999999187         23998.71535366051
6.53999999999919          33301.961246093044
6.569999999999189         20597.78978055493
6.5999999999991905        33996.50562390618
6.629999999999193         14735.520276939838
6.659999999999194         25688.655665402242
6.689999999999197         30703.68917453248
6.719999999999199         30311.825534582713
6.749999999999201         122940.20979316543
6.779999999999203         188219.85344387128
6.809999999999203         190207.7747028816
6.839999999999206         122920.30864769229
6.86999999999921          83437.06705001563
6.899999999999209         102608.88086490345
6.929999999999211         96457.81490222458
6.959999999999214         221245.70689424998
6.989999999999212         236325.60013402076
7.019999999999214         265575.71196010645
7.049999999999217         271216.99616910843
7.079999999999218         340933.9748518564
7.109999999999223         305186.9597910513
7.1399999999992225        250481.84781064032
7.169999999999223         176098.97198147274
7.199999999999227         230094.72118887177
7.229999999999228         237721.13570715065
7.259999999999231         446308.28213163005
7.289999999999231         560751.2357355439
7.319999999999235         458061.2829721124
7.349999999999237         404509.5559290912
7.379999999999235         391285.2651557117
7.409999999999237         489282.53962570516
7.439999999999241         336418.0351266841
7.469999999999242         486474.1956043147
7.499999999999244         697258.2443252392
7.529999999999244         827793.1115128887
7.559999999999248         775725.8624621034
7.589999999999248         665768.7357096326
7.619999999999249         726899.7418228684
7.64999999999925          619151.2204436195
7.679999999999253         591551.7473748756
7.709999999999254         631521.755297271
7.739999999999258         702132.08166905
7.769999999999258         775284.9030342511
7.799999999999261         701684.8478739175
7.829999999999261         803686.2559258718
7.859999999999261         789715.9758444712
7.889999999999264         633093.3632900156
7.9199999999992645        607395.4053044433
7.949999999999272         523809.7770453762
7.979999999999269         553947.8938658233
8.009999999999273         801771.4580077383
8.039999999999274         981833.9185373996
8.069999999999272         890576.6567463534
8.099999999999277         884974.8891125099
8.12999999999928          813120.5207643429
8.159999999999277         652885.5120635779
8.189999999999282         609360.8678757367
8.219999999999281         707133.4663743051
8.249999999999284         993429.1345507833
8.279999999999287         1482234.92622721
8.309999999999286         1308829.9324551316
8.339999999999291         1363457.367317116
8.36999999999929          1301918.106027018
8.399999999999293         1029504.1511931022
8.429999999999293         1190911.5222285448
8.459999999999294         1181561.5294888753
8.489999999999299         1138848.1942809124
8.519999999999305         1417809.9396906993
8.5499999999993           1369980.6155049128
8.579999999999304         1543767.775512904
8.609999999999307         1563139.6194552507
8.639999999999304         1335068.5080541233
8.669999999999312         1249604.4462806566
8.699999999999312         1223589.1340209823
8.729999999999311         996415.057109802
8.759999999999314         1424710.8744463464
8.789999999999313         1722003.1243356613
8.819999999999318         1386895.6801275345
8.849999999999321         1516760.2684956158
8.879999999999319         1286977.268845434
8.909999999999318         1087164.0190779127
8.939999999999323         869975.7592290209
8.969999999999327         932187.5623981378
8.999999999999329         898353.1334754858
9.029999999999328         1397951.5185247376
9.059999999999334         1361913.0542597375
9.089999999999337         1397159.7772867298
9.119999999999331         1259256.2706017876
9.149999999999338         1148837.658346244
9.179999999999339         1220531.4582776814
9.209999999999338         1018679.0299464515
9.239999999999341         992621.848689247
9.269999999999344         1217719.4353987738
9.299999999999343         1279037.7659185044
9.329999999999345         1372965.316620768
9.359999999999348         1398152.5412354297
9.389999999999345         1342056.8639626743
9.419999999999352         1290124.2891213675
9.449999999999353         1042328.692191443
9.479999999999356         991824.2153073926
9.509999999999353         1202888.9759633378
9.53999999999936          1476588.380584754
9.569999999999359         1334012.0305334777
9.599999999999357         1427662.668848515
9.629999999999363         1253127.0324920346
9.659999999999362         1177252.0703255562
9.689999999999362         1068771.7218707912
9.71999999999937          881771.5814110431
9.749999999999371         887019.5795489667
9.779999999999367         1302427.5659783168
9.809999999999373         1429623.1641194855
9.839999999999373         1403084.541253032
9.869999999999376         1384402.398054884
9.899999999999377         1189576.7423438982
9.92999999999938          1208842.0426514104
9.959999999999384         830213.7667065398
9.989999999999386         652160.8142878715
10.019999999999383        864271.5336514171
10.049999999999386        974379.8750092798
10.079999999999385        1052549.8453581159
10.109999999999392        1193984.6125662443
10.139999999999391        1185372.6537202199
10.169999999999394        1079921.6497926705
10.199999999999395        775805.2722402657
10.229999999999404        561062.6421099746
10.259999999999398        811955.6490891341
10.289999999999399        994732.1545502855
10.319999999999405        935002.1589725974
10.349999999999403        1002553.2090870737
10.379999999999406        1004680.6614601209
10.409999999999409        1123487.5377413775
10.439999999999408        880872.8931070361
10.469999999999411        781540.4210575782
10.499999999999416        853919.7051695395
10.529999999999413        1095277.1709076175
10.55999999999941         1017396.8977597471
10.58999999999942         1010917.8130517234
10.619999999999422        1110062.7111278968
10.64999999999942         983339.8467007246
10.679999999999424        753211.4551085825
10.709999999999425        549402.0027151485
10.739999999999425        488543.6429247385
10.769999999999428        595590.9995921499
10.799999999999429        615621.4928268716
10.82999999999943         634464.1367349616
10.859999999999431        753880.7844243061
10.889999999999437        724201.0943755733
10.919999999999439        539419.450113373
10.949999999999434        461907.55534988537
10.97999999999944         315383.8594685509
11.00999999999944         369020.230758705
11.039999999999438        534750.695176776
11.069999999999444        515858.7209559736
11.099999999999444        532457.4058912332
11.12999999999945         579428.9734965377
11.159999999999451        623334.4902993041
11.18999999999945         444963.00922099606
11.219999999999452        374095.3655052533
11.249999999999453        332910.1744454766
11.279999999999454        494296.6192367614
11.309999999999455        492888.9336486627
11.339999999999456        521811.96963013185
11.36999999999946         634583.8036392917
11.399999999999462        431274.9934777592
11.42999999999946         344270.4812999213
11.45999999999947         249214.01862132738
11.489999999999467        237233.17635653203
11.519999999999468        297531.57144618465
11.549999999999471        315031.1229902678
11.579999999999472        380352.46944520343
11.609999999999474        487010.7095132744
11.639999999999478        422242.1080451552
11.669999999999478        382331.13856804674
11.699999999999484        349034.16028952424
11.729999999999482        297378.86090122804
11.759999999999481        322985.20282357384
11.789999999999484        405525.95010812033
11.819999999999485        365066.2621379459
11.849999999999493        335777.1264873882
11.879999999999487        335997.0625487144
11.90999999999949         415377.6331380974
11.939999999999491        369961.1731234933
11.969999999999496        404849.70768955036
11.999999999999497        344144.89564939553
12.029999999999502        425165.9031316332
12.059999999999503        430576.5756573257
12.089999999999497        449159.3063095164
12.119999999999504        477058.04786563915
12.149999999999501        291689.4495389584
12.179999999999508        217174.69626093152
12.209999999999507        158846.9676748262
12.23999999999951         99058.38211267178
12.269999999999511        100176.79144475551
12.29999999999951         99057.04866041498
12.329999999999517        177411.14888107032
12.35999999999952         238738.4645997294
12.389999999999516        239107.0287031052
12.41999999999952         186936.6309906098
12.449999999999523        164711.09369219202
12.47999999999952         85081.9403802991
12.509999999999525        110048.6781484946
12.539999999999525        268677.87081551197
12.569999999999526        221059.536757608
12.599999999999534        149631.3008448594
12.629999999999534        210018.05115333403
12.659999999999531        170448.25863928153
12.689999999999536        155814.56805980942
12.719999999999537        137938.1846277108
12.749999999999538        168602.7603859093
12.77999999999954         306760.92022535094
12.80999999999954         368365.3185428523
12.839999999999542        435795.4473083943
12.869999999999543        547055.482612693
12.89999999999955         376219.67640749924
12.929999999999552        347713.8006808649
12.959999999999551        276236.509957023
12.989999999999553        266205.6645030986
13.019999999999552        313684.3345378161
13.049999999999555        353734.4735872801
13.079999999999556        378777.5199618037
13.109999999999559        352365.86512739206
13.139999999999562        309332.5892839551
13.169999999999565        331624.3490159832
13.199999999999564        271581.6894286725
13.229999999999565        191967.73110671103
13.259999999999568        225821.63421761643
13.28999999999957         438141.74891308334
13.319999999999572        398079.4196887307
13.349999999999572        317708.7366787372
13.379999999999576        244707.86098473513
13.409999999999574        231486.93063387473
13.439999999999575        193041.50396535316
13.469999999999581        195561.2338201324
13.499999999999583        174883.9552497581
13.52999999999958         284583.7979936239
13.559999999999587        339817.0795132937
13.58999999999959         451635.61348741263
13.619999999999585        440925.1520275777
13.64999999999959         350131.045893998
13.679999999999588        261187.78420822232
13.70999999999959         282211.024182359
13.739999999999597        297988.68969260965
13.769999999999598        395647.84690375085
13.799999999999597        383225.7459061067
13.829999999999602        398762.0732872781
13.859999999999602        465931.94942514226
13.889999999999604        464266.74095238943
13.919999999999602        406738.37296467135
13.949999999999607        355249.2994066531
13.97999999999961         342460.01604255254
14.009999999999607        443140.0987679459
14.03999999999961         633674.9284102789
14.069999999999617        453057.8252305315
14.09999999999961         428847.07452269417
14.129999999999615        462949.305773193
14.159999999999616        448439.89867970103
14.189999999999614        386482.5540770492
14.21999999999962         355014.8685715259
14.249999999999623        339899.18707097805
14.279999999999626        437319.92484241055
14.309999999999627        387424.3463580799
14.339999999999627        478166.55594161875
14.36999999999963         496294.05489251117
14.39999999999963         346513.85111748835
14.429999999999634        316431.2135148132
14.459999999999635        283013.0758865848
14.489999999999636        260226.38888053983
14.51999999999964         289803.0661545023
14.54999999999964         334454.5356328528
14.57999999999964         301965.0251468581
14.609999999999644        344332.02230568236
14.639999999999645        276126.1188831154
14.669999999999648        262062.10380499772
14.699999999999646        225483.1354877368
14.72999999999965         164433.72998391255
14.759999999999652        290569.3142639985
14.789999999999653        444440.3836221714
14.819999999999654        402499.9472922358
14.849999999999657        403274.46887097653
14.879999999999658        462118.1145976009
14.909999999999663        453312.3710929593
14.939999999999662        379792.526648913
14.969999999999667        338291.3218760316
14.999999999999666        367879.36114554346
15.029999999999667        410180.4324322715
15.059999999999667        425746.35840034514
15.089999999999668        467077.2646776243
15.11999999999967         499587.60785256524
15.14999999999967         328360.9783152865
15.179999999999673        349144.14946323354
15.20999999999967         404508.58371937554
15.239999999999673        380571.1721142983
15.269999999999671        419189.57051606174
15.29999999999968         373938.4063959023
15.329999999999677        460672.0814218599
15.359999999999674        546080.5748053499
15.38999999999968         428066.90511112293
15.419999999999675        356668.7488107233
15.449999999999678        313789.7633913669
15.47999999999968         289011.32380086684
15.50999999999968         355324.5537062869
15.539999999999681        409472.68736715557
15.56999999999968         423537.50321586203
15.599999999999683        408631.6461367558
15.62999999999969         395669.2087587319
15.659999999999688        377999.7149113912
15.689999999999687        284068.6179972255
15.719999999999693        302545.9138933869
15.749999999999687        254760.4947935349
15.77999999999969         327042.3768408123
15.809999999999686        366758.71930374386
15.83999999999969         354753.2420759607
15.869999999999694        424930.68992027425
15.899999999999695        316370.7251141309
15.92999999999969         229698.6913904893
15.959999999999694        201130.47757320263
15.989999999999695        196650.96009502467
16.019999999999698        283596.57018091256
16.0499999999997          263143.9499549812
16.079999999999693        343317.1454338867
16.10999999999969         448827.4061198478
16.139999999999702        381796.90221098106
16.169999999999696        314132.5982229563
16.1999999999997          191663.31536101934
16.229999999999706        161143.31178611223
16.2599999999997          262559.25756966305
16.289999999999704        342177.5781541335
16.319999999999705        324361.09888460283
16.349999999999707        296903.06913704466
16.379999999999704        293006.28406650334
16.40999999999971         310259.09973059513
16.43999999999971         280708.6537868229
16.46999999999971         217259.82952453353
16.499999999999716        211354.4668077623
16.52999999999971         318360.6458163441
16.559999999999707        324519.5080068218
16.589999999999712        357231.49869212514
16.61999999999971         350914.7079234434
16.649999999999714        219267.0185324175
16.679999999999715        271260.8317282383
16.709999999999717        227313.1364840549
16.739999999999718        186287.36885710672
16.769999999999715        245332.68789601576
16.79999999999972         291652.11107314075
16.829999999999718        371310.8920077934
16.85999999999972         404576.286306069
16.889999999999723        321967.1613231111
16.919999999999714        271849.81480619597
16.949999999999726        214661.423854306
16.979999999999727        214949.11775484556
17.009999999999724        311864.8022223971
17.039999999999726        402038.0038431815
17.06999999999973         385561.1758340509
17.099999999999728        396860.3222200183
17.129999999999725        391728.0907104148
17.159999999999723        429154.2556483577
17.189999999999735        348291.0748814641
17.219999999999736        361376.0515176926
17.249999999999726        365768.2721769146
17.27999999999973         512850.7227282809
17.309999999999743        536045.5869501404
17.339999999999737        563971.0482316866
17.369999999999738        574688.9337286021
17.399999999999736        473490.9098458465
17.42999999999974         379956.09072836145
17.459999999999734        330767.78550302755
17.48999999999974         306146.40215778904
17.51999999999974         448483.4091704946
17.549999999999738        430192.1994722411
17.579999999999742        457987.24403595674
17.60999999999974         543116.9306321888
17.639999999999738        456850.20853413513
17.66999999999974         425154.64914845745
17.699999999999743        356625.04419233947
17.72999999999974         296946.1204014962
17.75999999999974         451867.426660296
17.789999999999747        527553.6957197316
17.819999999999744        441121.9471604627
17.84999999999975         457972.3289678926
17.87999999999975         386534.41531129874
17.909999999999748        401769.45738517144
17.939999999999753        358768.11029399716
17.969999999999754        304317.9019601951
17.99999999999975         411997.9175767562
18.02999999999976         562827.8413906362
18.059999999999757        704536.4358682256
18.089999999999755        711085.2565247265
18.119999999999745        687934.1589524449
18.149999999999757        547143.6223958437
18.179999999999758        534561.931201264
18.209999999999763        510932.0079971002
18.23999999999976         476225.0805786584
18.26999999999976         688241.4639929954
18.299999999999763        800642.3191137264
18.329999999999764        829901.3194335123
18.359999999999765        862616.8338307269
18.389999999999766        863484.4126114527
18.41999999999977         849020.1949287006
18.44999999999977         722320.6724383219
18.479999999999766        660839.2233439669
18.509999999999767        841900.6600014706
18.539999999999768        933086.2944205756
18.569999999999773        945557.7981771376
18.59999999999977         905719.2266677431
18.629999999999775        771111.1678411848
18.65999999999977         790900.7039394532
18.68999999999977         697941.0085399798
18.71999999999978         648292.8489108888
18.749999999999773        791571.5882249125
18.779999999999777        941941.7997036945
18.809999999999782        955104.5934994787
18.83999999999977         823406.3539625129
18.869999999999788        790463.7988092875
18.899999999999782        687377.1896976872
18.92999999999978         733301.6665123404
18.959999999999788        692773.674738448
18.98999999999978         656271.7934179736
19.019999999999783        877328.6906625672
19.049999999999788        870487.0050267666
19.079999999999785        874270.6790122036
19.109999999999783        885443.9769166308
19.13999999999979         803445.9584178608
19.16999999999979         778794.916758994
19.199999999999786        685592.816019032
19.229999999999787        564007.8387444894
19.259999999999792        854667.7334254612
19.28999999999979         973658.866053032
19.31999999999979         925849.9215127593
19.349999999999792        914742.9335742489
19.379999999999793        692817.8480021268
19.409999999999794        694347.764843337
19.439999999999795        643543.3474648375
19.46999999999979         604077.9401075952
19.499999999999797        647446.6175288806
19.529999999999795        864914.7405927079
19.559999999999796        964915.5131325135
19.589999999999794        881419.7116440908
19.61999999999981         865670.608544489
19.649999999999793        809324.9390613232
19.6799999999998          743363.0543512192
19.709999999999802        638672.5595784433
19.739999999999796        648771.3968425322
19.7699999999998          868021.5141987387
19.799999999999816        935897.8778584194
19.8299999999998          946059.9419962827
19.859999999999804        953713.035661169
19.889999999999816        887013.0611158127
19.919999999999806        782355.6509271162
19.949999999999807        658816.9307422609
19.979999999999816        546422.9058569369
20.009999999999806        735324.1575555794
20.039999999999804        870802.0763461672
20.069999999999812        796280.1547858018
20.099999999999817        874366.7713228898
20.12999999999981         650512.1618085777
20.15999999999982         782925.7283752648
20.189999999999817        706837.4017633192
20.21999999999982         628982.4781731875
20.24999999999982         695807.1807737221
20.279999999999816        782279.1525349278
20.309999999999825        719476.7833743813
20.339999999999826        833036.7660301499
20.36999999999982         761077.7970380397
20.39999999999982         675510.6935317694
20.429999999999822        526460.4472565751
20.459999999999823        370516.9482012552
20.489999999999828        368726.0139918307
20.519999999999825        518352.22425199824
20.549999999999827        496225.8990553335
20.579999999999824        482939.7488410962
20.60999999999983         460009.63707161765
20.639999999999834        411730.7644288907
20.669999999999824        401158.7170997134
20.699999999999832        398357.8646791751
20.729999999999837        273295.38999033556
20.75999999999983         497337.87781408516
20.789999999999832        509878.5123265054
20.819999999999837        498766.8296306501
20.849999999999824        583294.2702753949
20.87999999999984         437540.4643407655
20.909999999999837        513331.16948375845
20.93999999999983         460375.7124882878
20.969999999999835        367432.6648595835
20.999999999999844        382921.4526200769
21.029999999999834        393824.6953520949
21.059999999999842        475537.8637093362
21.089999999999844        483230.3842750773
21.119999999999834        477076.0903869538
21.14999999999983         408307.01538063446
21.179999999999843        399429.39243753976
21.20999999999984         323266.13238394
21.239999999999846        297297.52901186317
21.269999999999847        383611.40811462
21.29999999999984         368750.77939651516
21.329999999999842        429144.2423642897
21.35999999999985         414868.5042885839
21.389999999999844        403232.42396431795
21.419999999999845        355399.7986323606
21.449999999999854        302987.40385204734
21.479999999999848        198668.9130451435
21.50999999999985         229514.98938518655
21.539999999999857        255698.15302028653
21.569999999999855        233117.07180487565
21.599999999999852        262007.9591653822
21.629999999999857        164838.21917541855
21.65999999999986         224372.3488050287
21.689999999999856        168992.50771291432
21.71999999999987         132283.45727991042
21.74999999999986         140078.15448691967
21.77999999999986         130682.56910651503
21.809999999999864        182416.27292615367
21.83999999999986         165642.56779328763
21.86999999999987         123230.03146048276
21.899999999999867        101282.47056122107
21.929999999999865        85297.89412226142
21.959999999999866        32548.624408521013
21.989999999999867        32773.77740169147
22.019999999999868        34098.74475393666
22.04999999999987         38515.28116304879
22.079999999999867        74744.95602161133
22.10999999999987         69585.26831723211
22.13999999999987         65036.60679636954
22.169999999999877        29934.868538996267
22.199999999999875        21830.764027079764
22.229999999999873        19146.853063860937
22.259999999999877        24765.126030337324
22.28999999999988         16524.189280555744
22.319999999999872        12675.300185950964
22.34999999999988         26378.9473600282
22.379999999999875        9621.704041915216
22.409999999999886        27243.614403495594
22.43999999999988         19503.042638081075
22.469999999999885        9427.445710576896
22.499999999999883        5274.545080933141
22.52999999999988         5121.562114241757
22.55999999999989         8099.9620701334925
22.589999999999886        22050.82744384625
22.61999999999988         22022.634197061492
22.64999999999989         10407.437190945115
22.679999999999886        7187.203519414999
22.70999999999988         11071.965487840562
22.73999999999989         14248.353233918813
22.769999999999882        58533.213782560146
22.799999999999887        39604.508011070175
22.829999999999878        39522.93118901852
22.859999999999882        70702.6290872594
22.88999999999989         48135.41088503429
22.919999999999888        46472.41231789403
22.94999999999989         59076.65509738939
22.979999999999894        65021.51047127913
23.009999999999888        96505.58541026799
23.039999999999885        150867.56238681677
23.06999999999989         181217.54098165143
23.099999999999888        164753.56910175094
23.129999999999896        134371.98396445662
23.159999999999883        106363.10898979972
23.18999999999989         90366.82980105009
23.219999999999892        117155.78654186177
23.249999999999886        160040.11739713346
23.279999999999895        211051.05614324028
23.309999999999896        254234.16071957888
23.339999999999886        285063.2963369427
23.369999999999887        254286.7150453792
23.399999999999896        237663.80796052102
23.429999999999904        248034.60819073886
23.459999999999898        297580.9246695044
23.489999999999892        357491.08268608054
23.51999999999989         546061.2105963465
23.549999999999898        544939.3329983414
23.5799999999999          467855.9639405817
23.609999999999904        518908.1936276889
23.639999999999905        432080.11138152797
23.6699999999999          409989.5295635576
23.699999999999903        408557.1787853383
23.729999999999905        451685.1709321926
23.759999999999895        569551.0846168533
23.789999999999903        620636.8406856474
23.819999999999904        592256.7696371767
23.849999999999902        553528.0340834401
23.879999999999903        451545.977233088
23.909999999999894        390690.636128167
23.939999999999902        404094.84030690155
23.969999999999906        413919.8309547425
23.9999999999999          519567.3722554073
24.029999999999898        667429.3010148357
24.059999999999906        679306.3238088825
24.0899999999999          648163.0601060203
24.11999999999991         593761.0692015155
24.149999999999906        535130.6937687431
24.1799999999999          569702.2037897498
24.209999999999905        597356.2559122907
24.239999999999913        643461.760221471
24.269999999999907        899010.8910731793
24.299999999999905        1001810.1497564071
24.329999999999906        994782.2951346765
24.35999999999991         937528.7400652631
24.38999999999991         911387.7295442006
24.419999999999916        847459.3740585902
24.449999999999903        764086.3759616822
24.479999999999905        727615.5018169499
24.50999999999991         996701.8466376461
24.539999999999907        1245139.876762773
24.569999999999904        1236420.9351747176
24.59999999999991         1132543.0754876388
24.629999999999914        934574.3474297867
24.659999999999915        849425.4205495415
24.689999999999916        807937.3073822632
24.719999999999917        747770.9070399338
24.749999999999908        946967.1743175922
24.77999999999991         1217739.5502955313
24.80999999999992         1223313.2439051527
24.839999999999915        1199503.7183870592
24.869999999999923        1098160.0726093359
24.899999999999917        1100639.4695880718
24.929999999999918        1127503.3113903608
24.959999999999916        982935.3371386237
24.98999999999992         1017299.2271507247
25.01999999999991         1300104.1037685494
25.049999999999912        1447773.388919778
25.07999999999992         1425865.8541469409
25.109999999999918        1464366.3541461567
25.139999999999922        1417181.2270093379
25.169999999999924        1259442.6235764876
25.199999999999918        1108151.1008289626
25.22999999999992         941236.0523934197
25.259999999999923        1350684.1244251884
25.289999999999925        1590147.8157112412
25.31999999999991         1442178.4736500778
25.34999999999993         1418526.64200758
25.379999999999924        1204131.9012697162
25.409999999999926        1184240.2330195548
25.439999999999923        1098894.1392677764
25.469999999999924        1047764.3561866055
25.499999999999915        1206612.3199391125
25.52999999999993         1467919.6578941194
25.559999999999928        1494575.0990043469
25.589999999999925        1370872.4735896804
25.61999999999993         1304000.3936049694
25.649999999999938        1185040.6374944274
25.679999999999925        1256592.1184165822
25.70999999999993         1108066.6849448404
25.739999999999934        1201531.860503688
25.769999999999936        1381972.0038071705
25.79999999999993         1563871.6944614209
25.82999999999994         1556806.0509317569
25.85999999999993         1648240.2855243857
25.889999999999937        1635921.9925412864
25.919999999999938        1431233.8621849022
25.949999999999932        1220477.6722130044
25.97999999999993         998559.5926594989
26.009999999999934        1543214.1122715608
26.039999999999928        1781367.0635487654
26.069999999999936        1699515.966513199
26.09999999999994         1627604.5140988766
26.12999999999993         1426184.79543886
26.15999999999993         1463042.1597783272
26.189999999999934        1429191.5397689955
26.219999999999935        1318020.2543756685
26.24999999999994         1425994.793084288
26.27999999999994         1680386.670577953
26.309999999999935        1524296.5476253773
26.339999999999936        1732081.5822408558
26.369999999999937        1649886.160988687
26.39999999999994         1552738.1647253013
26.42999999999994         1566868.2526693079
26.459999999999937        1205179.1351885248
26.489999999999945        1216355.5046237584
26.51999999999994         1369927.8719282576
26.549999999999944        1437366.3612207898
26.579999999999945        1513005.2640416375
26.609999999999946        1526988.1686739319
26.639999999999947        1514850.7583879516
26.669999999999956        1485938.4434881406
26.699999999999946        1334069.5263653793
26.729999999999947        1121697.268316289
26.759999999999962        1521726.235077428
26.789999999999942        1460625.0593555977
26.819999999999947        1234412.8755534359
26.84999999999995         1368014.8949435048
26.879999999999953        1096015.824183517
26.909999999999954        1130362.3956403201
26.939999999999962        1088849.5100458504
26.96999999999995         895883.322688843
26.999999999999947        898803.0569878945
27.029999999999962        1117824.714012586
27.059999999999953        1206562.4685370605
27.08999999999995         1165444.0565359523
27.11999999999996         1154112.3273223515
27.149999999999956        1010691.7924393235
27.179999999999957        1070632.5559395482
27.20999999999996         740957.6793793709
27.23999999999996         776256.6380541859
27.26999999999995         896603.5585883976
27.299999999999958        949846.6763475827
27.329999999999963        1003000.0609732616
27.359999999999964        950057.8436621015
27.38999999999996         974411.5935491644
27.41999999999996         929557.7765980255
27.44999999999996         850916.1516623475
27.479999999999965        764769.9122932622
27.50999999999997         884072.0411087803
27.539999999999953        852187.2704074163
27.56999999999997         827845.6969963161
27.599999999999966        859271.0221179003
27.629999999999967        792544.3598537879
27.659999999999965        799897.0879710941
27.689999999999973        751115.5785519182
27.71999999999996         703083.2378520478
27.749999999999968        617831.7710888741
27.779999999999983        682469.7601914817
27.809999999999967        578588.5225270859
27.83999999999997         624693.8248874237
27.86999999999998         548395.8008500487
27.899999999999963        510366.87874135916
27.929999999999982        443215.7247494287
27.95999999999998         253847.8404012768
27.98999999999997         296260.78095426405
28.01999999999998         272184.4911129337
28.049999999999986        281037.61414966383
28.079999999999973        310821.98348919314
28.109999999999975        292309.01474495756
28.13999999999998         368741.3378117919
28.16999999999998         348696.7315668578
28.199999999999978        277560.13335441303
28.229999999999976        225491.30489811805
28.259999999999977        299266.09669283865
28.289999999999974        220661.86423361677
28.31999999999998         151437.9635626464
28.34999999999998         171367.88999743082
28.379999999999985        165794.16371845463
28.409999999999982        218544.8741144118
28.439999999999987        194271.34882413753
28.469999999999978        124957.26831280746
28.499999999999986        92695.83378976274
28.529999999999987        93899.45807464235
28.55999999999998         116509.63261299506
28.589999999999982        75700.69121789305
28.619999999999987        107773.43433623912
28.649999999999984        68596.17656328362
28.679999999999986        86840.96074608763
28.709999999999987        61672.833865770954
28.739999999999988        47772.31124080806
28.769999999999985        52880.96954952307
28.8                      43362.37728206373
28.82999999999999         46935.51714887218
28.859999999999992        44100.647721970076
28.889999999999993        79554.17083176775
28.919999999999987        80240.89692065709
28.949999999999992        103243.72788476592
28.98                     135748.68743423326
29.009999999999987        76242.02014081173
29.039999999999992        84475.38170081093
29.07                     43261.3666074434
29.099999999999994        54375.964695380746
29.129999999999992        84700.27779909165
29.16                     104668.3062351363
29.19                     123268.41293980717
29.219999999999995        84346.02958825376
29.25                     136646.59294865213
29.279999999999998        141000.68928038026
29.31                     113685.98259845149
29.340000000000003        92948.72869625803
29.370000000000005        62754.526872108654
29.4                      58194.75637501015
29.429999999999996        94406.51252607454
29.459999999999997        168214.49792362857
29.490000000000002        144709.7492788076
29.52                     214531.23998309154
29.550000000000004        234909.31317687873
29.580000000000005        129859.1821594539
29.610000000000003        114512.26652854723
29.640000000000015        133749.6431218202
29.67000000000001         181803.92391245568
29.700000000000006        130124.38103377479
29.730000000000004        189298.79602745455
29.760000000000005        209101.15747990092
29.790000000000013        283845.0431108634
29.82000000000002         283226.0420852223
29.85                     219048.07046821516
29.880000000000006        221653.36088667327
29.91000000000002         190383.85626434482
29.940000000000012        182574.5123979717
29.970000000000013        191989.43234385917
30                        266933.3965070331
