0                         1.3590815273553696E8
0.029999999998822604      1.3539036046688965E8
0.059999999998824285      1.3627165127433184E8
0.08999999999882596       1.3594308460459998E8
0.11999999999882759       1.360815380914157E8
0.14999999999882918       1.3565293201648623E8
0.17999999999883098       1.3544917604698402E8
0.20999999999883262       1.3588316461817098E8
0.23999999999883437       1.3615559187173805E8
0.2699999999988358        1.3458283043226004E8
0.29999999999883764       1.3650634948345688E8
0.32999999999883933       1.375716268303738E8
0.35999999999884086       1.3838552442832065E8
0.3899999999988426        1.3978442503725436E8
0.41999999999884424       1.403907014322062E8
0.449999999998846         1.411342766951809E8
0.47999999999884757       1.4002421880665016E8
0.5099999999988493        1.389343691265349E8
0.5399999999988506        1.39605496354209E8
0.5699999999988525        1.3928784587581444E8
0.5999999999988541        1.3876338966074923E8
0.629999999998856         1.399122353262949E8
0.6599999999988573        1.3823199101864338E8
0.6899999999988591        1.3890754353887004E8
0.7199999999988609        1.3812923896046126E8
0.7499999999988625        1.3876531561994478E8
0.7799999999988639        1.385554370876966E8
0.8099999999988657        1.3849665127178478E8
0.8399999999988674        1.3830035081581888E8
0.8699999999988692        1.3819344310383922E8
0.8999999999988705        1.3782627852916357E8
0.9299999999988723        1.3865178281777084E8
0.9599999999988736        1.3603909254891327E8
0.9899999999988754        1.3634115108754563E8
1.0199999999988774        1.3548552335295948E8
1.0499999999988792        1.3455613793463737E8
1.0799999999988807        1.333192331049659E8
1.1099999999988825        1.3293312183159485E8
1.139999999998884         1.3384738192804605E8
1.169999999998886         1.362017417078579E8
1.1999999999988875        1.3643234956502214E8
1.2299999999988893        1.3519921305854678E8
1.259999999998891         1.3345222360744199E8
1.2899999999988927        1.3240511536173378E8
1.319999999998894         1.335922910085546E8
1.349999999998896         1.3256265323965071E8
1.3799999999988977        1.3236998050336494E8
1.4099999999988995        1.3374159135463929E8
1.439999999998901         1.3574640628760275E8
1.4699999999989029        1.3482443547191957E8
1.4999999999989042        1.3286607064244705E8
1.5299999999989058        1.3293014319045822E8
1.5599999999989071        1.3326294946941854E8
1.5899999999989092        1.3370143350203612E8
1.6199999999989108        1.3248842623361604E8
1.6499999999989126        1.3143531939309259E8
1.6799999999989141        1.3343989260279255E8
1.709999999998916         1.2971375165746285E8
1.7399999999989175        1.2952892806798874E8
1.7699999999989193        1.2806851792975974E8
1.799999999998921         1.2762280127820194E8
1.8299999999989225        1.287793313363927E8
1.8599999999989243        1.2878057873976645E8
1.8899999999989259        1.2792655273777977E8
1.9199999999989275        1.2910462604668005E8
1.9499999999989295        1.3007381659350778E8
1.979999999998931         1.2898017731083633E8
2.0099999999989326        1.2672959092692627E8
2.039999999998934         1.2520587715119112E8
2.0699999999989362        1.2747642750074589E8
2.099999999998938         1.263976852066158E8
2.1299999999989394        1.2560636893205097E8
2.159999999998941         1.2690664993610995E8
2.1899999999989426        1.3008109965666127E8
2.2199999999989446        1.3098223574033399E8
2.249999999998947         1.2715341647799402E8
2.2799999999989473        1.2632331043884625E8
2.3099999999989507        1.2681113126791278E8
2.3399999999989514        1.2632448678923342E8
2.369999999998954         1.2419211688175993E8
2.3999999999989554        1.2265659891398548E8
2.429999999998957         1.2980444055272985E8
2.4599999999989595        1.2606255618646295E8
2.489999999998961         1.2712754646479459E8
2.519999999998962         1.2479205593674032E8
2.5499999999989633        1.2228325453892297E8
2.579999999998965         1.2122740851612997E8
2.6099999999989665        1.2172677238224378E8
2.6399999999989676        1.2236821454590052E8
2.6699999999989696        1.2494167770600596E8
2.6999999999989717        1.2728719948567438E8
2.7299999999989732        1.265244517840168E8
2.7599999999989757        1.2313820798758022E8
2.789999999998977         1.1952544921112278E8
2.8199999999989798        1.1912080680274169E8
2.84999999999898          1.1897796134877288E8
2.8799999999989816        1.1776970755734883E8
2.909999999998983         1.2083205246503921E8
2.939999999998985         1.2390128912137628E8
2.969999999998987         1.2529778129474168E8
2.999999999998988         1.2114426909015137E8
3.0299999999989904        1.180320271835092E8
3.059999999998992         1.1682660131256633E8
3.0899999999989936        1.165152320444287E8
3.119999999998995         1.1849855043112524E8
3.1499999999989967        1.1643913100338688E8
3.1799999999989987        1.2629997726591624E8
3.2099999999990008        1.2247336981271511E8
3.239999999999002         1.2200055649094538E8
3.269999999999005         1.1699178814502446E8
3.299999999999006         1.1461537710264948E8
3.329999999999008         1.1435186867897566E8
3.3599999999990082        1.1566676602105777E8
3.3899999999990102        1.159831673648997E8
3.4199999999990123        1.1725094769424422E8
3.449999999999014         1.2087785438285163E8
3.4799999999990154        1.2066929920269677E8
3.5099999999990175        1.1686107106525037E8
3.539999999999019         1.1405031112582241E8
3.5699999999990206        1.134984501769945E8
3.599999999999022         1.1488419935540432E8
3.629999999999024         1.1322796852951857E8
3.6599999999990263        1.1608025709233668E8
3.6899999999990274        1.1719613809743662E8
3.7199999999990294        1.1871129239688818E8
3.749999999999031         1.164052917687275E8
3.779999999999034         1.1303281625018182E8
3.809999999999034         1.1237930882425363E8
3.839999999999036         1.1020479138100062E8
3.8699999999990373        1.1407395560148375E8
3.8999999999990393        1.1080603319846502E8
3.929999999999041         1.2031119242678198E8
3.9599999999990425        1.1934607037461515E8
3.9899999999990445        1.2014777430825697E8
4.019999999999046         1.1403059337657192E8
4.049999999999049         1.1015195637302075E8
4.079999999999051         1.0939514942409848E8
4.109999999999053         1.1005908602216776E8
4.139999999999053         1.0996380349569894E8
4.169999999999055         1.1061060748197532E8
4.199999999999056         1.1460173464275815E8
4.22999999999906          1.1568500978532843E8
4.259999999999061         1.1547460353966936E8
4.289999999999062         1.1283391441377436E8
4.319999999999063         1.1059861787586367E8
4.3499999999990635        1.1110171176999389E8
4.379999999999068         1.0890840617123449E8
4.4099999999990676        1.1024609059874226E8
4.43999999999907          1.1105423840088037E8
4.469999999999073         1.1303612077710345E8
4.499999999999072         1.1201829292114142E8
4.529999999999076         1.0751794495318955E8
4.559999999999077         1.0708784923691644E8
4.589999999999078         1.0514881585848092E8
4.61999999999908          1.0972259775805393E8
4.649999999999083         1.0466301766323844E8
4.679999999999083         1.105935873611709E8
4.709999999999085         1.0985108398457068E8
4.739999999999086         1.1213605920092066E8
4.76999999999909          1.0664402361377864E8
4.799999999999091         1.0347705366576847E8
4.829999999999093         1.0200712498702665E8
4.8599999999990935        1.0206604167510283E8
4.889999999999096         1.0128698310646506E8
4.919999999999097         1.0097712521354714E8
4.9499999999991005        1.0275896672770372E8
4.9799999999991           1.0331792220955627E8
5.009999999999104         1.0484640736206439E8
5.039999999999104         1.033193930958408E8
5.069999999999104         1.013131480134439E8
5.099999999999107         1.0168149209671172E8
5.129999999999109         9.927829371127596E7
5.15999999999911          1.0026955049137895E8
5.189999999999114         9.815354705329363E7
5.219999999999115         1.0188371992996149E8
5.249999999999116         1.029925070471966E8
5.279999999999118         1.0130786687667595E8
5.30999999999912          1.0107995615477356E8
5.339999999999122         9.826292600302295E7
5.369999999999122         1.0073301902984819E8
5.3999999999991255        9.714979867521012E7
5.429999999999128         9.88122347141031E7
5.459999999999127         9.902388055664903E7
5.48999999999913          1.0041051030831133E8
5.519999999999133         9.697507994914746E7
5.549999999999134         9.550283290610135E7
5.579999999999134         9.38913017856089E7
5.609999999999136         9.50389026130169E7
5.639999999999139         9.437655339883527E7
5.669999999999142         9.292527931758668E7
5.699999999999142         9.413662565872253E7
5.729999999999144         9.478749931057568E7
5.759999999999145         9.75659375041591E7
5.7899999999991465        9.724425323454264E7
5.8199999999991485        9.601605345305456E7
5.8499999999991505        9.410332925237978E7
5.87999999999915          9.222558171992315E7
5.909999999999155         9.247212610148858E7
5.939999999999153         8.91178851686343E7
5.969999999999159         9.088298125051437E7
5.999999999999158         9.107102635274015E7
6.029999999999161         9.178631541490054E7
6.059999999999163         9.09393385643857E7
6.089999999999163         8.958562930844368E7
6.119999999999166         9.174983504564561E7
6.149999999999168         9.064419993428916E7
6.179999999999169         8.790497658055088E7
6.20999999999917          8.801224589199664E7
6.2399999999991715        8.726571420602714E7
6.2699999999991745        8.522980126328495E7
6.2999999999991765        8.571326644188587E7
6.329999999999176         8.471018919195645E7
6.359999999999178         8.672467371739563E7
6.389999999999181         8.647879327549964E7
6.419999999999183         8.539070404991615E7
6.449999999999182         8.424860850755277E7
6.479999999999187         8.348342420870894E7
6.509999999999186         8.66325778119036E7
6.539999999999192         8.751551588486406E7
6.56999999999919          8.792378073658656E7
6.599999999999193         8.516147210085608E7
6.629999999999195         8.506347344822633E7
6.6599999999991955        8.40374522835242E7
6.689999999999197         8.15927186604796E7
6.7199999999991995        8.266957814903852E7
6.7499999999992015        8.107897495135564E7
6.7799999999992036        8.108020179691817E7
6.809999999999203         8.147860823496471E7
6.839999999999207         8.118362973276609E7
6.8699999999992105        8.083631171338478E7
6.89999999999921          8.166468552205978E7
6.92999999999921          8.092000491890852E7
6.959999999999214         7.821052554700203E7
6.989999999999217         7.640218640281834E7
7.019999999999217         7.640618526901838E7
7.049999999999217         7.637134251019466E7
7.0799999999992185        7.670550546731837E7
7.109999999999224         7.610444486837167E7
7.139999999999222         7.708816170368654E7
7.169999999999222         7.701122690646064E7
7.199999999999227         7.473830347370796E7
7.229999999999227         7.430003667654485E7
7.25999999999923          7.526020135333996E7
7.28999999999923          7.520762909054254E7
7.319999999999235         7.577617243831694E7
7.349999999999235         7.374101362479123E7
7.379999999999236         7.400898021145928E7
7.409999999999237         7.434390218505354E7
7.439999999999242         7.113540682817867E7
7.469999999999242         7.158495861891808E7
7.499999999999241         6.933955375554797E7
7.529999999999244         6.851185190306427E7
7.559999999999244         6.900935252911457E7
7.589999999999248         6.947404795473967E7
7.619999999999248         6.618145222634749E7
7.649999999999251         6.729409061671802E7
7.679999999999251         6.869641985063328E7
7.709999999999254         6.67059274413422E7
7.739999999999254         6.428113175219272E7
7.769999999999258         6.425883556637425E7
7.799999999999257         6.3558118081858285E7
7.829999999999261         6.429213779350094E7
7.85999999999926          6.293179130502647E7
7.889999999999264         6.52639252255345E7
7.919999999999268         6.700048215798442E7
7.94999999999927          6.6951897532491714E7
7.97999999999927          6.4714957699853264E7
8.009999999999271         6.408272281492899E7
8.039999999999274         6.281475540291196E7
8.069999999999274         6.386920698512355E7
8.099999999999278         6.287001512749386E7
8.129999999999278         6.08778238164296E7
8.159999999999277         6.262383105269715E7
8.189999999999282         6.3320485226523995E7
8.219999999999281         6.115417205065686E7
8.249999999999284         5.931313473143766E7
8.279999999999287         5.817069966711814E7
8.309999999999288         5.699116846269184E7
8.339999999999291         5.774724953187661E7
8.36999999999929          5.6659343997807264E7
8.399999999999295         5.6724128078606054E7
8.429999999999295         5.922395152121478E7
8.459999999999297         5.7251273269481674E7
8.489999999999299         5.475509606264555E7
8.519999999999305         5.411371608541956E7
8.5499999999993           5.213080753927562E7
8.579999999999302         5.243497292764802E7
8.609999999999305         5.270353222576613E7
8.639999999999304         5.2952421625258245E7
8.669999999999312         5.386998311682382E7
8.699999999999308         5.552301690514817E7
8.729999999999311         5.386853780708217E7
8.759999999999316         5.151796672319768E7
8.789999999999315         4.965364426245205E7
8.819999999999318         4.970973088118723E7
8.849999999999321         5.022256214930044E7
8.879999999999324         4.851561895104261E7
8.909999999999322         4.9499972703418486E7
8.939999999999324         5.232446245503281E7
8.969999999999327         5.045839060006952E7
8.999999999999329         4.8725052812893026E7
9.029999999999326         4.741328438524009E7
9.059999999999333         4.588552447340502E7
9.08999999999933          4.587281249179494E7
9.119999999999333         4.640694491351761E7
9.149999999999338         4.482713056833604E7
9.17999999999934          4.79638820495599E7
9.209999999999338         4.786016940924242E7
9.239999999999341         4.647687790222125E7
9.269999999999342         4.528499943321072E7
9.299999999999343         4.2460881736784466E7
9.329999999999345         4.31492148714527E7
9.35999999999935          4.37075260887777E7
9.389999999999347         4.238975999428832E7
9.41999999999935          4.405284911198941E7
9.449999999999353         4.557289378414992E7
9.479999999999356         4.590275529343766E7
9.509999999999353         4.429936974479004E7
9.539999999999356         4.205838299922164E7
9.569999999999359         4.01837862121187E7
9.59999999999936          4.098973105017535E7
9.629999999999367         3.9618747635761045E7
9.65999999999937          4.0285538755717404E7
9.689999999999364         4.246824642747502E7
9.71999999999937          4.198007782862915E7
9.749999999999371         4.17208778004224E7
9.779999999999372         4.007736667740059E7
9.809999999999373         3.799921976608425E7
9.839999999999373         3.801145566114271E7
9.86999999999937          3.876968838983607E7
9.899999999999377         3.667126319843483E7
9.92999999999938          3.8361713607392564E7
9.959999999999383         3.956991090265262E7
9.989999999999386         3.822469830809777E7
10.019999999999387        3.675860999559463E7
10.049999999999386        3.511335671806647E7
10.079999999999389        3.5072687986472294E7
10.10999999999939         3.545698793329709E7
10.139999999999393        3.3272738474785518E7
10.169999999999392        3.405824973220645E7
10.199999999999395        3.571685350951377E7
10.229999999999393        3.640140274891898E7
10.259999999999396        3.487492021121101E7
10.289999999999399        3.379822465826828E7
10.319999999999405        3.1893770224442843E7
10.349999999999403        3.278428267469461E7
10.379999999999402        3.2160524995646033E7
10.409999999999409        3.03512801262804E7
10.43999999999941         3.1696560762936965E7
10.46999999999941         3.218930669448326E7
10.499999999999416        3.156887103452601E7
10.529999999999413        3.0617592077665687E7
10.55999999999942         2.966419773097171E7
10.58999999999942         2.7853755237965725E7
10.619999999999422        2.8511604249426298E7
10.64999999999942         2.7272355579872165E7
10.679999999999424        2.7313229145984516E7
10.709999999999425        2.884175918499877E7
10.739999999999425        2.9221988749619845E7
10.769999999999428        2.8367629892126825E7
10.799999999999429        2.759580348883084E7
10.82999999999943         2.621468695588648E7
10.859999999999431        2.6621008890764486E7
10.889999999999437        2.6136662142640464E7
10.919999999999437        2.486418808000618E7
10.949999999999434        2.5499681966669664E7
10.97999999999944         2.73366905330811E7
11.00999999999944         2.703774391143152E7
11.039999999999441        2.62131565978179E7
11.069999999999444        2.495012196122789E7
11.099999999999444        2.5214512954267897E7
11.12999999999945         2.5088064195098512E7
11.15999999999945         2.301440045569536E7
11.18999999999945         2.3011751025465388E7
11.219999999999452        2.4148456401856713E7
11.249999999999451        2.485235340953106E7
11.279999999999458        2.3765630787141293E7
11.309999999999457        2.3777773984032944E7
11.339999999999458        2.1167815654651176E7
11.369999999999461        2.1301538060084566E7
11.399999999999464        2.0460100272801545E7
11.429999999999467        1.9068498272395384E7
11.45999999999947         1.980886072804591E7
11.489999999999466        2.0603663359030955E7
11.519999999999465        2.0633807668558527E7
11.549999999999475        2.0934613332630273E7
11.579999999999474        2.022550504192961E7
11.609999999999472        1.9824534851704996E7
11.639999999999478        1.926247099793224E7
11.669999999999476        1.7687426441124603E7
11.699999999999482        1.743101742839709E7
11.729999999999482        1.78953075807561E7
11.759999999999483        1.810040206109218E7
11.789999999999486        1.8128843390485685E7
11.819999999999485        1.8003075297916844E7
11.849999999999488        1.7592888129672714E7
11.879999999999491        1.791856684482319E7
11.90999999999949         1.7436598781616263E7
11.939999999999491        1.6091739315089505E7
11.969999999999496        1.6343853631684707E7
11.999999999999497        1.7133620729902726E7
12.029999999999504        1.6404170023161393E7
12.059999999999498        1.677863246862914E7
12.089999999999502        1.5480105260228211E7
12.119999999999504        1.5322261836584581E7
12.149999999999508        1.5057246234434363E7
12.179999999999506        1.3744761049396047E7
12.209999999999507        1.3623836722219096E7
12.239999999999512        1.422548091883664E7
12.269999999999511        1.4444726925924506E7
12.299999999999512        1.4536337208404364E7
12.329999999999513        1.450843330536169E7
12.35999999999952         1.3469792198213192E7
12.38999999999952         1.2954743166034905E7
12.419999999999522        1.2257629958642866E7
12.449999999999521        1.1864052107662974E7
12.47999999999952         1.1506504417592565E7
12.509999999999525        1.2014842880036E7
12.539999999999528        1.2092138941528955E7
12.569999999999526        1.2641986517643733E7
12.599999999999534        1.1553254727096349E7
12.629999999999532        1.1388923855996087E7
12.659999999999535        1.1819607963303212E7
12.689999999999536        1.0571983386310726E7
12.719999999999539        9948518.374584205
12.749999999999533        1.067814492444038E7
12.77999999999954         1.0059978581662651E7
12.809999999999542        1.036238804345148E7
12.839999999999549        1.0250257767808741E7
12.869999999999548        9761506.048245162
12.899999999999546        9632513.851588892
12.929999999999549        9003182.80082443
12.959999999999551        8602046.7425444
12.989999999999554        8918575.94390415
13.019999999999555        9218426.963738663
13.049999999999558        9138571.50514457
13.079999999999558        9338456.196818337
13.109999999999555        8322275.46370392
13.139999999999562        8185365.377364365
13.169999999999565        7661787.855120421
13.199999999999562        6760723.5041290615
13.229999999999562        6005291.644879958
13.259999999999568        6452934.209310477
13.28999999999957         6481723.161543142
13.319999999999572        6517321.2206919715
13.349999999999572        6271042.7879095
13.379999999999578        6349832.663885598
13.409999999999576        6752813.40877563
13.439999999999579        5895927.177817293
13.469999999999583        5283829.012144984
13.499999999999586        5436207.09769005
13.529999999999582        5377984.718183639
13.559999999999585        4971024.67051291
13.589999999999586        4968101.558853251
13.619999999999585        4761452.806184758
13.649999999999592        5031958.300037541
13.67999999999959         5067039.25293608
13.709999999999592        4891447.400916626
13.739999999999597        4391441.749785392
13.7699999999996          4521159.305144991
13.799999999999597        4127410.6748357946
13.829999999999602        3938685.6510766977
13.859999999999602        3487734.8757919567
13.889999999999604        3682932.625309599
13.919999999999602        3412072.189687298
13.949999999999608        3021165.4817590117
13.979999999999604        2571711.4134635194
14.009999999999607        2388353.921515412
14.03999999999961         2405780.117197472
14.069999999999618        2262848.016521182
14.09999999999961         2219601.2388021033
14.129999999999615        2242447.4709490794
14.159999999999618        2465828.2500964673
14.189999999999616        2426192.870896958
14.219999999999619        2173751.532190252
14.249999999999623        1767308.8248397785
14.279999999999623        1947311.0715797094
14.309999999999631        1696555.8355015074
14.339999999999629        1622182.4206445639
14.36999999999963         1528576.5032628155
14.399999999999634        1599777.773254264
14.429999999999636        1986953.2421772277
14.459999999999635        1739871.8798865774
14.489999999999636        1470709.248800078
14.519999999999637        1343698.2765099045
14.549999999999642        1075013.1767406827
14.579999999999641        1103820.9630541604
14.609999999999644        991920.5249606746
14.639999999999649        884820.2915164173
14.669999999999645        883754.3118044399
14.699999999999648        927943.1314567049
14.72999999999965         907946.1401248481
14.75999999999965         679091.8305118342
14.789999999999653        585739.2561514375
14.819999999999656        543037.9787573151
14.849999999999657        523453.77485696255
14.879999999999658        452226.5933259761
14.909999999999663        367877.56905104767
14.939999999999662        539440.70886183
14.969999999999667        527137.246773483
14.999999999999666        265908.1975406188
15.029999999999667        253703.23966024385
15.05999999999967         154134.37088813138
15.089999999999668        161088.12302130216
15.11999999999967         153888.87572297503
15.14999999999967         107149.99142174418
15.179999999999673        261138.0629282113
15.20999999999968         230755.75611172259
15.239999999999673        183643.36773747564
15.269999999999675        119685.14296061848
15.299999999999683        74969.28483249855
15.329999999999677        29873.56805098501
15.359999999999678        51377.59876050459
15.38999999999968         64808.87363242984
15.41999999999968         68879.17697020994
15.449999999999683        147554.96977934852
15.47999999999968         167672.78133142763
15.50999999999968         193344.8993081557
15.539999999999685        166620.52253960085
15.569999999999677        167069.50140169702
15.599999999999683        235446.2860924487
15.62999999999969         177230.2209727395
15.659999999999688        216183.8663782657
15.689999999999687        163245.58067156345
15.719999999999693        274847.46174898825
15.749999999999687        367719.20859557175
15.77999999999969         259542.86427663857
15.809999999999693        406739.66174162936
15.839999999999687        369033.18274998036
15.869999999999694        403049.1221143303
15.899999999999695        394734.4727703955
15.929999999999694        303773.5764077236
15.959999999999697        306887.4205800485
15.989999999999695        431545.96685026947
16.019999999999698        550269.6624051936
16.04999999999969         622187.8327576829
16.079999999999693        702470.4174761856
16.109999999999697        701451.9970503566
16.139999999999702        834456.0330738775
16.169999999999703        791134.15351826
16.1999999999997          717803.3533253403
16.229999999999702        795450.6856683304
16.2599999999997          935639.5385075227
16.2899999999997          1233197.8218097386
16.319999999999702        1361804.7196518292
16.349999999999707        1414862.4983712868
16.379999999999708        1464844.050003977
16.409999999999712        1592081.2229280109
16.43999999999971         1348785.6216803868
16.46999999999971         1436605.6896782813
16.49999999999971         1633238.8269545417
16.52999999999971         1839020.4194698625
16.559999999999707        2121195.5971805747
16.589999999999716        2294067.990073697
16.619999999999713        2404610.9393262556
16.649999999999707        2509651.118780715
16.67999999999972         2532042.3005720754
16.709999999999717        2241052.4957579714
16.739999999999714        2392171.17280505
16.76999999999972         2748457.867074845
16.799999999999716        3094625.5181300524
16.829999999999714        3328134.3153400635
16.859999999999722        3006713.3393925345
16.88999999999972         3400801.1444670246
16.919999999999714        3387448.1927223816
16.949999999999722        3330204.7503626235
16.979999999999727        3298723.5040581953
17.00999999999972         3370686.550211455
17.039999999999722        4003801.753215238
17.069999999999727        3965896.31254519
17.09999999999972         3986304.486946154
17.12999999999973         4347078.170958515
17.159999999999727        4634541.226336799
17.189999999999724        4643653.199800034
17.219999999999736        4645571.751630629
17.249999999999734        4435023.786919162
17.27999999999973         5036709.58771394
17.30999999999973         5121970.197348451
17.339999999999737        5299686.551964414
17.369999999999738        5475013.842517976
17.399999999999732        5603289.036137514
17.429999999999744        5737098.628423476
17.459999999999734        5698325.467512079
17.489999999999736        5432957.141127256
17.519999999999737        5854249.896975853
17.549999999999734        6324880.158399684
17.57999999999974         6334027.078924224
17.60999999999974         6236890.817357383
17.639999999999738        6974011.649089309
17.66999999999974         7161705.929363161
17.69999999999975         7473056.182953144
17.729999999999745        7321843.817311795
17.759999999999746        6780096.556061773
17.789999999999743        7287803.005444779
17.819999999999744        7693651.409392681
17.849999999999746        7998864.543152515
17.879999999999747        8333772.75009893
17.909999999999748        8553026.262766598
17.939999999999763        8966739.724196285
17.96999999999975         9222660.883009918
17.99999999999975         8325222.982979108
18.02999999999975         9059466.312876219
18.059999999999754        9081902.401246166
18.089999999999755        9403669.879477546
18.119999999999756        9755155.801085044
18.149999999999753        1.0170880295114486E7
18.179999999999758        1.0966296974515073E7
18.209999999999763        1.1208307525238173E7
18.239999999999757        1.0883068397296872E7
18.26999999999976         1.0702930348975573E7
18.299999999999763        1.0682412990748256E7
18.32999999999976         1.084542793192747E7
18.35999999999976         1.131575206176566E7
18.389999999999766        1.1568484480449552E7
18.41999999999977         1.243113211341527E7
18.44999999999977         1.2768634008053593E7
18.47999999999976         1.2895925440897893E7
18.50999999999977         1.2343629739092808E7
18.539999999999768        1.1980409410557188E7
18.569999999999766        1.2523877717045436E7
18.599999999999763        1.2760333315541215E7
18.629999999999768        1.2952266229909971E7
18.659999999999773        1.3454485563589636E7
18.689999999999774        1.456730383904413E7
18.71999999999977         1.4911246652944656E7
18.74999999999977         1.4379817171081679E7
18.779999999999777        1.4125372259754203E7
18.809999999999782        1.3827792747589506E7
18.839999999999772        1.4635839410569472E7
18.869999999999777        1.465734133186268E7
18.899999999999785        1.517426888032561E7
18.929999999999776        1.6606382508186344E7
18.95999999999978         1.740356929596551E7
18.989999999999778        1.7421465140153542E7
19.01999999999978         1.6778821357474897E7
19.04999999999979         1.648144190191194E7
19.079999999999785        1.643364960929526E7
19.109999999999776        1.7057561915238142E7
19.139999999999787        1.678611609652034E7
19.16999999999979         1.82609955075253E7
19.199999999999783        1.9719773969552726E7
19.22999999999979         1.9415477470100466E7
19.259999999999796        1.9511466189936686E7
19.289999999999782        1.8658058332212415E7
19.319999999999787        1.92367823541751E7
19.349999999999795        2.0020125878188126E7
19.37999999999979         2.0070966837848194E7
19.40999999999979         2.067834288187209E7
19.4399999999998          2.197610024574644E7
19.469999999999786        2.191715637953191E7
19.499999999999794        2.1722219382136557E7
19.529999999999795        2.1376398202212635E7
19.559999999999793        2.1222898642272625E7
19.5899999999998          2.2315921044474088E7
19.619999999999802        2.2370267836284347E7
19.649999999999796        2.2584956966099054E7
19.679999999999794        2.382043693615517E7
19.709999999999813        2.5462850617700994E7
19.739999999999803        2.5129199139618494E7
19.7699999999998          2.420058747942635E7
19.799999999999812        2.4482319592634413E7
19.829999999999803        2.434952027766321E7
19.859999999999804        2.512490289794213E7
19.889999999999812        2.4626355439474918E7
19.91999999999981         2.59648225882781E7
19.94999999999981         2.7496340532879785E7
19.979999999999816        2.7420828080129765E7
20.009999999999806        2.778235689192581E7
20.03999999999981         2.6687270404244915E7
20.069999999999816        2.716843505532663E7
20.09999999999981         2.80325719623833E7
20.12999999999981         2.7577857786092233E7
20.159999999999823        2.8582951570195016E7
20.189999999999813        2.991403991414175E7
20.219999999999818        3.0016322566994336E7
20.249999999999815        3.0747255352257513E7
20.279999999999816        2.999229972067565E7
20.30999999999982         2.9931611230512775E7
20.33999999999983         3.082559803178522E7
20.369999999999816        3.091752049529886E7
20.399999999999814        3.1187564557057653E7
20.429999999999826        3.285898085102299E7
20.459999999999823        3.365130011685783E7
20.489999999999817        3.467727807193209E7
20.519999999999822        3.3266936565299083E7
20.549999999999827        3.3175623171341266E7
20.579999999999824        3.305532502476107E7
20.609999999999822        3.380219661289179E7
20.639999999999837        3.2997647841475025E7
20.66999999999983         3.389800522112941E7
20.699999999999832        3.502456673598223E7
20.729999999999837        3.617591599036154E7
20.759999999999827        3.696694317202612E7
20.789999999999836        3.653401772540078E7
20.819999999999837        3.624341545740731E7
20.849999999999827        3.746475448997815E7
20.87999999999984         3.686546723165694E7
20.90999999999984         3.7708353197257206E7
20.939999999999834        3.8579629318462096E7
20.96999999999983         3.865653299455024E7
20.999999999999837        4.010027001045328E7
21.029999999999838        3.971240381923391E7
21.05999999999984         3.995929837451625E7
21.08999999999984         4.002453169279629E7
21.119999999999845        4.053875732213159E7
21.149999999999846        4.058839625655048E7
21.17999999999985         4.116423695892508E7
21.209999999999837        4.194083018164555E7
21.239999999999842        4.269425208604658E7
21.26999999999985         4.194898516516265E7
21.29999999999984         4.256673284043882E7
21.329999999999842        4.203568646901106E7
21.359999999999857        4.279762685377801E7
21.389999999999844        4.284485705196693E7
21.41999999999985         4.268744452277792E7
21.44999999999985         4.3678257254326195E7
21.479999999999848        4.490087176690166E7
21.509999999999856        4.519339846084223E7
21.539999999999853        4.5995289588274635E7
21.569999999999855        4.5450691921745956E7
21.59999999999986         4.617510116815683E7
21.629999999999853        4.6780025946104825E7
21.65999999999986         4.692498694583844E7
21.689999999999852        4.682447640723146E7
21.719999999999857        4.778518902279231E7
21.74999999999986         5.0009036947777845E7
21.77999999999986         5.007844327501176E7
21.809999999999864        5.162306300569869E7
21.83999999999986         5.054150702429932E7
21.86999999999986         5.14282463451408E7
21.899999999999864        5.181624665299922E7
21.929999999999865        5.0735581071692124E7
21.959999999999862        5.136594058858432E7
21.989999999999867        5.2271320437130645E7
22.019999999999868        5.2827033465195276E7
22.049999999999866        5.333633657940889E7
22.079999999999867        5.344293880468374E7
22.10999999999987         5.305865496503099E7
22.139999999999866        5.462636153340518E7
22.169999999999877        5.447191092910825E7
22.19999999999987         5.401963737043718E7
22.22999999999987         5.609561533058592E7
22.259999999999874        5.6391224150926456E7
22.28999999999988         5.763339128072644E7
22.319999999999872        5.762755965670106E7
22.34999999999988         5.679178839522179E7
22.379999999999878        5.74966810258057E7
22.409999999999886        5.73508543250773E7
22.439999999999884        5.67846742796457E7
22.46999999999988         5.76502707898719E7
22.49999999999989         5.896331763300745E7
22.529999999999887        5.91193063511932E7
22.559999999999885        6.125909771012537E7
22.58999999999989         6.07092221629659E7
22.61999999999989         6.206069908832309E7
22.64999999999989         6.21329383545232E7
22.679999999999886        6.106184717141738E7
22.709999999999884        6.15058860648366E7
22.73999999999989         6.182378957211316E7
22.769999999999886        6.352567099879765E7
22.799999999999887        6.394331495660179E7
22.829999999999888        6.464676260966175E7
22.859999999999882        6.438153814762982E7
22.889999999999887        6.550442734457032E7
22.919999999999888        6.493727888708068E7
22.949999999999886        6.41092989169712E7
22.97999999999988         6.508176344306304E7
23.0099999999999          6.484735128638434E7
23.039999999999885        6.644188979018905E7
23.069999999999887        6.719366272206458E7
23.09999999999989         6.660221208554925E7
23.129999999999892        6.798428255707091E7
23.159999999999886        6.88875592688186E7
23.189999999999895        6.985823391655856E7
23.219999999999892        7.00797543660683E7
23.24999999999989         7.02249001078425E7
23.279999999999895        7.121849810528962E7
23.309999999999896        7.23450527375185E7
23.339999999999886        7.26207069066415E7
23.369999999999894        7.31593542587999E7
23.3999999999999          7.288089585735355E7
23.42999999999989         7.338625491972451E7
23.459999999999898        7.370296601805149E7
23.4899999999999          7.282435909184669E7
23.5199999999999          7.335297780117649E7
23.54999999999989         7.333597291570818E7
23.579999999999902        7.38313775643127E7
23.609999999999904        7.401401574539869E7
23.639999999999898        7.48200511984807E7
23.669999999999895        7.54226943222251E7
23.699999999999903        7.535447645404671E7
23.729999999999905        7.524728406465209E7
23.759999999999902        7.439086726908174E7
23.789999999999903        7.477072836328828E7
23.819999999999897        7.501704519533654E7
23.849999999999905        7.53833184214023E7
23.879999999999903        7.691016483803445E7
23.909999999999894        7.852531231143744E7
23.939999999999912        8.010980780628692E7
23.969999999999903        7.984270248099545E7
23.999999999999904        7.833315835646981E7
24.029999999999905        7.892374511633834E7
24.05999999999991         7.909382915340725E7
24.089999999999907        7.970577988393229E7
24.1199999999999          8.021840746801959E7
24.14999999999991         8.154855736034945E7
24.179999999999907        8.323963525842717E7
24.20999999999991         8.49406443863513E7
24.239999999999903        8.30845717386032E7
24.2699999999999          8.140504206287663E7
24.29999999999991         8.247994133445346E7
24.32999999999991         8.284522980745454E7
24.359999999999907        8.37708016377249E7
24.389999999999908        8.415676719709115E7
24.419999999999916        8.580063830888636E7
24.449999999999903        8.698528050663915E7
24.479999999999908        8.612068474311168E7
24.50999999999991         8.432687555196916E7
24.53999999999991         8.35469789846018E7
24.569999999999904        8.466517850427489E7
24.599999999999905        8.521156516765474E7
24.629999999999917        8.644927674557616E7
24.65999999999991         8.879980454379429E7
24.689999999999912        9.138271596559484E7
24.719999999999924        9.171421749236888E7
24.749999999999915        8.984858027779563E7
24.779999999999912        8.86489092377181E7
24.80999999999992         8.700056691199328E7
24.839999999999918        8.84731452468538E7
24.869999999999923        8.787364467898576E7
24.89999999999992         8.947059177447826E7
24.92999999999991         9.24620881154324E7
24.95999999999992         9.424763845346658E7
24.989999999999924        9.265034713608487E7
25.01999999999991         9.013961518394208E7
25.04999999999992         8.947136869073173E7
25.07999999999992         8.95372660580617E7
25.109999999999918        9.102942975392836E7
25.139999999999922        9.068262469623528E7
25.169999999999927        9.401284514718503E7
25.199999999999918        9.63398036525342E7
25.22999999999992         9.568169929632255E7
25.259999999999923        9.373041371853657E7
25.28999999999992         9.184488887010336E7
25.31999999999991         9.253536233075891E7
25.349999999999923        9.436209404296662E7
25.379999999999924        9.455009328418323E7
25.409999999999926        9.725714774397092E7
25.43999999999993         1.0150203097689855E8
25.469999999999928        1.0258667815236121E8
25.499999999999922        1.0064859909084114E8
25.529999999999923        9.962025936526223E7
25.559999999999935        9.702452667004704E7
25.58999999999992         9.927511631372128E7
25.619999999999926        9.921075968836364E7
25.649999999999924        1.0045629740340403E8
25.679999999999925        1.0390606779704496E8
25.70999999999993         1.0655553107799904E8
25.739999999999938        1.0638988970086579E8
25.76999999999993         1.0273258874015619E8
25.799999999999923        1.0094031205684431E8
25.82999999999994         1.0016759891744646E8
25.85999999999993         1.0105134618829224E8
25.889999999999933        9.999154427987562E7
25.919999999999934        1.0292626426062185E8
25.949999999999932        1.0618036596797845E8
25.97999999999993         1.066741196876881E8
26.00999999999994         1.0527461335846795E8
26.039999999999928        1.0261237171208936E8
26.069999999999933        1.0192020974671784E8
26.09999999999994         1.0400305320774658E8
26.12999999999993         1.0207179572626449E8
26.159999999999936        1.0498095778183009E8
26.18999999999994         1.0834446309330197E8
26.219999999999935        1.083630619608031E8
26.249999999999932        1.085464804895938E8
26.279999999999944        1.0786815442109E8
26.30999999999994         1.0568930518944956E8
26.33999999999994         1.0697916637067455E8
26.369999999999937        1.0563702856937644E8
26.39999999999994         1.0506013605624E8
26.429999999999932        1.1080225785249063E8
26.45999999999994         1.1160252129939863E8
26.489999999999945        1.1381583882644321E8
26.519999999999943        1.1012357490562584E8
26.54999999999994         1.0828924224728155E8
26.57999999999995         1.0918082741809206E8
26.60999999999994         1.1055980773161228E8
26.639999999999944        1.093308079917488E8
26.669999999999945        1.107479046958128E8
26.69999999999995         1.1359083751121594E8
26.72999999999995         1.1420795529099198E8
26.759999999999945        1.1461640967637816E8
26.789999999999942        1.1242924808437099E8
26.81999999999995         1.1145396688858342E8
26.849999999999962        1.1403660728276983E8
26.879999999999946        1.1220756204811582E8
26.90999999999995         1.1409954725232701E8
26.939999999999962        1.1693684182049508E8
26.96999999999995         1.1749005618921591E8
26.99999999999995         1.1868055686308505E8
27.029999999999962        1.1679796006849502E8
27.05999999999996         1.1498404915637161E8
27.08999999999995         1.1538551507775143E8
27.11999999999996         1.1653149820895539E8
27.149999999999956        1.1420841339525804E8
27.17999999999996         1.169307544181258E8
27.20999999999996         1.1960621436727107E8
27.23999999999996         1.2078356048946826E8
27.26999999999995         1.1858898074474153E8
27.29999999999996         1.1781231657428606E8
27.329999999999963        1.1726402706269537E8
27.35999999999996         1.1677881512638867E8
27.38999999999996         1.1649491858753341E8
27.419999999999966        1.1588477836118315E8
27.449999999999964        1.1928871011791064E8
27.47999999999996         1.20264959160286E8
27.509999999999966        1.210239029024766E8
27.53999999999997         1.2057645348552305E8
27.56999999999997         1.192688547480546E8
27.599999999999966        1.1959327593160659E8
27.629999999999963        1.185688508906744E8
27.65999999999997         1.1895464859628443E8
27.68999999999998         1.1957428459910288E8
27.71999999999996         1.2162400491447115E8
27.749999999999964        1.2353943660968883E8
27.779999999999983        1.2251911328998707E8
27.809999999999974        1.2345238932544865E8
27.83999999999997         1.2216265630168572E8
27.86999999999998         1.2302623176984061E8
27.899999999999974        1.2106545879998468E8
27.929999999999982        1.2272982990839304E8
27.95999999999998         1.2377373302369475E8
27.989999999999977        1.2546095536741962E8
28.01999999999997         1.2466941090714857E8
28.049999999999986        1.2472375810822727E8
28.079999999999973        1.2614192696824537E8
28.10999999999997         1.2559143072278458E8
28.13999999999998         1.2817600765649162E8
28.169999999999977        1.2665965795801505E8
28.199999999999978        1.2704731353702764E8
28.229999999999983        1.2947270201630431E8
28.25999999999998         1.3020636774596167E8
28.289999999999985        1.2943584483694144E8
28.31999999999998         1.290867778684341E8
28.34999999999998         1.2785517421915801E8
28.379999999999985        1.2664167542010671E8
28.40999999999999         1.2700338091759755E8
28.439999999999984        1.2600829659176634E8
28.469999999999978        1.2585584489672247E8
28.499999999999986        1.2813897187518571E8
28.529999999999987        1.2770235067258896E8
28.55999999999998         1.2874842815265349E8
28.589999999999996        1.2738416546320583E8
28.619999999999987        1.2893382422712032E8
28.649999999999984        1.2749074271150762E8
28.679999999999986        1.27752735235884E8
28.71                     1.2829354682256557E8
28.739999999999988        1.2898878018641701E8
28.769999999999985        1.2986534856406151E8
28.799999999999994        1.2942820158063939E8
28.82999999999999         1.303810421518137E8
28.859999999999992        1.2881545892494251E8
28.890000000000004        1.3098171465754879E8
28.919999999999987        1.2957140858690774E8
28.949999999999992        1.3101575167821187E8
28.98                     1.3141201385981008E8
29.00999999999999         1.3217885137674393E8
29.039999999999992        1.3290745176737116E8
29.07                     1.3201450019025996E8
29.099999999999994        1.3217844580960022E8
29.129999999999992        1.3240707624669077E8
29.16                     1.3121796676247214E8
29.189999999999998        1.3279076280166934E8
29.219999999999995        1.3192893099206154E8
29.25                     1.3302891930592272E8
29.28                     1.3338353722849056E8
29.31                     1.3303469263495982E8
29.339999999999996        1.3200005754631369E8
29.369999999999994        1.3237177462580208E8
29.4                      1.3275380190121587E8
29.430000000000003        1.3252706535155237E8
29.460000000000004        1.3340389236075628E8
29.490000000000006        1.3302322847941339E8
29.52000000000001         1.3313722506184733E8
29.550000000000008        1.3179395328545913E8
29.58                     1.330155840068697E8
29.610000000000007        1.3332881116368817E8
29.640000000000015        1.3546660719247562E8
29.67                     1.3480050132697907E8
29.700000000000006        1.3569771783524162E8
29.730000000000018        1.352233260955409E8
29.760000000000005        1.3376606115198797E8
29.790000000000006        1.3417103575295585E8
29.82000000000002         1.347453188666178E8
29.85                     1.3251501039210938E8
29.880000000000013        1.3288275272567266E8
29.91000000000002         1.3331725029357418E8
29.940000000000005        1.3525125877187216E8
29.970000000000002        1.3438070638273853E8
30                        1.3308895601359E8
