0                         178103.39808589563
0.029999999998822614      4381.736792104826
0.059999999998824285      11879.86027578908
0.08999999999882595       14089.632363516228
0.11999999999882763       15344.74395689653
0.14999999999882926       30056.469423583414
0.17999999999883098       27457.35884379126
0.20999999999883265       60127.261750410704
0.23999999999883428       130281.41621572465
0.269999999998836         186955.82055460333
0.2999999999988376        237242.71957320435
0.32999999999883933       323194.5702227739
0.35999999999884086       374032.6172969385
0.38999999999884266       346872.386898252
0.41999999999884435       404751.3285061478
0.449999999998846         407226.1207147154
0.47999999999884757       416997.21184790105
0.5099999999988492        415594.49104584055
0.5399999999988507        417795.8764108175
0.5699999999988523        563559.2139322355
0.5999999999988541        693270.1947562001
0.6299999999988559        609268.3164368451
0.6599999999988575        633827.0605446994
0.6899999999988591        827229.9613819558
0.7199999999988608        975227.5582896209
0.7499999999988624        1084084.5316167863
0.7799999999988639        1004924.1078165756
0.8099999999988657        927777.9598081945
0.8399999999988673        961290.0994374389
0.8699999999988693        1044391.9956896803
0.8999999999988705        1025233.9903409464
0.9299999999988724        1249700.8841714552
0.9599999999988739        1264500.5578173157
0.9899999999988759        1393057.9656899665
1.0199999999988771        1541908.8557442825
1.049999999998879         1379418.4566648968
1.0799999999988805        1361321.0747303688
1.1099999999988823        1405502.7561248555
1.1399999999988837        1714493.9805240552
1.1699999999988857        1838863.4770989388
1.1999999999988873        1833826.1651667638
1.229999999998889         1806675.6165166404
1.2599999999988907        1992701.4399304616
1.2899999999988927        1827793.940184918
1.3199999999988938        1845735.6125929833
1.3499999999988959        1948918.2692841964
1.3799999999988974        2335295.6157654556
1.409999999998899         2752314.5672161467
1.439999999998901         2730166.501916807
1.4699999999989029        2873588.8710554657
1.4999999999989047        3022712.4283075817
1.5299999999989058        2894311.8728365926
1.5599999999989078        2766147.7282122816
1.5899999999989096        2958384.9931259253
1.6199999999989112        3364217.0175623153
1.6499999999989126        3795013.379163916
1.6799999999989144        4091004.062448857
1.709999999998916         4331597.890123609
1.739999999998918         4242002.6264798185
1.7699999999989198        4494797.5315468125
1.7999999999989214        4224797.545724134
1.8299999999989234        4827140.330048169
1.8599999999989243        5069505.707844931
1.8899999999989263        5517328.836899659
1.919999999998928         5561543.69083293
1.9499999999989297        5523304.739768968
1.9799999999989315        5393667.358759892
2.009999999998933         5386462.39556871
2.0399999999989347        5555054.92319595
2.0699999999989362        5886540.490619371
2.0999999999989383        6141226.229405704
2.12999999999894          6496294.072110919
2.159999999998941         6948530.023466911
2.1899999999989426        6961721.509982153
2.219999999998945         6932731.255069441
2.2499999999989475        6865794.763783603
2.279999999998948         6942603.662680259
2.3099999999989507        7253665.851280529
2.339999999998952         7320908.903409994
2.3699999999989534        7555010.893156009
2.399999999998955         7963646.907183308
2.4299999999989566        7956586.725546225
2.459999999998959         8041778.566888394
2.48999999999896          7859996.979349378
2.5199999999989617        8844084.841963405
2.5499999999989633        8711074.140479194
2.5799999999989653        9508289.276892414
2.609999999998967         9227816.232385194
2.6399999999989685        1.0005817167949654E7
2.6699999999989696        9680794.130916148
2.699999999998972         1.0323057335429044E7
2.7299999999989746        1.0048091333782928E7
2.759999999998976         1.0395411530507334E7
2.789999999998977         1.0350533650562923E7
2.8199999999989798        1.0681330339135757E7
2.84999999999898          1.0938470852933144E7
2.8799999999989816        1.1331807891588261E7
2.9099999999989836        1.1872537490865791E7
2.939999999998986         1.23916661312335E7
2.9699999999989877        1.221147180962077E7
2.999999999998988         1.2768376072814653E7
3.0299999999989904        1.1908310127877846E7
3.059999999998993         1.2706481080317816E7
3.0899999999989936        1.2099496187633026E7
3.119999999998995         1.2623827708827872E7
3.1499999999989967        1.3925145893575821E7
3.1799999999989987        1.4077532572417704E7
3.209999999999001         1.4201387361534005E7
3.239999999999003         1.3343633020148642E7
3.269999999999005         1.4403259514613919E7
3.299999999999006         1.3893100798712887E7
3.329999999999008         1.4559766640176874E7
3.3599999999990096        1.4944230296228409E7
3.3899999999990102        1.5632529597418664E7
3.4199999999990123        1.5615880043602815E7
3.449999999999014         1.6306084361788346E7
3.4799999999990163        1.6195023799678478E7
3.509999999999018         1.6029025565055436E7
3.5399999999990204        1.6632164187220272E7
3.5699999999990206        1.776810623794868E7
3.599999999999022         1.8454393851281628E7
3.6299999999990247        1.823569214822441E7
3.6599999999990263        1.8840061722608093E7
3.6899999999990274        1.9866674682035167E7
3.7199999999990294        1.89349914412619E7
3.749999999999031         1.8882466393084664E7
3.779999999999034         1.8208872893253785E7
3.809999999999034         2.009722042292487E7
3.839999999999036         1.9682724964688957E7
3.8699999999990373        2.0222671778468497E7
3.8999999999990393        2.213042345434864E7
3.9299999999990427        2.1732593159963626E7
3.9599999999990425        2.163489743159088E7
3.9899999999990445        2.040836193364051E7
4.019999999999046         2.2135482324221723E7
4.049999999999048         2.1505779295390368E7
4.079999999999051         2.1781892985603817E7
4.109999999999051         2.1794622085841272E7
4.139999999999053         2.261281059179449E7
4.169999999999055         2.2158692613476247E7
4.199999999999058         2.2882954196040682E7
4.22999999999906          2.295047318666252E7
4.259999999999061         2.224852726964653E7
4.289999999999062         2.305821125048154E7
4.319999999999063         2.3919079157908875E7
4.349999999999066         2.4430517959977806E7
4.379999999999068         2.3555815466434058E7
4.4099999999990676        2.4797010089353528E7
4.43999999999907          2.6471453379239112E7
4.469999999999072         2.696122368797016E7
4.499999999999072         2.7800066976526506E7
4.529999999999075         2.6005302131991457E7
4.559999999999077         2.7273260563110504E7
4.58999999999908          2.6730274842141125E7
4.61999999999908          2.7105943777925223E7
4.649999999999082         2.9506912095259715E7
4.679999999999083         2.8864034744805027E7
4.709999999999085         2.9311456293048058E7
4.739999999999086         2.7619408045010198E7
4.769999999999088         2.832782598277355E7
4.799999999999091         2.773936491787319E7
4.829999999999093         2.8211908199078243E7
4.8599999999990935        2.843344237446894E7
4.889999999999095         2.9319322387012053E7
4.919999999999097         2.9795330787638478E7
4.949999999999102         3.174162639372911E7
4.9799999999991           3.180426515812553E7
5.009999999999102         3.067660041001097E7
5.039999999999104         3.149669548711161E7
5.069999999999104         3.1492069567813925E7
5.099999999999107         3.229267108151907E7
5.129999999999109         3.1961552591390293E7
5.15999999999911          3.3240901983813353E7
5.189999999999114         3.4049878973907515E7
5.219999999999115         3.443211197526656E7
5.249999999999115         3.5754171402773164E7
5.279999999999118         3.417504204106317E7
5.3099999999991185        3.647497371923334E7
5.339999999999121         3.616356933612186E7
5.369999999999122         3.812056426339463E7
5.3999999999991255        3.947908568331425E7
5.429999999999126         3.858106916308596E7
5.459999999999129         3.8920108119767234E7
5.489999999999129         3.862736895969847E7
5.5199999999991345        3.8091375689407825E7
5.549999999999134         3.7883840685915485E7
5.579999999999137         3.758897925016126E7
5.609999999999136         3.924241379114917E7
5.639999999999137         4.0001132018508025E7
5.66999999999914          3.998213624311059E7
5.69999999999914          4.222331522234268E7
5.729999999999143         4.296463369412309E7
5.759999999999145         4.202810039509942E7
5.789999999999146         4.239566165951951E7
5.8199999999991485        4.157436153846834E7
5.8499999999991505        4.227909085016174E7
5.87999999999915          4.0575644206616186E7
5.909999999999153         4.149142991987967E7
5.939999999999153         4.2748190678580225E7
5.969999999999159         4.367214368247202E7
5.999999999999158         4.477660636151411E7
6.029999999999161         4.3358051720671736E7
6.059999999999161         4.495181242916408E7
6.089999999999162         4.500388307513956E7
6.119999999999164         4.7307707249926485E7
6.149999999999166         4.81887345289956E7
6.1799999999991675        4.791513857068012E7
6.209999999999169         4.728645004537453E7
6.239999999999172         4.881011259543553E7
6.2699999999991745        4.8265691818417065E7
6.299999999999177         4.799096477345448E7
6.329999999999177         4.816085608691234E7
6.359999999999178         4.9150219345807165E7
6.389999999999181         5.026594985934021E7
6.419999999999183         5.033502583381053E7
6.449999999999182         5.275830281992519E7
6.479999999999186         5.259372284662051E7
6.509999999999187         5.2377112852390885E7
6.53999999999919          5.101954002864011E7
6.56999999999919          5.0927801321540385E7
6.599999999999193         5.140481613964958E7
6.629999999999193         5.078674492842055E7
6.659999999999194         5.287157619632661E7
6.689999999999195         5.328503551688479E7
6.719999999999199         5.418029705070742E7
6.749999999999201         5.470239888882915E7
6.7799999999992036        5.357192153563625E7
6.809999999999203         5.2940806374488026E7
6.839999999999207         5.418176250808952E7
6.8699999999992105        5.6886427554667726E7
6.899999999999207         5.698775804851167E7
6.929999999999209         5.5989001261444904E7
6.959999999999212         5.516437710084835E7
6.989999999999217         5.582403390433337E7
7.019999999999215         5.5481202881415784E7
7.049999999999217         5.574508361807041E7
7.0799999999992185        5.7994253502706476E7
7.109999999999224         5.9434159086339034E7
7.139999999999222         6.0789328998488314E7
7.169999999999223         6.170035311343311E7
7.199999999999227         6.250778239081153E7
7.229999999999229         6.138064508473808E7
7.2599999999992315        6.16093078478955E7
7.289999999999231         6.045908625528499E7
7.319999999999235         6.09045219552109E7
7.349999999999236         6.102599841202683E7
7.379999999999236         6.233112350571971E7
7.409999999999238         6.332487422852456E7
7.439999999999241         6.371404310726485E7
7.4699999999992395        6.308894511913484E7
7.4999999999992415        6.3959797161769725E7
7.529999999999245         6.33295071446005E7
7.559999999999244         6.4650200807109654E7
7.589999999999248         6.583141281954778E7
7.6199999999992505        6.833146490611655E7
7.649999999999251         6.913040275701855E7
7.679999999999254         6.71875175937096E7
7.709999999999252         6.74570006971535E7
7.739999999999254         6.6462819108981624E7
7.769999999999258         6.81465855717463E7
7.799999999999259         6.860974784403048E7
7.829999999999263         6.815904430902085E7
7.85999999999926          6.90365641893514E7
7.8899999999992625        7.02373599789735E7
7.919999999999266         7.142387378330117E7
7.94999999999927          7.158586397378302E7
7.979999999999267         6.998782402606778E7
8.009999999999271         7.088077713981894E7
8.039999999999273         7.099194709251648E7
8.069999999999274         7.039305641774002E7
8.099999999999275         7.156298789713764E7
8.129999999999278         7.241167159297675E7
8.159999999999277         7.478539646979448E7
8.189999999999285         7.400397575843251E7
8.219999999999283         7.351488818575794E7
8.24999999999928          7.525824336722153E7
8.279999999999287         7.642757521965498E7
8.309999999999288         7.62996450581469E7
8.33999999999929          7.776942056539173E7
8.36999999999929          7.832397990885596E7
8.399999999999292         7.930139053473537E7
8.429999999999293         8.09046733004914E7
8.459999999999297         7.955259301326905E7
8.489999999999299         7.775929146153013E7
8.519999999999303         8.051797014500146E7
8.549999999999303         7.806728860693647E7
8.579999999999302         8.01242466529174E7
8.609999999999305         8.050631149023972E7
8.639999999999306         8.201839668669154E7
8.669999999999312         8.38179976285817E7
8.69999999999931          8.32984947815656E7
8.729999999999311         8.11928752015868E7
8.759999999999316         8.116891975190857E7
8.789999999999315         8.173023578137037E7
8.819999999999316         8.360436041294017E7
8.849999999999321         8.427969124381845E7
8.879999999999324         8.714156886238022E7
8.90999999999932          8.787883211602509E7
8.939999999999324         8.729976547912167E7
8.969999999999324         8.577255754466893E7
8.999999999999327         8.48945266820127E7
9.029999999999326         8.661697960138159E7
9.059999999999333         8.840639956559272E7
9.089999999999337         8.966725437960823E7
9.11999999999933          8.91239251314826E7
9.149999999999338         9.060207893435249E7
9.179999999999339         8.928309643650591E7
9.209999999999338         9.002060151841055E7
9.239999999999341         8.748693228283976E7
9.269999999999342         9.039141959094569E7
9.299999999999343         8.912652337865344E7
9.329999999999345         8.998307016305518E7
9.359999999999348         9.042956544786802E7
9.389999999999347         9.114062064854616E7
9.41999999999935          9.181700560857973E7
9.449999999999354         9.256258879071881E7
9.479999999999354         9.151758591640407E7
9.509999999999355         9.099680425810456E7
9.539999999999358         9.24876460254667E7
9.569999999999359         9.461041045968568E7
9.599999999999358         9.447514741098912E7
9.629999999999363         9.494328203761394E7
9.659999999999364         9.545264878214353E7
9.689999999999364         9.590664492145589E7
9.719999999999368         9.575675577407432E7
9.749999999999371         9.568509191486354E7
9.779999999999372         9.696689637225802E7
9.809999999999373         9.756549216638742E7
9.839999999999376         9.881255328300004E7
9.869999999999376         9.947726347926559E7
9.899999999999379         1.0147768711085151E8
9.929999999999378         1.0114835304571854E8
9.959999999999383         1.0148943516322769E8
9.989999999999384         1.0025190907313316E8
10.019999999999385        9.856714408544965E7
10.049999999999388        9.892772105131464E7
10.079999999999387        9.923338406517765E7
10.10999999999939         9.916781585894756E7
10.13999999999939         9.96735328311366E7
10.169999999999392        1.0131186464052188E8
10.199999999999395        1.016861768936798E8
10.229999999999396        1.0128655779701114E8
10.259999999999396        9.944888661352342E7
10.289999999999397        1.01415600246067E8
10.319999999999403        1.0396120235178322E8
10.349999999999403        1.0329261767602272E8
10.379999999999404        1.031469337715414E8
10.40999999999941         1.0521791368054692E8
10.43999999999941         1.0511780626942165E8
10.46999999999941         1.0448777659915578E8
10.499999999999414        1.0357391448085634E8
10.529999999999415        1.0339453833059321E8
10.559999999999416        1.0524945570412293E8
10.589999999999419        1.0606419464848554E8
10.619999999999422        1.0633728127538311E8
10.64999999999942         1.0819051519715986E8
10.679999999999424        1.0668579346322455E8
10.709999999999422        1.079373598590663E8
10.739999999999425        1.0575162723305579E8
10.769999999999428        1.0420374415145452E8
10.799999999999429        1.0661653265295973E8
10.82999999999943         1.0592366229741375E8
10.859999999999431        1.0702451452044757E8
10.889999999999437        1.0995475951179086E8
10.919999999999437        1.0984513346578683E8
10.949999999999434        1.0993636703612773E8
10.979999999999439        1.1136573088669585E8
11.009999999999442        1.1077994590707764E8
11.039999999999438        1.112644693271987E8
11.069999999999446        1.1223469342634283E8
11.099999999999444        1.1363400594564253E8
11.129999999999452        1.1297518064157777E8
11.15999999999945         1.1279965978642859E8
11.189999999999452        1.1447382905354458E8
11.219999999999452        1.1668007442507298E8
11.249999999999453        1.1614945361644074E8
11.279999999999454        1.1440441192494678E8
11.309999999999452        1.1493281385708708E8
11.339999999999456        1.1736768374280392E8
11.369999999999463        1.167369330201778E8
11.399999999999462        1.1689112105241248E8
11.429999999999465        1.168688351010176E8
11.45999999999947         1.1816457680899057E8
11.489999999999467        1.172790276054226E8
11.519999999999463        1.1416813546240205E8
11.549999999999471        1.1316958503126135E8
11.579999999999476        1.1415027866969982E8
11.609999999999474        1.1700021864345075E8
11.639999999999478        1.1745277035148494E8
11.669999999999478        1.1833849110097846E8
11.699999999999484        1.1724295998935443E8
11.729999999999482        1.1980255984779729E8
11.759999999999485        1.1988758671323447E8
11.789999999999486        1.18920027306664E8
11.819999999999487        1.1981220235827342E8
11.849999999999492        1.1982189076151194E8
11.879999999999491        1.1796644527442898E8
11.909999999999492        1.1965320125533816E8
11.939999999999495        1.2138547956642655E8
11.969999999999493        1.2081830832156171E8
11.999999999999496        1.209405764170826E8
12.029999999999502        1.2071545969634974E8
12.0599999999995          1.2335370861018768E8
12.0899999999995          1.2300106231781732E8
12.119999999999504        1.2288104052148026E8
12.149999999999507        1.2328153667177981E8
12.179999999999504        1.2319997689781523E8
12.209999999999507        1.2149842034412083E8
12.239999999999513        1.2267308234341487E8
12.26999999999951         1.2060472738026251E8
12.29999999999951         1.20559312592645E8
12.329999999999517        1.2147800495404512E8
12.35999999999952         1.2357383250774899E8
12.389999999999517        1.2426593370387657E8
12.41999999999952         1.2369742630158634E8
12.449999999999523        1.2271319599004741E8
12.479999999999519        1.2419743113445297E8
12.509999999999525        1.2434437347231306E8
12.539999999999525        1.242082204031564E8
12.569999999999526        1.2420474171657167E8
12.599999999999534        1.2582671461122787E8
12.629999999999534        1.267563945955088E8
12.659999999999535        1.2778197987055708E8
12.689999999999536        1.2891587929502633E8
12.719999999999537        1.2688118936814268E8
12.749999999999535        1.2666274240823288E8
12.77999999999954         1.2756465642761457E8
12.80999999999954         1.282062092675E8
12.839999999999549        1.2767002944609727E8
12.869999999999543        1.2803387919383746E8
12.899999999999547        1.2843239598997383E8
12.92999999999955         1.2726135045946065E8
12.959999999999546        1.265825729821185E8
12.989999999999553        1.2748956832458963E8
13.019999999999552        1.2640585758047354E8
13.049999999999557        1.2676720671034321E8
13.079999999999558        1.2813013742250827E8
13.10999999999956         1.2855580240625528E8
13.13999999999956         1.2759657406064959E8
13.169999999999565        1.2629546209481439E8
13.19999999999956         1.271076477563565E8
13.229999999999567        1.2886077929132959E8
13.25999999999957         1.2915876697441195E8
13.28999999999957         1.2977615456325658E8
13.319999999999572        1.2890222592193514E8
13.349999999999572        1.3032132908470331E8
13.379999999999578        1.3294069402533253E8
13.409999999999581        1.323348426936796E8
13.439999999999575        1.3132363535731603E8
13.469999999999581        1.2988860243040189E8
13.499999999999583        1.3153094095536922E8
13.529999999999584        1.3335380050444967E8
13.559999999999587        1.3218256210086198E8
13.589999999999584        1.327197785486408E8
13.619999999999587        1.3496825977918345E8
13.64999999999959         1.3323227151742089E8
13.679999999999593        1.3148557942084853E8
13.709999999999592        1.316405925323561E8
13.739999999999597        1.3167866168317795E8
13.769999999999598        1.315202009879776E8
13.799999999999597        1.3115475623493606E8
13.829999999999602        1.3341722980884726E8
13.859999999999603        1.3374930710863744E8
13.889999999999604        1.3241613754952845E8
13.919999999999602        1.3145587545918469E8
13.949999999999608        1.3146578232152595E8
13.97999999999961         1.3196960779352498E8
14.009999999999607        1.3298401504637206E8
14.039999999999612        1.3411826552961735E8
14.069999999999617        1.3400701660800306E8
14.099999999999612        1.3619231272635806E8
14.129999999999615        1.389916842253895E8
14.159999999999618        1.365928191862019E8
14.18999999999962         1.3476610506633556E8
14.219999999999619        1.3396373299636513E8
14.249999999999623        1.3455978082234448E8
14.279999999999628        1.3710811207400313E8
14.309999999999627        1.3606387301353857E8
14.339999999999625        1.3601797363355827E8
14.36999999999963         1.3731894937063187E8
14.399999999999634        1.376378009764669E8
14.429999999999634        1.3739265474476832E8
14.459999999999635        1.376860344120735E8
14.489999999999636        1.361910479991481E8
14.519999999999639        1.38570338676776E8
14.54999999999964         1.3713503228073502E8
14.579999999999636        1.3827279769409195E8
14.609999999999644        1.3486184914399797E8
14.639999999999645        1.3531640397814363E8
14.669999999999646        1.3675832545593917E8
14.699999999999646        1.3551907860772315E8
14.72999999999965         1.352869821887815E8
14.759999999999655        1.3615081591042715E8
14.789999999999653        1.3782206765977356E8
14.819999999999656        1.3853782738854864E8
14.849999999999657        1.3872622930252737E8
14.879999999999658        1.3755625156282616E8
14.909999999999663        1.3797259652190498E8
14.939999999999662        1.364426955647286E8
14.969999999999667        1.3699628977386746E8
14.999999999999666        1.3771468866387597E8
15.029999999999667        1.3949614535595816E8
15.05999999999967         1.3770785161178938E8
15.08999999999967         1.37805093661294E8
15.11999999999967         1.3860814735608664E8
15.149999999999666        1.3893964675721177E8
15.179999999999668        1.3849024435364747E8
15.20999999999967         1.3850369411693794E8
15.23999999999967         1.381912585168914E8
15.269999999999671        1.3829003353185588E8
15.299999999999683        1.393994087386803E8
15.329999999999673        1.382838909283483E8
15.359999999999678        1.3665019515642262E8
15.38999999999968         1.358586175758543E8
15.41999999999968         1.3623644859273103E8
15.449999999999681        1.3657014914383394E8
15.47999999999968         1.3399134768296567E8
15.509999999999678        1.3525274861291358E8
15.539999999999685        1.364800123850837E8
15.569999999999684        1.372920415195062E8
15.599999999999683        1.3690001460961825E8
15.62999999999969         1.342717105210779E8
15.659999999999688        1.3513059587652898E8
15.689999999999687        1.3403357310650934E8
15.719999999999693        1.3354808965023796E8
15.749999999999684        1.3413462207430156E8
15.77999999999969         1.343494997187226E8
15.809999999999695        1.3532355716635713E8
15.83999999999969         1.3649115109884784E8
15.869999999999694        1.3684475127285942E8
15.899999999999695        1.378129439531904E8
15.929999999999694        1.3607834003356984E8
15.959999999999694        1.3614496139273992E8
15.989999999999698        1.361255125235037E8
16.019999999999698        1.363925513131186E8
16.049999999999695        1.3659550213941106E8
16.079999999999693        1.3569353586171058E8
16.1099999999997          1.361825850838791E8
16.139999999999702        1.3762366692742434E8
16.169999999999696        1.3783532537349856E8
16.199999999999694        1.3757035444449773E8
16.229999999999706        1.3721361935022014E8
16.2599999999997          1.3924471736906374E8
16.289999999999704        1.3755769948376027E8
16.319999999999705        1.3756701014992115E8
16.349999999999714        1.3511950441820496E8
16.379999999999708        1.3192623540257041E8
16.409999999999705        1.3343509772593705E8
16.43999999999971         1.3237816004734106E8
16.46999999999971         1.3361394206864485E8
16.499999999999712        1.3510572578387254E8
16.52999999999971         1.3340708015353031E8
16.55999999999971         1.3419651905328791E8
16.589999999999716        1.353927216224458E8
16.619999999999713        1.3353044244769782E8
16.64999999999971         1.3377830773652509E8
16.67999999999972         1.349897761624804E8
16.709999999999717        1.3528233900683242E8
16.739999999999718        1.3560891773750255E8
16.769999999999712        1.3472609551441345E8
16.79999999999972         1.3497534343241876E8
16.82999999999972         1.346519532448291E8
16.85999999999972         1.339071627630831E8
16.889999999999723        1.345748503232732E8
16.91999999999972         1.352512838708332E8
16.949999999999722        1.3431348404193133E8
16.979999999999727        1.336659057966679E8
17.009999999999728        1.3360438352919254E8
17.039999999999726        1.3246731291227141E8
17.06999999999973         1.3287405582779236E8
17.099999999999728        1.3175331662845665E8
17.12999999999973         1.3113160715340272E8
17.15999999999973         1.3154139573892501E8
17.189999999999724        1.330762343324833E8
17.219999999999732        1.3289321177284913E8
17.249999999999737        1.3126322890724361E8
17.27999999999974         1.3036001587118703E8
17.309999999999732        1.3152248789844435E8
17.33999999999973         1.3164356617320967E8
17.369999999999738        1.3016094751830378E8
17.399999999999736        1.3096782781618631E8
17.429999999999733        1.3148860459388705E8
17.459999999999734        1.3163393876898615E8
17.48999999999974         1.3229557637269343E8
17.51999999999974         1.2994777115061349E8
17.54999999999974         1.3081510210340844E8
17.579999999999742        1.3070364545382343E8
17.60999999999974         1.3046648859286167E8
17.639999999999738        1.3188751185469735E8
17.66999999999974         1.3047220419772957E8
17.699999999999747        1.3007788808642614E8
17.729999999999745        1.3095943196755488E8
17.759999999999746        1.2992164137326823E8
17.789999999999743        1.296302863387911E8
17.819999999999744        1.2922130926703735E8
17.849999999999746        1.2798832274340792E8
17.879999999999747        1.2774678091989988E8
17.909999999999748        1.2794388174154833E8
17.939999999999753        1.2960527839830658E8
17.969999999999754        1.3001600781428933E8
17.99999999999975         1.2887064370922224E8
18.029999999999763        1.2751657600280963E8
18.059999999999757        1.2641031206664032E8
18.089999999999755        1.2583846711796552E8
18.119999999999763        1.2538695380303028E8
18.149999999999753        1.2480475375581133E8
18.179999999999758        1.237958873505031E8
18.209999999999763        1.2540820643326105E8
18.239999999999757        1.2569026162024482E8
18.26999999999976         1.2398125699694107E8
18.299999999999763        1.243777404507058E8
18.329999999999764        1.2422070903209533E8
18.359999999999758        1.2423882246197696E8
18.389999999999766        1.2372078212010676E8
18.419999999999767        1.2258962776965614E8
18.44999999999977         1.223052193872273E8
18.479999999999762        1.2397869456304905E8
18.50999999999977         1.2198753018947771E8
18.53999999999977         1.2262695061204275E8
18.569999999999766        1.2108691629681276E8
18.599999999999774        1.205210897599627E8
18.629999999999775        1.2179231094735709E8
18.65999999999977         1.2139600525007257E8
18.689999999999774        1.2159740041880302E8
18.719999999999775        1.213060969748945E8
18.749999999999776        1.2047402508132392E8
18.779999999999777        1.2095591856547254E8
18.809999999999782        1.2026672830051525E8
18.839999999999772        1.1998871929638235E8
18.869999999999777        1.2100723940154025E8
18.899999999999782        1.1919994787678646E8
18.929999999999776        1.1919122555241066E8
18.959999999999788        1.1931002801465593E8
18.98999999999979         1.1947740999723354E8
19.019999999999783        1.1988995618300055E8
19.04999999999979         1.1919233901112482E8
19.07999999999978         1.1948738533012728E8
19.109999999999786        1.192436182965775E8
19.13999999999979         1.1801608348215517E8
19.16999999999979         1.1670035515151423E8
19.199999999999786        1.1547143753427413E8
19.22999999999979         1.1726452142488644E8
19.259999999999796        1.1608786386122476E8
19.289999999999782        1.163710383531382E8
19.31999999999979         1.1590275121436325E8
19.349999999999795        1.1582554948253988E8
19.379999999999786        1.1726090434799373E8
19.409999999999798        1.1602766573923852E8
19.439999999999795        1.1563380904768959E8
19.469999999999786        1.1552998572768354E8
19.499999999999797        1.1346445821681295E8
19.5299999999998          1.1324062320345074E8
19.559999999999796        1.129042264889822E8
19.589999999999794        1.1263249329991253E8
19.61999999999981         1.138251486121667E8
19.649999999999793        1.1199973521118306E8
19.6799999999998          1.1058679167083538E8
19.7099999999998          1.108678444385772E8
19.739999999999796        1.1111244148405558E8
19.7699999999998          1.1197603938478486E8
19.799999999999812        1.1246541740492755E8
19.8299999999998          1.1249392005518919E8
19.859999999999808        1.131435450338636E8
19.889999999999816        1.1038232388563453E8
19.919999999999806        1.095028842987455E8
19.94999999999981         1.0879249528541993E8
19.979999999999816        1.1026144375016415E8
20.009999999999806        1.1187595909409954E8
20.03999999999981         1.1137086414235409E8
20.06999999999981         1.1044799870528917E8
20.09999999999981         1.1121488278128618E8
20.129999999999804        1.1102249980847098E8
20.15999999999982         1.1003464678923507E8
20.189999999999813        1.0880252525780913E8
20.21999999999981         1.0804594937930472E8
20.249999999999815        1.0844883582649666E8
20.279999999999816        1.0856317200869787E8
20.30999999999981         1.0784642832969733E8
20.339999999999826        1.0635165297814287E8
20.36999999999982         1.06494608011924E8
20.39999999999982         1.0441091238543083E8
20.42999999999982         1.0390210603947832E8
20.459999999999823        1.0406187073499347E8
20.489999999999824        1.0399373941025193E8
20.519999999999825        1.0525495902474928E8
20.549999999999827        1.0333608820909037E8
20.579999999999828        1.0387139954158992E8
20.60999999999983         1.0317705825319098E8
20.639999999999837        1.0100692565235683E8
20.66999999999983         1.0110432022694677E8
20.699999999999832        1.008494628195362E8
20.729999999999837        1.0099272653695141E8
20.75999999999983         1.0254564106765972E8
20.789999999999832        1.0159428608476673E8
20.819999999999837        1.0098630988362412E8
20.84999999999983         1.0130386045809229E8
20.879999999999836        1.0031040671029122E8
20.909999999999837        1.0000030508367352E8
20.93999999999983         9.871316744696398E7
20.96999999999984         9.69833879763731E7
20.999999999999844        9.798760944808468E7
21.02999999999983         9.945405920028579E7
21.059999999999842        9.765424605390489E7
21.08999999999984         9.756552369933295E7
21.119999999999838        9.545778373399124E7
21.149999999999835        9.432214017243469E7
21.17999999999984         9.363198064034617E7
21.20999999999984         9.313332859813508E7
21.239999999999846        9.302732289639564E7
21.26999999999985         9.428344785237397E7
21.299999999999848        9.383389628495438E7
21.32999999999985         9.313227613378607E7
21.35999999999985         9.192685256359874E7
21.389999999999844        9.14167413499431E7
21.419999999999852        9.007661625822833E7
21.44999999999985         9.089566362126017E7
21.479999999999848        9.010860419928387E7
21.509999999999845        9.24984830875258E7
21.539999999999857        9.156996626185744E7
21.569999999999858        9.141776046549778E7
21.599999999999856        9.176921349075344E7
21.62999999999986         9.061665793508565E7
21.65999999999986         9.015948748018198E7
21.689999999999856        8.847596319655822E7
21.719999999999853        8.750590785122831E7
21.74999999999986         8.955644376403306E7
21.779999999999863        8.940540622869617E7
21.809999999999864        8.872598214760934E7
21.83999999999986         8.761121335187978E7
21.869999999999862        8.563445993256046E7
21.899999999999867        8.456263368032134E7
21.929999999999865        8.527659080352467E7
21.95999999999986         8.428464481801628E7
21.989999999999867        8.460075663395923E7
22.019999999999868        8.524352359413089E7
22.04999999999987         8.486893996059811E7
22.07999999999987         8.331753168135755E7
22.10999999999987         8.172179199179445E7
22.139999999999873        8.060113451888497E7
22.169999999999874        8.042850673720232E7
22.199999999999875        8.138236319635427E7
22.229999999999873        8.07422693164519E7
22.259999999999877        8.100281762295154E7
22.28999999999988         8.000619313952817E7
22.319999999999883        8.051274143969555E7
22.34999999999988         8.023435889185773E7
22.37999999999988         7.845289324084951E7
22.409999999999886        7.881560830854946E7
22.439999999999888        7.812722508028394E7
22.469999999999885        7.784323762065342E7
22.49999999999989         7.902424774324612E7
22.52999999999988         7.802794003475745E7
22.55999999999989         7.799408031205529E7
22.589999999999886        7.663746556481381E7
22.61999999999988         7.467976474210115E7
22.64999999999989         7.500709109659366E7
22.679999999999886        7.537208683228366E7
22.709999999999877        7.437617595406194E7
22.739999999999885        7.456329949117371E7
22.76999999999989         7.419078154263899E7
22.799999999999887        7.429675167503501E7
22.829999999999888        7.344427260139866E7
22.85999999999988         7.15799094802838E7
22.889999999999887        7.2819530331111E7
22.919999999999888        7.229533973343523E7
22.949999999999886        7.219936009902354E7
22.97999999999989         7.172390339086974E7
23.009999999999888        7.144004352250525E7
23.03999999999989         7.18713519752137E7
23.069999999999887        7.184760312020527E7
23.09999999999989         7.049879944604933E7
23.12999999999989         6.955960735123625E7
23.159999999999894        6.881373424654809E7
23.189999999999895        6.80543165404959E7
23.219999999999892        6.905945725500126E7
23.24999999999989         6.902682940588966E7
23.279999999999895        6.727455098774914E7
23.309999999999896        6.669117331854857E7
23.339999999999886        6.555476150668806E7
23.36999999999989         6.515208559120465E7
23.399999999999896        6.44748103627368E7
23.42999999999989         6.491461862845712E7
23.45999999999989         6.525433226131694E7
23.4899999999999          6.5727706595766805E7
23.5199999999999          6.442271529861633E7
23.549999999999898        6.282857451304187E7
23.5799999999999          6.2112132333914414E7
23.6099999999999          6.121847093923533E7
23.639999999999905        6.070649334932537E7
23.6699999999999          6.07304010675936E7
23.699999999999903        6.051936064608915E7
23.729999999999894        6.0764080418280795E7
23.759999999999906        5.986824303379244E7
23.789999999999903        6.000218964669131E7
23.819999999999897        5.960424862243393E7
23.849999999999895        5.809908821932229E7
23.879999999999903        5.720182089898534E7
23.9099999999999          5.6943289651923075E7
23.9399999999999          5.708848253069427E7
23.969999999999906        5.7830620050453015E7
23.9999999999999          5.644374455337573E7
24.0299999999999          5.538978626479209E7
24.059999999999906        5.523793224240263E7
24.0899999999999          5.456528955955499E7
24.119999999999916        5.364244688097285E7
24.149999999999906        5.343438615995506E7
24.179999999999904        5.336972155345519E7
24.209999999999905        5.405485362419406E7
24.23999999999991         5.3638937213522196E7
24.2699999999999          5.280534142493988E7
24.299999999999905        5.242763029042048E7
24.329999999999902        5.273310637032974E7
24.35999999999991         5.223413736473534E7
24.38999999999991         5.175430192101904E7
24.41999999999991         5.076753043733018E7
24.449999999999903        5.013102921215383E7
24.479999999999915        5.07389098476159E7
24.50999999999991         4.993236641842755E7
24.539999999999907        4.98362894482092E7
24.569999999999915        4.8314901042532176E7
24.599999999999916        4.7233953480002485E7
24.629999999999914        4.670205167126343E7
24.65999999999992         4.578295897170308E7
24.689999999999912        4.598458362364588E7
24.71999999999992         4.633883996037101E7
24.749999999999915        4.6057388561879754E7
24.77999999999992         4.577709883717241E7
24.80999999999992         4.56877096128745E7
24.839999999999918        4.512914131777407E7
24.869999999999912        4.502276299460613E7
24.89999999999992         4.4283318532060914E7
24.929999999999914        4.3618235380802706E7
24.95999999999992         4.4105624331984356E7
24.98999999999992         4.366481207926822E7
25.01999999999992         4.3336752037403226E7
25.04999999999992         4.306039755416722E7
25.079999999999917        4.235780863268521E7
25.109999999999925        4.25831056950239E7
25.139999999999922        4.125747599588086E7
25.169999999999927        4.017327210468393E7
25.199999999999918        3.998568741031869E7
25.229999999999922        4.1022995698227085E7
25.259999999999923        4.046468011737946E7
25.28999999999992         4.000627167883436E7
25.319999999999922        3.917728272122007E7
25.349999999999923        3.822094295394581E7
25.379999999999924        3.8335263304682925E7
25.409999999999922        3.761460061955491E7
25.439999999999923        3.7398473838712834E7
25.469999999999928        3.76710237461116E7
25.499999999999915        3.724225248596871E7
25.52999999999993         3.7353179043252684E7
25.559999999999935        3.7265003954690084E7
25.589999999999925        3.642819906207629E7
25.619999999999926        3.6564773371961825E7
25.649999999999938        3.53242653706485E7
25.679999999999925        3.395742864772661E7
25.709999999999923        3.419672866026503E7
25.739999999999938        3.425210762638847E7
25.76999999999993         3.481429480936535E7
25.799999999999923        3.464350155828227E7
25.82999999999994         3.4424125668731526E7
25.859999999999925        3.403714809544699E7
25.88999999999993         3.2855941616214998E7
25.91999999999994         3.171411391418991E7
25.949999999999932        3.156190627252082E7
25.97999999999993         3.190309483932775E7
26.00999999999994         3.1817648763769004E7
26.03999999999993         3.08740802105336E7
26.069999999999933        3.0318726756339107E7
26.09999999999994         2.9925896794649076E7
26.12999999999993         2.9608122644480087E7
26.159999999999933        2.870501965622786E7
26.189999999999934        2.8426156923435707E7
26.21999999999994         2.8171692081500895E7
26.24999999999994         2.813229383174736E7
26.279999999999944        2.8537906196700033E7
26.309999999999935        2.794615246130344E7
26.33999999999994         2.7884812465623118E7
26.369999999999937        2.7511139925773986E7
26.39999999999994         2.6251777234002396E7
26.42999999999994         2.55928956391228E7
26.459999999999948        2.4958070858370673E7
26.48999999999994         2.478917680921053E7
26.51999999999994         2.5112976639958207E7
26.54999999999994         2.5419108964315698E7
26.579999999999945        2.5196879781570554E7
26.609999999999946        2.477962268321498E7
26.639999999999947        2.3589917519204516E7
26.669999999999956        2.308617242300797E7
26.69999999999994         2.3014975285743985E7
26.729999999999947        2.3135051947642285E7
26.75999999999996         2.3992521406475134E7
26.789999999999942        2.2862642205260422E7
26.819999999999947        2.2069070338158153E7
26.849999999999955        2.207088844921095E7
26.87999999999995         2.207044317153942E7
26.909999999999943        2.1479134633898713E7
26.939999999999962        2.1236611181395363E7
26.96999999999995         2.026110995770174E7
26.999999999999954        2.0505050441906877E7
27.029999999999962        2.0946800432916176E7
27.059999999999956        1.9838774565544255E7
27.089999999999957        1.970879407749424E7
27.11999999999996         1.869897022846182E7
27.149999999999956        1.7581837336792976E7
27.179999999999957        1.759459262528993E7
27.209999999999958        1.7562204799319383E7
27.23999999999996         1.7920063399262395E7
27.269999999999953        1.8487921149041634E7
27.299999999999958        1.7754306751573853E7
27.32999999999996         1.6819451587492358E7
27.359999999999957        1.6289329743449194E7
27.389999999999954        1.6032546477105867E7
27.419999999999966        1.5271467001913454E7
27.44999999999996         1.5311609703929482E7
27.479999999999965        1.490831256804201E7
27.509999999999966        1.5818709971246602E7
27.539999999999964        1.4880243675503265E7
27.56999999999997         1.4716458099386482E7
27.599999999999977        1.4649270785259878E7
27.629999999999963        1.4257097402737603E7
27.659999999999965        1.3756254752522198E7
27.689999999999976        1.3401484384874493E7
27.71999999999996         1.3047943175404932E7
27.749999999999968        1.361867966709018E7
27.779999999999976        1.3785848082479067E7
27.80999999999997         1.328217516157474E7
27.839999999999968        1.2990440529072922E7
27.86999999999998         1.2388383921156647E7
27.899999999999967        1.1804809312956033E7
27.929999999999975        1.2174248810590835E7
27.959999999999983        1.1819062417365775E7
27.989999999999977        1.1732132774837464E7
28.019999999999975        1.228347274725966E7
28.049999999999983        1.1995558373726077E7
28.07999999999997         1.140849466637783E7
28.10999999999998         1.0916930549994256E7
28.13999999999998         1.0373143696538731E7
28.169999999999973        1.017419181090325E7
28.199999999999974        1.0266371354419537E7
28.229999999999986        1.0145680062428355E7
28.259999999999977        1.0306504098401254E7
28.289999999999978        9522507.090693986
28.319999999999975        9734224.361322008
28.34999999999998         9320652.65479388
28.379999999999974        8742684.96192507
28.409999999999982        8696660.70278668
28.439999999999984        8238810.767777093
28.469999999999978        8062401.467825721
28.49999999999999         8144214.390783567
28.529999999999987        8320061.370954581
28.559999999999977        7617068.337035186
28.589999999999982        7236106.753165195
28.61999999999999         6330104.481761496
28.649999999999988        6099325.435701336
28.67999999999999         6339078.291601453
28.709999999999987        6372024.04613662
28.739999999999984        6467312.380097569
28.769999999999985        6554693.166986051
28.799999999999994        6205067.4018280655
28.829999999999995        5660555.343957521
28.859999999999992        5208597.507928362
28.890000000000004        5220363.501049306
28.919999999999987        5048059.118667068
28.949999999999996        5370768.046627614
28.98                     5161989.339220009
29.00999999999999         5214184.823276351
29.039999999999992        5192836.852807584
29.070000000000007        5278513.582039282
29.099999999999994        4890221.062663564
29.129999999999995        4453414.216314821
29.16                     4271879.108439349
29.189999999999998        3994345.1196451536
29.219999999999995        3990059.218399557
29.25                     4101181.1645479132
29.279999999999998        3951415.436816637
29.310000000000002        3837241.9908467596
29.340000000000003        3343096.5456996677
29.37                     3016211.6084052916
29.400000000000002        2936775.261147383
29.43                     3142343.32205796
29.460000000000004        2960630.903638833
29.489999999999995        2713448.0285072434
29.52                     2709298.374905686
29.55                     2455845.772571125
29.580000000000005        2155300.075518377
29.610000000000007        2036314.8432997826
29.640000000000015        1802983.899623425
29.67                     1720824.5141402709
29.700000000000006        1804388.1071870788
29.730000000000008        1900186.3480816432
29.760000000000005        1872238.369964205
29.790000000000013        1868346.667027887
29.820000000000018        1733704.1035540977
29.85                     1557873.563474838
29.880000000000006        1326814.0668053036
29.91000000000002         1187273.8289637233
29.940000000000012        1088290.0493139592
29.970000000000013        1030293.1901031533
30                        983634.088210935
