0                         1.3795779985602885E8
0.05999999999887514       1.3790810412235302E8
0.11999999999887717       1.3801109672856683E8
0.17999999999887917       1.3795303530821604E8
0.2399999999988812        1.3746759347192955E8
0.2999999999988833        1.377307181344375E8
0.3599999999988854        1.3754600476178178E8
0.41999999999888726       1.373703397777038E8
0.47999999999888915       1.3740248972850415E8
0.5399999999988913        1.3754131422425398E8
0.5999999999988934        1.368930983505646E8
0.6599999999988952        1.365399839081055E8
0.7199999999988972        1.3643470017899147E8
0.7799999999988996        1.3617358372567683E8
0.8399999999989014        1.3594045789453232E8
0.8999999999989036        1.356004522647628E8
0.9599999999989054        1.3522733315309653E8
1.0199999999989076        1.3513238083839458E8
1.0799999999989092        1.3502122583803487E8
1.1399999999989112        1.34519313647787E8
1.199999999998913         1.3391054920956439E8
1.2599999999989149        1.333356608247168E8
1.3199999999989172        1.3288087039635837E8
1.379999999998919         1.326801243884254E8
1.4399999999989206        1.3237886676678565E8
1.499999999998923         1.3173962276524074E8
1.5599999999989254        1.3138824060039677E8
1.619999999998927         1.3089287905024438E8
1.6799999999989284        1.3057661532663135E8
1.7399999999989315        1.3022912109521525E8
1.7999999999989322        1.2972384686769669E8
1.8599999999989345        1.2886944996735409E8
1.9199999999989363        1.286094518243906E8
1.979999999998938         1.2799294646545802E8
2.039999999998941         1.2741623652829787E8
2.099999999998942         1.2674366672519906E8
2.159999999998944         1.2608819000882539E8
2.2199999999989464        1.2523648120903605E8
2.2799999999989478        1.247045846673163E8
2.3399999999989496        1.241696200634404E8
2.3999999999989514        1.2327791185671501E8
2.4599999999989537        1.226007512708051E8
2.519999999998954         1.2182381507816704E8
2.5799999999989573        1.2085416678985777E8
2.6399999999989587        1.2055148213722324E8
2.6999999999989606        1.1961779027103508E8
2.759999999998963         1.1871235147701512E8
2.819999999998964         1.1795523563414112E8
2.879999999998967         1.1714265682684939E8
2.939999999998969         1.164539616581778E8
2.9999999999989697        1.1571106008272323E8
3.0599999999989715        1.1478109324241179E8
3.119999999998973         1.1373727374368888E8
3.1799999999989765        1.1297516015285528E8
3.239999999998977         1.1232194535996585E8
3.299999999998979         1.1149215103282578E8
3.359999999998983         1.1055958218991937E8
3.419999999998983         1.0947649415324026E8
3.479999999998984         1.084457196634034E8
3.5399999999989853        1.07635139834868E8
3.599999999998987         1.0687595863986701E8
3.6599999999989903        1.0606226021965963E8
3.7199999999989912        1.0489110876910344E8
3.7799999999989935        1.0381594761033821E8
3.8399999999989944        1.0300826682678667E8
3.899999999998996         1.0216685445920031E8
3.959999999998997         1.0101500808692287E8
4.0199999999989995        1.001703990173856E8
4.079999999999            9.924963252074416E7
4.139999999999002         9.820560598353204E7
4.1999999999990045        9.709747368515544E7
4.259999999999006         9.634770137591161E7
4.31999999999901          9.514576033282784E7
4.37999999999901          9.405393676456794E7
4.439999999999012         9.316098306281169E7
4.499999999999012         9.206990976661238E7
4.559999999999015         9.112142447647133E7
4.619999999999019         9.008983673600635E7
4.679999999999018         8.888717696708475E7
4.739999999999021         8.783270464056358E7
4.799999999999022         8.683725500765854E7
4.859999999999024         8.592025168231499E7
4.919999999999025         8.48510098072029E7
4.979999999999028         8.386547982743075E7
5.039999999999029         8.255958852118048E7
5.09999999999903          8.143711192611377E7
5.159999999999034         8.068528139294076E7
5.219999999999033         7.96845961638853E7
5.279999999999037         7.86288211515421E7
5.339999999999038         7.744920749829812E7
5.399999999999039         7.631867974219823E7
5.45999999999904          7.538525225088571E7
5.519999999999042         7.438629064138769E7
5.5799999999990435        7.334201800089681E7
5.639999999999046         7.221354789071171E7
5.699999999999047         7.108306019598751E7
5.75999999999905          7.01231508373042E7
5.819999999999052         6.915511010521485E7
5.879999999999052         6.802382404164119E7
5.939999999999055         6.683907520892007E7
5.999999999999055         6.579820610636792E7
6.059999999999058         6.483812343788812E7
6.1199999999990595        6.387639702703134E7
6.179999999999062         6.279551256067858E7
6.239999999999064         6.166444860852284E7
6.299999999999066         6.049760399651018E7
6.359999999999068         5.964224148516092E7
6.419999999999073         5.862732534925505E7
6.4799999999990705        5.7596639688956976E7
6.5399999999990746        5.6583921167471886E7
6.599999999999076         5.548694885977956E7
6.659999999999077         5.442785875237696E7
6.7199999999990805        5.352268455374016E7
6.779999999999083         5.264943047874855E7
6.839999999999085         5.15666373687539E7
6.899999999999087         5.053373273901165E7
6.959999999999093         4.961857595997398E7
7.019999999999091         4.866295947760366E7
7.079999999999092         4.781411066594356E7
7.139999999999095         4.687265884449314E7
7.199999999999098         4.590482309145361E7
7.259999999999101         4.494969009494644E7
7.319999999999101         4.4061793679229915E7
7.3799999999991055        4.322755429182515E7
7.439999999999106         4.23218810590378E7
7.499999999999107         4.134224427010321E7
7.559999999999109         4.035896316736992E7
7.619999999999111         3.959344064377235E7
7.679999999999115         3.8829081951514386E7
7.739999999999116         3.795381829509725E7
7.799999999999119         3.706584832644208E7
7.859999999999121         3.610434619793407E7
7.919999999999122         3.524408350746499E7
7.979999999999121         3.446545747909667E7
8.039999999999125         3.370403059897976E7
8.099999999999127         3.2914006563411124E7
8.15999999999913          3.2075954964856118E7
8.219999999999132         3.124466400125438E7
8.27999999999914          3.051439840649731E7
8.339999999999137         2.981389477727013E7
8.399999999999139         2.900585309069037E7
8.459999999999141         2.8241020196764685E7
8.519999999999143         2.7469929051572826E7
8.579999999999142         2.6756701360065237E7
8.639999999999148         2.605377944742282E7
8.699999999999152         2.5371603213811643E7
8.759999999999149         2.466310326591174E7
8.819999999999153         2.393587930531455E7
8.879999999999155         2.328126651038398E7
8.939999999999156         2.2610639812129855E7
8.999999999999158         2.1946551069567353E7
9.05999999999916          2.128256434407049E7
9.119999999999164         2.0587324239244584E7
9.179999999999165         1.995687790857747E7
9.239999999999167         1.943983070194182E7
9.29999999999917          1.8925299073417988E7
9.359999999999173         1.83128221107433E7
9.419999999999174         1.767030801406279E7
9.479999999999174         1.7015825295636002E7
9.539999999999178         1.6461400512041993E7
9.59999999999918          1.5982628720648834E7
9.659999999999181         1.546411447264246E7
9.719999999999182         1.4932817517450202E7
9.779999999999184         1.4383877653928012E7
9.839999999999186         1.3874312652013987E7
9.899999999999189         1.3391747592621466E7
9.95999999999919          1.291601394882564E7
10.019999999999193        1.2430981117325142E7
10.079999999999195        1.1931894727765528E7
10.139999999999194        1.1510196265659733E7
10.1999999999992          1.1077030010465916E7
10.259999999999202        1.06630727557368E7
10.319999999999204        1.0212525246663468E7
10.379999999999207        9769946.103167735
10.439999999999207        9405296.053638224
10.499999999999208        9044930.104606973
10.559999999999212        8676046.555589655
10.619999999999218        8278531.470087817
10.679999999999218        7887751.612309258
10.73999999999922         7532202.098188791
10.799999999999221        7210539.739794136
10.859999999999221        6892408.1541700745
10.919999999999225        6566661.505243817
10.979999999999222        6250593.513489636
11.03999999999923         5929774.161840214
11.099999999999232        5632701.889314568
11.159999999999235        5365622.265619979
11.219999999999235        5091553.759955691
11.279999999999239        4795757.855186663
11.339999999999241        4542065.036587582
11.39999999999924         4317306.341898274
11.459999999999244        4081963.9330553417
11.519999999999248        3858554.0285263406
11.579999999999247        3632960.7147607994
11.639999999999247        3397424.6183044882
11.699999999999255        3174115.596233443
11.759999999999254        2989691.380403306
11.819999999999254        2813923.03322541
11.879999999999262        2625796.8408391415
11.939999999999259        2437078.5738929915
11.99999999999926         2252102.8177573956
12.059999999999269        2103770.610531311
12.119999999999262        1964955.0259729016
12.179999999999268        1812216.1110537031
12.239999999999265        1673880.4486845336
12.299999999999274        1537316.4190469675
12.359999999999271        1422055.6102204884
12.419999999999272        1304023.4770180534
12.479999999999272        1198877.0531290078
12.539999999999274        1093695.1369640797
12.599999999999278        987156.4381884843
12.659999999999277        894309.0958817858
12.719999999999276        812787.0387276439
12.779999999999276        738130.0915501819
12.839999999999279        660215.3160968742
12.899999999999283        592438.6461033565
12.959999999999283        540884.0679352249
13.019999999999285        485347.3935149449
13.079999999999288        433606.4784201265
13.139999999999286        378809.9783247133
13.199999999999287        325097.43833464646
13.259999999999287        285705.3803207665
13.319999999999295        258016.30148535743
13.379999999999292        231219.87345959555
13.439999999999294        207189.28500973934
13.499999999999297        183586.86244605246
13.559999999999299        164504.72913155635
13.6199999999993          155310.1204938706
13.679999999999298        150092.02139760947
13.739999999999304        143715.24978152217
13.7999999999993          139131.39981130263
13.859999999999303        138504.5258610082
13.919999999999309        142634.0196391425
13.979999999999308        150677.51747925582
14.03999999999931         158755.00567170797
14.09999999999931         170251.019717825
14.159999999999313        187124.16188876086
14.219999999999317        205500.91615202642
14.279999999999312        224198.20191285046
14.339999999999316        245551.8050757723
14.399999999999315        268949.3096633022
14.459999999999322        295993.8328781157
14.519999999999321        329006.3946143464
14.579999999999325        360851.83783064724
14.639999999999322        393156.8407586517
14.699999999999324        425459.39479114633
14.75999999999933         464881.44906492834
14.819999999999325        507268.76112851
14.879999999999331        543301.239639502
14.939999999999324        578082.0256202401
14.999999999999332        615703.8997998678
15.059999999999333        655508.5533649845
15.119999999999331        699550.7875943299
15.179999999999337        753418.9279962818
15.239999999999338        802198.7490619194
15.299999999999338        842374.9687635745
15.359999999999342        887870.8396445347
15.419999999999344        935356.2147666522
15.479999999999345        983887.8526225287
15.539999999999344        1030247.8799609753
15.599999999999346        1071981.306709689
15.659999999999348        1115380.7745076453
15.719999999999352        1167213.2099636206
15.779999999999351        1217846.834017255
15.839999999999355        1260765.8594581988
15.899999999999359        1305029.5312696341
15.959999999999356        1348538.359504837
16.019999999999357        1399410.2511690485
16.07999999999935         1463160.812023754
16.139999999999358        1518429.0035522108
16.199999999999363        1548867.507564694
16.259999999999355        1573096.820981158
16.319999999999368        1610052.724653703
16.379999999999356        1656274.1234557966
16.439999999999365        1705270.8693946504
16.499999999999368        1746542.112435909
16.559999999999363        1778052.8848245204
16.619999999999365        1820096.4492727767
16.679999999999374        1862458.6478951734
16.739999999999373        1906197.0550849847
16.799999999999372        1940747.529698967
16.859999999999374        1972366.1443132781
16.919999999999376        2004795.3780753564
16.97999999999938         2044374.8479236343
17.03999999999938         2076939.11441341
17.099999999999383        2103645.289523457
17.15999999999938         2121460.838512002
17.21999999999938         2140008.26042836
17.27999999999939         2181200.0249352115
17.339999999999392        2223252.727520677
17.39999999999938         2247344.653774754
17.45999999999939         2261699.0789668616
17.519999999999392        2270861.038887592
17.57999999999939         2285986.942303837
17.639999999999397        2313851.142890021
17.69999999999939         2349289.371858594
17.759999999999398        2359694.142169996
17.81999999999939         2354940.8694240157
17.8799999999994          2360113.2221297296
17.939999999999394        2373502.543728105
17.999999999999403        2397347.5051359846
18.0599999999994          2414598.8680141903
18.119999999999408        2418689.3972527026
18.1799999999994          2419066.4344944553
18.239999999999405        2416186.8129790206
18.299999999999415        2412821.7615763075
18.359999999999413        2411437.417702799
18.419999999999412        2408996.346098165
18.47999999999941         2404841.51844201
18.539999999999413        2403845.7587964004
18.599999999999405        2405387.4691002686
18.659999999999414        2389580.881858649
18.71999999999942         2367209.8826954705
18.77999999999942         2356922.4781538327
18.839999999999417        2360295.9323924743
18.899999999999423        2359369.9375214414
18.959999999999425        2350551.3713720427
19.019999999999424        2327024.41514002
19.079999999999423        2302726.970274361
19.139999999999425        2277782.818974551
19.199999999999434        2264330.2085611587
19.25999999999943         2253106.9400931504
19.31999999999943         2233644.943695391
19.379999999999434        2208185.150164732
19.43999999999943         2184062.127506543
19.499999999999435        2162456.2804268035
19.559999999999434        2139518.7924326984
19.619999999999436        2117319.7790318183
19.67999999999944         2089315.6499907756
19.73999999999944         2059687.4028789098
19.799999999999443        2042233.6027327105
19.859999999999445        2018794.556500467
19.919999999999447        1990902.5024646637
19.979999999999446        1958762.8909993407
20.039999999999445        1919413.7336090484
20.099999999999447        1889236.1007751168
20.159999999999453        1870385.167542881
20.21999999999946         1850051.9417825402
20.27999999999945         1816018.831279498
20.339999999999456        1777864.8976447862
20.39999999999946         1747147.7806894805
20.459999999999457        1721420.9127669064
20.519999999999456        1696320.9804773782
20.57999999999946         1661087.7692524185
20.639999999999464        1617112.3340153927
20.699999999999463        1578884.7365276734
20.75999999999946         1545187.916259179
20.819999999999467        1515664.5783723162
20.87999999999947         1483264.4674346556
20.93999999999947         1444405.5338822866
20.99999999999947         1403187.4681567287
21.059999999999473        1368936.0543544292
21.119999999999475        1337305.4885553832
21.179999999999474        1298975.2432020588
21.23999999999948         1251704.865646391
21.29999999999948         1212870.9931508196
21.359999999999484        1180949.558638691
21.41999999999948         1154642.09506024
21.47999999999949         1124171.976769703
21.53999999999948         1084537.9114936497
21.599999999999486        1039564.4287471926
21.659999999999485        996469.6337871684
21.719999999999484        964270.9984561774
21.77999999999949         935468.4753230421
21.839999999999485        901191.3096655946
21.89999999999949         864525.7735579751
21.959999999999493        824425.0894952182
22.019999999999488        786609.8718780187
22.079999999999504        755011.3183459311
22.1399999999995          723386.8410798814
22.199999999999495        685370.7780871219
22.2599999999995          647631.3021393475
22.3199999999995          615382.4817290091
22.3799999999995          584532.411225266
22.4399999999995          555527.2957611541
22.499999999999506        527966.8892488644
22.55999999999951         499737.8339372156
22.619999999999514        471648.8900190513
22.679999999999506        443802.40444462915
22.73999999999951         415187.88504470116
22.79999999999952         386494.92698884086
22.859999999999513        359075.5249699143
22.919999999999522        335353.5811429677
22.979999999999514        314732.7559108643
23.03999999999952         294081.0479299749
23.099999999999525        269333.3462837991
23.15999999999952         243278.63823881172
23.219999999999526        220564.51293141636
23.27999999999953         201513.05356499722
23.339999999999527        183712.3693427089
23.399999999999523        167407.95656038955
23.45999999999953         150402.3290096842
23.519999999999527        133200.8976795404
23.579999999999536        116745.6607924197
23.639999999999528        102966.27967635148
23.699999999999534        90032.0329675025
23.75999999999955         76769.47839309604
23.819999999999535        64556.95961958728
23.87999999999953         53957.00509938134
23.93999999999954         44641.32070866654
23.999999999999545        35998.354235631225
24.05999999999954         27732.069867610262
24.119999999999543        20142.45558338297
24.179999999999538        13917.371127107617
24.239999999999537        9421.365490450176
24.299999999999542        5925.676474182331
24.359999999999538        3143.5244495461784
24.419999999999543        1203.771473515014
24.479999999999542        372.6280992083898
24.53999999999954         692.9942162158761
24.59999999999954         1866.3793951525893
24.65999999999954         4062.4302776248755
24.719999999999537        7760.4919994083275
24.779999999999536        12531.467650248725
24.83999999999954         17848.295662934288
24.899999999999537        23967.832998163263
24.959999999999543        31440.95695140622
25.01999999999954         40528.99102469281
25.07999999999954         50820.94665736618
25.13999999999954         61706.61147321344
25.19999999999954         72715.26976885727
25.259999999999547        84723.05299460409
25.319999999999535        99088.29172611915
25.379999999999534        115221.66542574165
25.439999999999532        131357.0569330992
25.499999999999556        145855.28621235714
25.559999999999548        161281.6396489981
25.61999999999954         180188.22114855773
25.679999999999552        202448.83241216926
25.739999999999537        224527.45491465184
25.799999999999535        245042.31962984146
25.85999999999954         264699.34732840984
25.919999999999543        286037.5932028034
25.97999999999955         311846.9376780281
26.039999999999544        341801.1750880111
26.09999999999955         370676.76947034255
26.159999999999542        394987.9757846813
26.21999999999954         418100.88633072627
26.279999999999536        444233.82235229685
26.339999999999534        474574.7145250642
26.399999999999544        508203.71800751844
26.459999999999543        543163.6871937328
26.519999999999534        576482.7328644309
26.579999999999544        607152.3715338846
26.639999999999546        639239.3584110497
26.699999999999548        671610.1162802087
26.759999999999536        704982.4023765356
26.819999999999546        743675.049788988
26.879999999999544        786906.9194336185
26.939999999999554        831275.9314590477
26.99999999999954         873453.222250572
27.059999999999558        911862.603136244
27.11999999999954         947544.2948742805
27.179999999999538        987413.5397215898
27.23999999999955         1034324.0040610404
27.299999999999535        1082121.7724226401
27.359999999999545        1128715.3125494302
27.41999999999955         1172963.8364854422
27.479999999999542        1217416.6883698257
27.53999999999954         1265903.3011241034
27.59999999999955         1317277.1078461423
27.65999999999954         1369016.9120563052
27.719999999999537        1417033.9147670039
27.779999999999546        1464546.376258933
27.839999999999545        1515474.428728089
27.899999999999544        1571278.2151059527
27.959999999999543        1629787.995553728
28.01999999999954         1685980.424128396
28.07999999999954         1739683.3933217118
28.13999999999955         1796013.9588532338
28.199999999999537        1854368.4236479884
28.259999999999547        1912344.2497788705
28.319999999999546        1968427.708227892
28.379999999999544        2023362.1253620512
28.439999999999543        2081486.0548641009
28.49999999999954         2142625.947870236
28.559999999999548        2204423.2996272743
28.61999999999956         2259994.1846741484
28.67999999999955         2309567.0008691805
28.739999999999547        2366631.781495016
28.79999999999955         2432935.249374712
28.859999999999538        2503473.102929158
28.919999999999543        2570165.047444707
28.979999999999535        2629797.8511036746
29.03999999999954         2685704.91655546
29.09999999999955         2746518.909046029
29.159999999999553        2817619.5057773176
29.219999999999544        2886966.0048560826
29.279999999999546        2951496.264051162
29.339999999999552        3018705.0617260877
29.399999999999544        3087393.1945060147
29.459999999999543        3158578.970848487
29.51999999999955         3228246.8741800077
29.579999999999544        3291737.017700049
29.63999999999954         3351953.1168113556
29.69999999999954         3421393.5464340574
29.759999999999547        3503042.594412381
29.819999999999546        3585211.815384423
29.879999999999544        3658932.289597853
29.939999999999543        3723245.371738024
29.999999999999552        3788042.3235626398
30.05999999999954         3862458.5861252644
30.11999999999954         3945829.0091818264
30.179999999999538        4030853.824878071
30.239999999999547        4110378.1864813156
30.299999999999546        4183897.750966933
30.359999999999545        4260286.484389109
30.419999999999543        4346404.945778059
30.479999999999553        4437521.717772631
30.539999999999548        4523179.577733021
30.59999999999954         4601081.572898618
30.65999999999954         4681478.911961719
30.719999999999555        4764952.714110653
30.779999999999546        4848662.068029132
30.839999999999545        4936410.981666527
30.899999999999547        5027714.6418945175
30.959999999999543        5120927.4119943315
31.019999999999552        5212423.050484382
31.07999999999955         5306048.466532263
31.13999999999955         5396697.762966082
31.199999999999548        5483558.654127108
31.259999999999547        5578766.919223774
31.31999999999955         5680176.223343868
31.379999999999548        5778539.506467152
31.43999999999955         5868396.928233908
31.499999999999556        5949684.840813979
31.559999999999555        6034444.160430569
31.619999999999536        6135041.259934999
31.67999999999955         6250285.936817519
31.73999999999954         6361847.28710337
31.799999999999542        6465214.792536384
31.85999999999954         6561120.104678844
31.919999999999547        6653407.730428509
31.979999999999542        6754329.427331467
32.03999999999955         6866516.26053373
32.09999999999954         6978385.327006428
32.15999999999954         7083747.376669161
32.219999999999544        7188512.34112913
32.27999999999953         7297726.17103504
32.33999999999954         7409626.970003044
32.39999999999955         7520518.033757944
32.45999999999955         7634757.275462644
32.519999999999534        7756848.3694309695
32.57999999999954         7883438.770529843
32.639999999999546        8009205.681188028
32.69999999999954         8125189.121006733
32.75999999999955         8232806.077423934
32.81999999999954         8341925.83398706
32.87999999999955         8463914.00949039
32.93999999999954         8600130.94043571
32.99999999999955         8735803.145241171
33.05999999999955         8861641.190863369
33.119999999999536        8984388.923100566
33.179999999999545        9122248.747966958
33.23999999999954         9271452.63219651
33.29999999999954         9416087.369342012
33.35999999999956         9552596.168738816
33.41999999999955         9685945.541534744
33.47999999999955         9822505.320795223
33.53999999999954         9970433.749210449
33.599999999999554        1.0127781353908174E7
33.65999999999955         1.0279043119974528E7
33.719999999999544        1.0421602235753745E7
33.779999999999546        1.0570106998451585E7
33.83999999999955         1.072715295096644E7
33.89999999999955         1.0890650677741466E7
33.95999999999954         1.1052054944096811E7
34.019999999999555        1.1205058807534507E7
34.07999999999955         1.1355570208439454E7
34.139999999999546        1.152030459971598E7
34.199999999999555        1.169759390728359E7
34.25999999999955         1.1871962325210826E7
34.31999999999955         1.2034456159141857E7
34.37999999999954         1.2186381524029076E7
34.439999999999564        1.2341027038574152E7
34.499999999999545        1.251104680598159E7
34.559999999999555        1.269913698004721E7
34.61999999999957         1.2892956866433222E7
34.67999999999954         1.3077555386595953E7
34.73999999999954         1.3254516209176099E7
34.799999999999564        1.3430564558147604E7
34.859999999999545        1.3610997927533593E7
34.91999999999955         1.37924145202635E7
34.979999999999556        1.397662532814374E7
35.03999999999956         1.4168490678731812E7
35.099999999999554        1.4368425395884763E7
35.15999999999956         1.457430005254331E7
35.219999999999544        1.4775252267249689E7
35.27999999999956         1.4974506939034566E7
35.339999999999556        1.517958879716531E7
35.39999999999954         1.539134870329222E7
35.45999999999954         1.5608676189881174E7
35.519999999999555        1.5825178971510625E7
35.57999999999955         1.6032771119518612E7
35.63999999999954         1.6240202348098438E7
35.699999999999555        1.6463734243726477E7
35.75999999999955         1.6703789753346363E7
35.819999999999546        1.6945957785297554E7
35.87999999999954         1.7181222076694466E7
35.93999999999956         1.7407067888088062E7
35.99999999999956         1.7631884043527897E7
36.05999999999954         1.787262366294988E7
36.119999999999536        1.81336875556971E7
36.17999999999955         1.8397488082890294E7
36.239999999999554        1.8656522463835858E7
36.29999999999954         1.8907066688614372E7
36.35999999999956         1.915468482427143E7
36.41999999999955         1.941054356782413E7
36.47999999999955         1.9677427626168773E7
36.53999999999954         1.9950753851996604E7
36.59999999999954         2.0228895155998565E7
36.65999999999955         2.0519012324437026E7
36.71999999999956         2.0813226784261696E7
36.779999999999546        2.109682755850917E7
36.83999999999955         2.137189716260454E7
36.89999999999955         2.1649957477397908E7
36.95999999999955         2.1945477033412125E7
37.019999999999555        2.2255750969850168E7
37.07999999999954         2.257035359307118E7
37.139999999999546        2.2873497059967052E7
37.199999999999555        2.3161040280456573E7
37.25999999999956         2.345531909472965E7
37.319999999999546        2.376970799861616E7
37.37999999999954         2.4097713376042712E7
37.43999999999956         2.4422228159711212E7
37.49999999999956         2.4737387853244066E7
37.55999999999954         2.5055295550495576E7
37.61999999999955         2.5389574042420294E7
37.67999999999956         2.573444495124015E7
37.73999999999955         2.6075816936693307E7
37.79999999999954         2.641086140980294E7
37.85999999999956         2.674538302587877E7
37.91999999999957         2.7087194907815244E7
37.97999999999955         2.7446678909470063E7
38.03999999999954         2.781597857255135E7
38.09999999999957         2.817575164765359E7
38.159999999999556        2.8527587874691963E7
38.21999999999956         2.8887908436039045E7
38.27999999999957         2.9259417525740992E7
38.33999999999955         2.96386941932609E7
38.39999999999955         3.0017684113454916E7
38.45999999999957         3.039208724716175E7
38.51999999999954         3.0765131761376582E7
38.57999999999955         3.115596355575576E7
38.63999999999956         3.1569311983402338E7
38.69999999999955         3.1985100807194173E7
38.75999999999955         3.2390258998695847E7
38.81999999999956         3.27843181144422E7
38.87999999999957         3.3184311626564458E7
38.93999999999956         3.360806871077294E7
38.99999999999955         3.405090305781543E7
39.05999999999955         3.449734624983985E7
39.11999999999955         3.493256438444652E7
39.17999999999956         3.5360200230825864E7
39.23999999999955         3.578351190525339E7
39.29999999999956         3.620589391978354E7
39.35999999999956         3.664022486992159E7
39.419999999999554        3.709282409809511E7
39.47999999999954         3.756264477177181E7
39.53999999999955         3.804106302567588E7
39.59999999999956         3.851246079815716E7
39.65999999999955         3.8960616326310046E7
39.719999999999544        3.939510683787001E7
39.77999999999956         3.9848150892504565E7
39.839999999999556        4.033901019282222E7
39.89999999999955         4.0855990001142874E7
39.95999999999954         4.137020983096672E7
40.019999999999555        4.1856228541393235E7
40.079999999999565        4.231780691814022E7
40.13999999999956         4.277994932292425E7
40.19999999999955         4.325904692011892E7
40.25999999999955         4.375888589381778E7
40.31999999999955         4.427246303784255E7
40.379999999999555        4.4782434389818616E7
40.43999999999956         4.5284855273546875E7
40.49999999999955         4.578940041642502E7
40.55999999999956         4.630198529473259E7
40.61999999999955         4.681397542153106E7
40.67999999999955         4.732806042968843E7
40.739999999999554        4.785293757994276E7
40.79999999999957         4.838614080630454E7
40.85999999999956         4.892333723803274E7
40.91999999999955         4.94616130745176E7
40.97999999999955         4.999961443323639E7
41.03999999999958         5.054323331585643E7
41.099999999999554        5.109932404644378E7
41.15999999999955         5.165769621913137E7
41.219999999999544        5.21980109040288E7
41.27999999999956         5.272599769983403E7
41.339999999999556        5.326494837722465E7
41.399999999999565        5.3833477334425725E7
41.45999999999955         5.442644472749722E7
41.51999999999956         5.5014935848087944E7
41.57999999999957         5.557438849473608E7
41.639999999999546        5.6114948597595565E7
41.69999999999956         5.66727199201463E7
41.75999999999957         5.726454551755053E7
41.81999999999955         5.7877340282443516E7
41.87999999999955         5.84899628525862E7
41.93999999999957         5.9090165558478236E7
41.99999999999956         5.9676460319536835E7
42.059999999999555        6.026171073998589E7
42.119999999999564        6.085411428726712E7
42.17999999999955         6.1450118586908996E7
42.23999999999957         6.20499453214457E7
42.29999999999956         6.2658480746088125E7
42.35999999999955         6.3279165666706316E7
42.419999999999554        6.390525737522193E7
42.479999999999556        6.451713394713138E7
42.53999999999956         6.510316164612521E7
42.599999999999554        6.567801699523134E7
42.659999999999556        6.627268738802089E7
42.71999999999955         6.6896087271545276E7
42.77999999999956         6.753705816850318E7
42.839999999999556        6.817526073405257E7
42.89999999999956         6.87872823098754E7
42.959999999999575        6.937226071200635E7
43.01999999999956         6.9956517657562E7
43.07999999999955         7.055819792149304E7
43.139999999999574        7.116781992081584E7
43.19999999999956         7.177279852675353E7
43.259999999999565        7.237741070160227E7
43.31999999999955         7.298377921698496E7
43.37999999999957         7.358909362693468E7
43.43999999999957         7.418790307802597E7
43.49999999999956         7.477741567866896E7
43.55999999999957         7.536823230626428E7
43.61999999999957         7.59705360383987E7
43.67999999999956         7.657519927027255E7
43.739999999999576        7.716948011391182E7
43.79999999999957         7.775128401572867E7
43.859999999999566        7.83314325681384E7
43.91999999999956         7.892177885510664E7
43.979999999999585        7.95223406506773E7
44.039999999999566        8.011716618968812E7
44.09999999999957         8.068270760881642E7
44.15999999999959         8.122701694430868E7
44.21999999999957         8.178160744085073E7
44.27999999999956         8.236094946904203E7
44.33999999999957         8.295408821281917E7
44.39999999999958         8.35397838578283E7
44.45999999999957         8.410252056663795E7
44.51999999999958         8.464143417107557E7
44.579999999999565        8.517684537270656E7
44.63999999999958         8.573103237641025E7
44.699999999999584        8.630422062766887E7
44.75999999999957         8.688359790128556E7
44.81999999999958         8.745094708594611E7
44.87999999999958         8.799663320326544E7
44.93999999999958         8.852456167524013E7
44.99999999999959         8.90399977979712E7
45.05999999999958         8.95524456445646E7
45.11999999999957         9.007950794675462E7
45.179999999999595        9.062672519052172E7
45.239999999999576        9.117101861960776E7
45.29999999999958         9.168337063592015E7
45.35999999999957         9.216087259028481E7
45.41999999999958         9.26194896312512E7
45.479999999999585        9.308945459779282E7
45.53999999999958         9.359299107126126E7
45.59999999999959         9.411106508206806E7
45.65999999999959         9.460310335473357E7
45.71999999999958         9.50549681417842E7
45.779999999999575        9.548880192736495E7
45.8399999999996          9.593244848414756E7
45.89999999999959         9.638945197008377E7
45.95999999999958         9.684316963496809E7
46.019999999999584        9.727335227201241E7
46.07999999999959         9.768128203896892E7
46.13999999999959         9.808276006504276E7
46.19999999999959         9.848176003391254E7
46.25999999999959         9.887363213302596E7
46.31999999999958         9.925249250275585E7
46.3799999999996          9.961957330015151E7
46.43999999999958         9.998105795232208E7
46.49999999999959         1.0034341309526604E8
46.55999999999958         1.007044212242138E8
46.619999999999585        1.0104736731056188E8
46.679999999999595        1.013675432708047E8
46.73999999999959         1.0167823301376873E8
46.799999999999585        1.0198928134300606E8
46.8599999999996          1.0230222655542377E8
46.919999999999604        1.0260731006869796E8
46.97999999999959         1.028907396766199E8
47.039999999999594        1.0315604089740527E8
47.09999999999961         1.0342234339918087E8
47.15999999999959         1.0369978553716268E8
47.21999999999959         1.0397699304806058E8
47.27999999999962         1.0423499588084663E8
47.3399999999996          1.0446177245557047E8
47.399999999999594        1.0466281419249026E8
47.45999999999961         1.0486043437016532E8
47.519999999999605        1.050616474540884E8
47.5799999999996          1.052577612751228E8
47.63999999999961         1.0544715093109074E8
47.69999999999961         1.0563129635253362E8
47.75999999999959         1.0580127623824798E8
47.81999999999962         1.0594326210081954E8
47.8799999999996          1.0605442682188503E8
47.9399999999996          1.0614751783509392E8
48                        1.0624397582051516E8
