0                         4866.453735393079
0.05999999999887493       16402.069648868553
0.11999999999887696       44021.57051811746
0.179999999998879         90257.61328177243
0.23999999999888103       150575.92592663967
0.29999999999888305       232195.53141747674
0.3599999999988851        329988.6566766793
0.4199999999988871        477432.45474821195
0.4799999999988891        597998.9664943242
0.5399999999988911        742519.463570337
0.5999999999988932        954736.7624992803
0.6599999999988952        1151235.1245248164
0.7199999999988971        1377855.262059613
0.7799999999988994        1608291.1144483208
0.8399999999989012        1865283.246134143
0.8999999999989028        2142431.9930540086
0.9599999999989051        2439007.2370025106
1.0199999999989067        2744154.4313847143
1.079999999998909         3053278.5571100507
1.139999999998911         3387267.081785607
1.199999999998913         3755905.2854784676
1.2599999999989149        4154382.3818491823
1.3199999999989172        4542050.060338
1.3799999999989185        4911013.48606604
1.4399999999989206        5346819.328291874
1.499999999998923         5741781.061669812
1.5599999999989245        6238336.820473535
1.619999999998927         6761030.0894337315
1.6799999999989286        7244573.003542718
1.7399999999989304        7713620.700534329
1.7999999999989322        8194848.466870157
1.859999999998934         8707361.117333153
1.9199999999989366        9249990.056126067
1.979999999998938         9873340.961477593
2.0399999999989404        1.0437008085059788E7
2.099999999998942         1.1088978453102797E7
2.159999999998943         1.1702809151142122E7
2.2199999999989455        1.2351012682388382E7
2.2799999999989478        1.2923365707514688E7
2.339999999998949         1.357129909366556E7
2.3999999999989514        1.420702807679973E7
2.4599999999989537        1.4765428975274403E7
2.519999999998954         1.554614892117132E7
2.579999999998957         1.624244619056267E7
2.6399999999989587        1.6910275919850845E7
2.6999999999989606        1.7624025628688283E7
2.7599999999989624        1.8308690535510924E7
2.819999999998964         1.906255575711891E7
2.879999999998967         1.97803713722893E7
2.939999999998969         2.058741251011989E7
2.9999999999989697        2.1217213031807896E7
3.059999999998972         2.191226616900564E7
3.119999999998973         2.2717318448016252E7
3.1799999999989748        2.3517931680164617E7
3.239999999998977         2.438225853045837E7
3.299999999998979         2.5100329186438225E7
3.359999999998981         2.5845688150399588E7
3.419999999998982         2.6687847083897017E7
3.479999999998984         2.7472724415081047E7
3.5399999999989853        2.8342619811294608E7
3.599999999998987         2.91838917819481E7
3.6599999999989885        2.9930852225638885E7
3.7199999999989912        3.069413378259184E7
3.7799999999989935        3.152633316870361E7
3.8399999999989944        3.233417035206622E7
3.8999999999989967        3.3132880304902602E7
3.959999999998997         3.395062159028406E7
4.0199999999989995        3.4659240756588064E7
4.079999999999            3.54865988379659E7
4.139999999999002         3.641492296427538E7
4.1999999999990045        3.7281019123367056E7
4.259999999999007         3.792284589019152E7
4.31999999999901          3.879015429301279E7
4.37999999999901          3.952150374779966E7
4.439999999999012         4.051710360545548E7
4.499999999999012         4.133913558339031E7
4.559999999999015         4.2063517265606254E7
4.619999999999015         4.291605277042547E7
4.679999999999018         4.364891489466555E7
4.739999999999022         4.445701695389002E7
4.799999999999022         4.5274690428679645E7
4.859999999999024         4.6104377602123246E7
4.919999999999025         4.6837692309229665E7
4.979999999999027         4.747724361561249E7
5.0399999999990275        4.8396348095412716E7
5.0999999999990315        4.91047484359947E7
5.159999999999034         4.980169630083953E7
5.219999999999034         5.048911481962751E7
5.279999999999037         5.113900260949109E7
5.339999999999037         5.19365960359867E7
5.399999999999039         5.2714216030558914E7
5.45999999999904          5.338605469648334E7
5.519999999999042         5.400826059827881E7
5.579999999999047         5.47444168867765E7
5.639999999999046         5.540908494113172E7
5.699999999999045         5.610727689008773E7
5.759999999999049         5.681514557240248E7
5.819999999999051         5.7436832298956744E7
5.879999999999052         5.811506165758496E7
5.939999999999055         5.87807950575649E7
5.999999999999055         5.93101765105265E7
6.059999999999058         5.995799641152417E7
6.119999999999062         6.050700133556395E7
6.179999999999062         6.099019084004923E7
6.239999999999064         6.162441144688884E7
6.299999999999066         6.224798371597863E7
6.359999999999069         6.26917662025986E7
6.419999999999073         6.3335495291242264E7
6.4799999999990705        6.363293609590473E7
6.5399999999990746        6.4112025628306285E7
6.599999999999074         6.452971494429458E7
6.659999999999077         6.506221945648045E7
6.7199999999990805        6.556777180458176E7
6.779999999999083         6.601772540757049E7
6.839999999999086         6.6371984605608374E7
6.899999999999087         6.671531922155257E7
6.959999999999093         6.727135692926766E7
7.019999999999091         6.765332068499878E7
7.079999999999094         6.785975454844293E7
7.139999999999095         6.823557972304872E7
7.199999999999097         6.850670760942663E7
7.259999999999101         6.884055824751896E7
7.3199999999991014        6.925597854940869E7
7.3799999999991055        6.959030196059488E7
7.439999999999104         6.96730491009709E7
7.499999999999107         6.982223698728517E7
7.5599999999991105        7.01046156963733E7
7.619999999999111         7.02949414604755E7
7.679999999999114         7.051891430541229E7
7.739999999999116         7.057480950168385E7
7.799999999999119         7.068493382892668E7
7.859999999999121         7.090590052952385E7
7.919999999999121         7.116947891823277E7
7.979999999999123         7.123965227683102E7
8.039999999999129         7.124835950853036E7
8.099999999999127         7.120186828180125E7
8.15999999999913          7.124537183571786E7
8.219999999999132         7.134710087520781E7
8.279999999999132         7.136661664237407E7
8.339999999999137         7.143890141403922E7
8.399999999999135         7.145015960591148E7
8.459999999999143         7.119449462217517E7
8.519999999999143         7.120333705925901E7
8.579999999999142         7.114913237124321E7
8.639999999999148         7.108664747800535E7
8.699999999999152         7.08706498069943E7
8.759999999999149         7.079454513742283E7
8.819999999999155         7.059724077784319E7
8.879999999999153         7.052452374919713E7
8.939999999999156         7.039722889306673E7
8.99999999999916          7.009390088206129E7
9.05999999999916          6.988162523694013E7
9.119999999999164         6.97271318435346E7
9.179999999999165         6.947800135576308E7
9.239999999999167         6.927705698548861E7
9.29999999999917          6.902637900175168E7
9.35999999999917          6.863774412807108E7
9.41999999999917          6.834000439805691E7
9.479999999999176         6.814840215326634E7
9.539999999999178         6.779024117712441E7
9.59999999999918          6.741209906039508E7
9.659999999999181         6.6999963716900356E7
9.719999999999184         6.657644233961207E7
9.779999999999188         6.62282333213702E7
9.839999999999186         6.5871485557418704E7
9.899999999999189         6.552044471438457E7
9.95999999999919          6.5005332700332835E7
10.019999999999191        6.457952777117336E7
10.079999999999195        6.4092480220985845E7
10.139999999999198        6.366252031320627E7
10.199999999999198        6.318484635219474E7
10.259999999999202        6.2708701614215076E7
10.319999999999201        6.226136046277522E7
10.379999999999207        6.170015870578618E7
10.439999999999209        6.116776356458361E7
10.499999999999208        6.068607544218991E7
10.559999999999212        6.0112679440196745E7
10.619999999999218        5.958807735926384E7
10.679999999999215        5.902254470421912E7
10.73999999999922         5.849967586438147E7
10.799999999999223        5.783723168643874E7
10.859999999999221        5.733409414118273E7
10.919999999999222        5.669691782159693E7
10.979999999999228        5.604233119239149E7
11.03999999999923         5.552350311989223E7
11.099999999999234        5.49880661488003E7
11.159999999999235        5.429619696951474E7
11.219999999999235        5.358680171727815E7
11.279999999999239        5.282319098790921E7
11.339999999999241        5.2187444033660345E7
11.399999999999242        5.1708711247197255E7
11.459999999999248        5.112394943508953E7
11.519999999999246        5.045615582845912E7
11.579999999999247        4.97413597301938E7
11.63999999999925         4.900108657892665E7
11.699999999999253        4.8320612147047386E7
11.759999999999252        4.7612298648123555E7
11.819999999999254        4.6883456168314196E7
11.879999999999258        4.615038999295149E7
11.939999999999259        4.5506333138527766E7
11.999999999999261        4.4927578353285685E7
12.059999999999258        4.4265062415834285E7
12.119999999999262        4.360378289276871E7
12.179999999999264        4.281622444817129E7
12.239999999999265        4.212261498673722E7
12.299999999999274        4.142257837826069E7
12.359999999999271        4.074661801111768E7
12.419999999999272        4.005274199990917E7
12.479999999999272        3.928447714066838E7
12.539999999999274        3.8568276091166176E7
12.599999999999278        3.788605719975706E7
12.659999999999279        3.721431850622055E7
12.719999999999287        3.652270249108221E7
12.779999999999283        3.578935179612782E7
12.839999999999284        3.510759934376386E7
12.899999999999283        3.434229336390014E7
12.959999999999283        3.368473984482039E7
13.019999999999285        3.304137972191369E7
13.079999999999288        3.2360159687276836E7
13.139999999999295        3.164703044819194E7
13.199999999999287        3.0943522926266704E7
13.259999999999295        3.0228457436451133E7
13.319999999999295        2.959858225644324E7
13.379999999999294        2.8961089040179655E7
13.439999999999294        2.8265255729713086E7
13.499999999999297        2.757937638991913E7
13.559999999999299        2.6934251258656446E7
13.6199999999993          2.631295547329475E7
13.679999999999298        2.565979994524667E7
13.739999999999304        2.4990125540070847E7
13.7999999999993          2.4327381094052006E7
13.859999999999303        2.370337054488153E7
13.919999999999309        2.3108453478901427E7
13.979999999999308        2.247944415847629E7
14.03999999999931         2.187936254932586E7
14.09999999999931         2.1275130278753567E7
14.159999999999313        2.06604353157084E7
14.219999999999317        2.0097041320465047E7
14.279999999999317        1.9503111207760677E7
14.339999999999316        1.893572938160235E7
14.39999999999932         1.8335543542807534E7
14.459999999999322        1.7776907875476774E7
14.519999999999321        1.722746749493846E7
14.579999999999325        1.6669580599598957E7
14.639999999999322        1.6131000127731148E7
14.699999999999324        1.5597701687921373E7
14.75999999999933         1.5081992145853667E7
14.819999999999325        1.4557010526865074E7
14.879999999999331        1.4049624213701745E7
14.939999999999324        1.3575586139430115E7
14.999999999999332        1.3081404684566256E7
15.059999999999333        1.2616954532962864E7
15.119999999999331        1.2155518125962725E7
15.179999999999337        1.17051517462172E7
15.239999999999338        1.125112404588073E7
15.299999999999338        1.079691417041403E7
15.359999999999337        1.0327249963194074E7
15.419999999999344        9900234.109543918
15.47999999999934         9519065.92498917
15.539999999999344        9144558.983577048
15.599999999999346        8742510.657361822
15.659999999999348        8331838.427443416
15.719999999999352        7942655.631485947
15.779999999999351        7571583.063370084
15.839999999999348        7233726.347107329
15.899999999999348        6881131.314503181
15.959999999999349        6505085.35445721
16.019999999999353        6165387.301906072
16.07999999999935         5858107.449697131
16.13999999999936         5571993.609956513
16.199999999999363        5276994.050518377
16.259999999999366        4974189.536157933
16.319999999999368        4692496.214668871
16.37999999999937         4425970.31668022
16.439999999999365        4167919.248382031
16.49999999999937         3895886.1880834424
16.55999999999937         3643744.6448827945
16.61999999999937         3405824.8019277505
16.679999999999374        3181653.587022964
16.739999999999373        2967054.72042558
16.799999999999375        2759791.092075949
16.85999999999938         2562520.2012278116
16.919999999999376        2361617.901460027
16.97999999999938         2179287.966697331
17.039999999999374        2014271.2045217836
17.099999999999383        1849863.5894653082
17.15999999999938         1690309.9755750338
17.21999999999938         1536800.6609939907
17.279999999999383        1390244.7114944495
17.339999999999392        1257348.2089605343
17.399999999999388        1144312.153696902
17.45999999999939         1035805.9930455139
17.51999999999939         929413.3371982304
17.57999999999939         827612.1067350581
17.639999999999397        735035.4931303235
17.69999999999939         652139.8945638416
17.759999999999394        577525.3540544165
17.81999999999939         508301.3121407441
17.87999999999939         440462.4271478307
17.939999999999397        385992.13606435206
17.999999999999403        341020.43689845677
18.0599999999994          298179.49415925454
18.119999999999408        260257.66379754076
18.179999999999406        229463.21839280115
18.239999999999405        210505.19525339283
18.299999999999407        199594.34225555538
18.359999999999413        192522.0635534626
18.419999999999412        186697.25564436943
18.47999999999941         187195.7818553837
18.539999999999413        195298.25044675794
18.59999999999942         208735.71116062466
18.659999999999414        228064.09685077946
18.71999999999942         252397.9550223209
18.77999999999942         281939.52034183475
18.83999999999942         318795.65961774136
18.89999999999942         356316.39644066326
18.959999999999425        399425.70784460986
19.01999999999942         446724.07114788156
19.079999999999423        502635.52821401577
19.139999999999425        561392.0735623117
19.199999999999434        622940.0467106942
19.259999999999426        687882.9267743018
19.31999999999943         752043.3105594498
19.379999999999434        822977.666080982
19.439999999999433        899988.7390626204
19.499999999999435        981859.4855144534
19.55999999999943         1064529.2590552047
19.619999999999436        1139089.6284151608
19.679999999999445        1221657.8472612079
19.73999999999944         1308130.2732584074
19.799999999999436        1400555.2800367812
19.859999999999445        1497641.594707692
19.919999999999447        1587709.5320721096
19.97999999999945         1681734.6521201401
20.039999999999456        1786048.4617733955
20.099999999999447        1894213.51331602
20.159999999999453        1998369.0507098672
20.21999999999946         2099328.3453232995
20.27999999999945         2199419.8434433225
20.339999999999456        2303437.1962739066
20.399999999999455        2424355.379137608
20.459999999999457        2541066.79723747
20.519999999999456        2644196.826578167
20.57999999999946         2758701.7234629053
20.63999999999946         2883709.185988696
20.699999999999463        3002693.365348616
20.759999999999465        3110394.2204498504
20.819999999999467        3207594.174053231
20.87999999999947         3306187.3699665084
20.93999999999947         3417455.7097887425
20.999999999999464        3535928.3403735613
21.05999999999948         3658558.0853765523
21.119999999999475        3774213.587736647
21.179999999999477        3881613.1155236107
21.23999999999948         3978132.260691968
21.29999999999948         4079088.209576415
21.359999999999484        4196119.563983391
21.419999999999483        4318562.82309922
21.479999999999478        4440448.817314329
21.539999999999484        4543005.428882916
21.599999999999483        4645572.085298241
21.659999999999485        4754863.387590631
21.719999999999484        4862640.893104749
21.77999999999949         4970155.578818664
21.839999999999485        5061787.96146224
21.89999999999949         5154584.468352428
21.959999999999493        5262674.34756235
22.019999999999488        5375377.858405455
22.079999999999504        5476468.583737942
22.139999999999493        5558268.845279303
22.19999999999949         5638135.748359802
22.2599999999995          5721934.724906029
22.3199999999995          5815846.957350484
22.379999999999498        5909226.263641023
22.439999999999507        5981233.415934706
22.499999999999506        6056728.653462289
22.559999999999505        6146117.5113117425
22.619999999999514        6232928.185094587
22.67999999999951         6314150.897055131
22.73999999999951         6390379.851091498
22.799999999999507        6455968.160544836
22.859999999999513        6529614.432666191
22.919999999999522        6607420.034843649
22.979999999999514        6675674.29166623
23.03999999999952         6739866.56297862
23.099999999999525        6809920.893578351
23.15999999999952         6876226.53815526
23.219999999999523        6929934.731539633
23.27999999999953         6976960.92355615
23.33999999999952         7018287.726080569
23.399999999999523        7064748.385417026
23.459999999999525        7114116.944129645
23.519999999999527        7160442.440970411
23.579999999999522        7213805.229797898
23.639999999999528        7251814.780371096
23.69999999999953         7280970.50950624
23.75999999999953         7306216.409206045
23.819999999999535        7339031.645436097
23.87999999999953         7386793.109173338
23.93999999999954         7429848.59479015
23.999999999999545        7453584.14782069
24.05999999999954         7467588.231427866
24.119999999999543        7491915.0587143
24.179999999999538        7529696.841889628
24.239999999999537        7567000.119838489
24.299999999999542        7590212.185808955
24.359999999999538        7593873.240204511
24.419999999999543        7598015.185490331
24.47999999999954         7613844.510583001
24.53999999999954         7621780.326757157
24.59999999999954         7619398.2454174375
24.65999999999954         7623062.31940345
24.719999999999544        7632537.765284967
24.779999999999536        7642738.024575912
24.83999999999954         7649021.235799878
24.899999999999537        7631573.724867087
24.959999999999532        7609122.294497564
25.01999999999955         7602078.832697347
25.079999999999544        7611117.610518296
25.139999999999546        7618737.935649772
25.19999999999954         7624013.955911408
25.259999999999536        7617273.848315137
25.319999999999535        7600085.672554572
25.379999999999534        7591505.798099319
25.439999999999532        7585597.848637818
25.499999999999545        7575284.204620797
25.559999999999548        7559569.148348699
25.619999999999536        7533066.148442456
25.679999999999552        7506435.293291965
25.739999999999537        7480803.7303557405
25.799999999999546        7468819.126696398
25.85999999999954         7458854.35777947
25.919999999999543        7432076.938313472
25.979999999999535        7386206.477385384
26.039999999999544        7346144.255301314
26.09999999999953         7324425.741000381
26.159999999999542        7309760.824344156
26.21999999999954         7285381.6139381435
26.279999999999536        7251225.082207683
26.339999999999534        7222944.0719491495
26.399999999999537        7209164.060132079
26.459999999999543        7189705.6733643105
26.51999999999955         7153053.220858129
26.579999999999544        7120267.0864335215
26.63999999999954         7094680.507403024
26.699999999999537        7069479.738542514
26.759999999999536        7043513.4469854925
26.819999999999535        7003187.908090695
26.87999999999954         6954758.456217412
26.939999999999543        6917002.284641563
26.99999999999954         6886316.034174378
27.05999999999954         6856817.470548164
27.11999999999954         6821581.095832317
27.179999999999545        6789660.79780101
27.23999999999955         6753607.10356723
27.299999999999542        6719955.455816606
27.359999999999545        6685592.455995688
27.419999999999547        6645994.00735805
27.479999999999535        6613858.701073078
27.539999999999537        6589794.631821583
27.59999999999955         6564070.689609086
27.65999999999955         6534326.347305718
27.719999999999548        6502845.777457307
27.779999999999546        6472609.906438418
27.83999999999954         6437487.610621337
27.899999999999537        6407372.043344662
27.95999999999954         6382627.196341359
28.019999999999534        6358008.2385203
28.079999999999544        6323629.521881151
28.13999999999955         6282631.319933978
28.199999999999537        6244347.7974298205
28.259999999999547        6215172.667676443
28.31999999999954         6194231.000683791
28.379999999999548        6174962.450243041
28.439999999999532        6143882.712169593
28.499999999999545        6110699.5335782515
28.55999999999954         6085907.669325586
28.61999999999956         6060603.65077386
28.679999999999538        6034939.748041919
28.739999999999547        6006369.389157901
28.79999999999955         5982120.942132727
28.859999999999545        5975111.618697701
28.919999999999543        5969451.820112829
28.979999999999546        5946787.095134398
29.03999999999954         5912609.1216253145
29.09999999999955         5887367.778836553
29.159999999999553        5876849.167370171
29.219999999999544        5868581.946770016
29.279999999999536        5860423.979958888
29.339999999999556        5842990.925842362
29.39999999999955         5826452.755695184
29.459999999999543        5812805.42937598
29.51999999999955         5799232.649286885
29.57999999999954         5785959.995334524
29.63999999999954         5771056.906078308
29.69999999999954         5753879.93540519
29.75999999999955         5734965.670945273
29.819999999999553        5723273.572701804
29.879999999999548        5724733.346183278
29.939999999999554        5727360.714266941
29.999999999999545        5725910.781657287
30.05999999999954         5717494.439931611
30.11999999999955         5709689.622710192
30.179999999999538        5710342.261541366
30.23999999999954         5719619.337676007
30.299999999999542        5727253.608112785
30.35999999999956         5725619.451367404
30.419999999999543        5720421.390530633
30.47999999999955         5725738.145588314
30.539999999999548        5734933.883270793
30.59999999999955         5741538.773231359
30.65999999999954         5747515.897710322
30.71999999999955         5755392.939987327
30.779999999999546        5772139.129073652
30.839999999999545        5789654.322888175
30.899999999999547        5795781.610713843
30.959999999999543        5792745.619943054
31.01999999999955         5794190.2626504125
31.07999999999955         5808124.8537628045
31.139999999999546        5826352.1309795
31.199999999999548        5846092.8377733715
31.259999999999547        5865043.318006713
31.319999999999535        5885241.385888014
31.37999999999954         5913335.404508827
31.43999999999955         5936643.4948799545
31.499999999999556        5955605.923306409
31.559999999999555        5976690.183212581
31.61999999999955         6006005.830318367
31.67999999999955         6038265.560803466
31.73999999999954         6066952.223710966
31.799999999999542        6092878.265384393
31.859999999999555        6117651.355128357
31.919999999999547        6145368.186156185
31.97999999999955         6178523.867180328
32.03999999999955         6215602.861169434
32.099999999999554        6256109.292114181
32.15999999999954         6294935.924427941
32.21999999999955         6327151.853952641
32.27999999999953         6353925.074915142
32.33999999999955         6387456.360789337
32.39999999999956         6432792.574609205
32.45999999999955         6482155.221187122
32.51999999999954         6527989.844852783
32.57999999999954         6574491.203075882
32.639999999999546        6621920.305098384
32.69999999999955         6672431.764773649
32.75999999999955         6722808.882696222
32.81999999999955         6766275.593105454
32.879999999999555        6810646.3260169495
32.93999999999954         6865050.069680616
32.999999999999545        6929250.579034918
33.05999999999955         6990051.736015038
33.119999999999536        7042068.527062363
33.17999999999955         7095586.283908634
33.23999999999955         7155404.6982694445
33.29999999999954         7224124.524580415
33.35999999999955         7291557.221887096
33.419999999999554        7349237.866751092
33.47999999999955         7408393.088039929
33.539999999999544        7478907.821033571
33.59999999999956         7561104.275026782
33.65999999999955         7643488.00715908
33.71999999999954         7718520.226237388
33.77999999999956         7782200.711902997
33.83999999999955         7843047.012491694
33.899999999999544        7913472.190046387
33.95999999999954         7998294.806668086
34.019999999999555        8094317.368111492
34.07999999999956         8193591.519355717
34.139999999999546        8284113.94355039
34.19999999999954         8359485.706270109
34.25999999999955         8431501.67123071
34.31999999999955         8513964.736210248
34.379999999999555        8606032.15003896
34.43999999999954         8699865.136957597
34.499999999999545        8795044.114990572
34.559999999999555        8895615.09400286
34.61999999999957         8998277.710644023
34.679999999999545        9098134.63810764
34.73999999999954         9185292.518449869
34.79999999999957         9271891.298112705
34.859999999999545        9377991.30824735
34.91999999999955         9499536.51166428
34.979999999999556        9620797.049383927
35.03999999999956         9729703.83642422
35.099999999999554        9831554.457044328
35.15999999999956         9935104.965080509
35.219999999999544        1.0044421100807633E7
35.279999999999546        1.0160202339232387E7
35.339999999999556        1.0274636051190011E7
35.399999999999544        1.0391179481941475E7
35.45999999999954         1.051622000480196E7
35.519999999999555        1.0644808139273144E7
35.57999999999955         1.0766349295029882E7
35.63999999999953         1.0879721687833654E7
35.69999999999955         1.0994128191526098E7
35.75999999999955         1.1113980993829254E7
35.81999999999954         1.124028197720347E7
35.87999999999954         1.1369783693810578E7
35.93999999999954         1.1501478897386124E7
35.99999999999955         1.1638486184131289E7
36.05999999999955         1.1780700525546284E7
36.119999999999564        1.1917760675041625E7
36.179999999999545        1.2050543671446651E7
36.239999999999554        1.2185437650098516E7
36.29999999999956         1.2321063253190428E7
36.35999999999955         1.245712101165259E7
36.41999999999955         1.259639349998453E7
36.47999999999955         1.2742875036375673E7
36.539999999999544        1.2890546669958107E7
36.599999999999554        1.3035215229934005E7
36.65999999999954         1.3174653919390963E7
36.719999999999544        1.331067426072736E7
36.77999999999956         1.3459509658389734E7
36.83999999999955         1.361916308345955E7
36.89999999999955         1.3777512176946016E7
36.95999999999955         1.3926769112458799E7
37.019999999999555        1.4069751836416412E7
37.07999999999955         1.4217756787477866E7
37.139999999999546        1.4370402353788815E7
37.199999999999555        1.4521890741313338E7
37.25999999999956         1.4668138882025257E7
37.31999999999955         1.4818310755440379E7
37.37999999999955         1.4983083792038936E7
37.43999999999954         1.514853983861733E7
37.49999999999956         1.5298253091626836E7
37.55999999999955         1.543455145036123E7
37.619999999999564        1.5576731538997933E7
37.67999999999955         1.5735597329350032E7
37.739999999999554        1.5905098472338017E7
37.79999999999954         1.6074137253978709E7
37.85999999999956         1.6230927415625721E7
37.91999999999957         1.6374011000673195E7
37.97999999999955         1.6518246353606759E7
38.03999999999955         1.6672137875512464E7
38.09999999999957         1.6834042702695087E7
38.159999999999556        1.700211192835575E7
38.21999999999956         1.7163539728795227E7
38.27999999999957         1.7312676567672495E7
38.33999999999955         1.7455761619109806E7
38.39999999999955         1.760106919205015E7
38.45999999999957         1.7750726071288038E7
38.51999999999954         1.7900674446304325E7
38.57999999999954         1.8047150064857587E7
38.63999999999956         1.81856812692967E7
38.69999999999955         1.8328591565089013E7
38.75999999999955         1.848200680244425E7
38.81999999999956         1.8631847012987997E7
38.879999999999555        1.877088542983851E7
38.93999999999956         1.8904405978743453E7
38.99999999999956         1.9044842997151826E7
39.05999999999955         1.9188529537084572E7
39.119999999999564        1.932289296958768E7
39.17999999999956         1.944722088475737E7
39.239999999999554        1.9572523813644998E7
39.29999999999954         1.971059288826069E7
39.35999999999956         1.985240127794225E7
39.41999999999956         1.9980827603950504E7
39.47999999999955         2.009426397595811E7
39.53999999999956         2.0202777781336732E7
39.59999999999956         2.03163825836791E7
39.65999999999955         2.043357668174959E7
39.719999999999544        2.0548297727089383E7
39.77999999999956         2.0657162650110427E7
39.839999999999556        2.076135392334407E7
39.89999999999955         2.0864245459750213E7
39.95999999999955         2.0963424246898383E7
40.019999999999555        2.1052131656047534E7
40.07999999999956         2.1140435820928235E7
40.13999999999956         2.1236379629001174E7
40.199999999999555        2.1331457409861468E7
40.25999999999955         2.141944804969064E7
40.31999999999955         2.1499052181977633E7
40.37999999999956         2.157141237307425E7
40.43999999999954         2.1638038197315756E7
40.499999999999545        2.1702271510089386E7
40.55999999999955         2.1764784387587167E7
40.61999999999955         2.182901039560568E7
40.67999999999956         2.1896686111456364E7
40.739999999999554        2.1952684090738036E7
40.79999999999956         2.1991333071833584E7
40.85999999999956         2.202254054800131E7
40.91999999999956         2.2056365122166526E7
40.97999999999955         2.20943224795515E7
41.03999999999956         2.2128220388723865E7
41.09999999999956         2.2153485615241043E7
41.159999999999556        2.2171950004870363E7
41.219999999999544        2.2188296828379966E7
41.27999999999956         2.220070911947038E7
41.33999999999955         2.219946310284815E7
41.399999999999544        2.2186293685519844E7
41.45999999999954         2.2176859512639925E7
41.519999999999555        2.2176920230619375E7
41.579999999999565        2.21733494727067E7
41.639999999999546        2.215045435238233E7
41.69999999999956         2.2112075002893027E7
41.75999999999957         2.2076780665235836E7
41.81999999999955         2.205342199027698E7
41.879999999999555        2.2031788017540146E7
41.939999999999564        2.1994415909366447E7
41.99999999999956         2.1937621088686395E7
42.05999999999956         2.1872499106024366E7
42.119999999999564        2.1802730356706366E7
42.17999999999956         2.1732401270368032E7
42.23999999999956         2.1662712622384187E7
42.29999999999956         2.1587535264860466E7
42.35999999999956         2.1501727501522124E7
42.41999999999956         2.140564616720082E7
42.479999999999556        2.130268803535768E7
42.53999999999956         2.1195699345654394E7
42.599999999999554        2.108860899910508E7
42.659999999999556        2.0976715666006412E7
42.71999999999955         2.0853556510396823E7
42.77999999999957         2.0726777105870336E7
42.839999999999556        2.0602332946365505E7
42.89999999999956         2.0477560015385844E7
42.959999999999575        2.034586048062551E7
43.01999999999956         2.020230914575333E7
43.07999999999956         2.0049958910399266E7
43.139999999999574        1.9894984533302173E7
43.19999999999956         1.9736583434269678E7
43.259999999999565        1.9567926803271055E7
43.31999999999955         1.938894205817854E7
43.37999999999957         1.9211051123858385E7
43.43999999999957         1.903728344458939E7
43.49999999999956         1.8854856535192046E7
43.55999999999957         1.865342875340175E7
43.61999999999957         1.8436480542908233E7
43.679999999999566        1.8219215555419262E7
43.739999999999576        1.8011192324459262E7
43.79999999999956         1.780882314894131E7
43.85999999999956         1.7600813422172755E7
43.91999999999958         1.7380812222380437E7
43.97999999999956         1.715398857667653E7
44.039999999999566        1.692203871271362E7
44.09999999999957         1.6684192511266368E7
44.15999999999959         1.6446549360743225E7
44.21999999999957         1.6212978184813004E7
44.27999999999957         1.5983263065935263E7
44.339999999999584        1.5748361381630385E7
44.39999999999958         1.5499119952666275E7
44.459999999999575        1.5235561756904516E7
44.51999999999958         1.49666715493737E7
44.579999999999565        1.4699860540177638E7
44.63999999999958         1.4434947472220846E7
44.69999999999958         1.4173310645817876E7
44.75999999999957         1.3915077328344008E7
44.81999999999958         1.365143519549036E7
44.87999999999958         1.3375618823567746E7
44.93999999999957         1.3089379076185752E7
44.99999999999956         1.280132835424E7
45.05999999999958         1.2520159629548056E7
45.11999999999957         1.2246437216150984E7
45.17999999999958         1.197351765233427E7
45.239999999999576        1.1696619854168484E7
45.299999999999585        1.1418331153023243E7
45.35999999999957         1.1140779864231506E7
45.41999999999958         1.0858982071644327E7
45.479999999999585        1.05712679569954E7
45.53999999999958         1.0282323287399054E7
45.59999999999959         9998375.605464086
45.65999999999959         9720396.090730447
45.71999999999958         9440799.247590108
45.77999999999958         9153830.656988684
45.8399999999996          8862655.012402162
45.89999999999959         8578044.52582208
45.959999999999575        8302794.268277962
46.0199999999996          8028123.082767911
46.07999999999959         7749600.772736511
46.13999999999958         7470045.720020652
46.19999999999957         7194855.912124301
46.259999999999586        6927139.89446912
46.31999999999959         6663788.82429405
46.379999999999576        6401186.761855488
46.43999999999957         6138953.0773863355
46.49999999999959         5879843.9526356645
46.55999999999958         5625404.385685167
46.61999999999958         5376682.307871768
46.67999999999958         5134613.3049445255
46.73999999999958         4897175.383866884
46.799999999999585        4659904.554759783
46.85999999999959         4421461.306028736
46.919999999999604        4184979.478346451
46.97999999999959         3955915.000066647
47.039999999999594        3736847.442058275
47.09999999999961         3525249.9585683495
47.15999999999959         3317903.5235712854
47.21999999999959         3115054.009115396
47.27999999999962         2918609.0495045334
47.3399999999996          2727657.0453321883
47.399999999999594        2541566.738932928
47.45999999999961         2363623.3752895216
47.519999999999605        2196733.645242877
47.5799999999996          2040940.126485049
47.6399999999996          1892959.7832230635
47.699999999999605        1749250.10022446
47.7599999999996          1610007.072208228
47.8199999999996          1478635.0287300644
47.8799999999996          1358014.5174832426
47.9399999999996          1247344.1569434528
48                        1145140.708975474
