0                         78.36791153363596
0.05999999999887493       13.258336999340953
0.11999999999887696       0.16089012776452655
0.179999999998879         85.43599783415414
0.23999999999888103       389.09178271145686
0.299999999998883         329.81197468316964
0.35999999999888505       643.4168386837898
0.4199999999988871        784.3546601342259
0.47999999999888915       1221.9260673339552
0.5399999999988911        895.6275422644508
0.5999999999988931        2493.577386085701
0.6599999999988952        2186.4847342872768
0.7199999999988971        3127.791618585201
0.7799999999988994        6452.364956039803
0.8399999999989012        5794.18730338987
0.899999999998903         7372.491972885709
0.9599999999989051        11348.095620403841
1.0199999999989071        12864.491972948268
1.0799999999989092        12679.127814477339
1.1399999999989108        19321.148757143277
1.199999999998913         29119.983932757073
1.2599999999989149        36064.38558948751
1.3199999999989172        41433.404182119884
1.3799999999989188        43698.81656663513
1.4399999999989206        52923.160197469864
1.499999999998923         71280.68215429816
1.5599999999989245        74766.95543305948
1.619999999998927         89011.75170960183
1.6799999999989284        92278.47185056342
1.7399999999989304        113917.73055678033
1.7999999999989322        129573.63245867917
1.859999999998934         158781.13850044095
1.9199999999989363        169353.4697575264
1.979999999998938         189509.71673851635
2.039999999998941         212278.85028255256
2.099999999998942         229204.50518685952
2.159999999998943         257311.64791039124
2.2199999999989455        296818.57768617955
2.2799999999989473        324495.67388509976
2.339999999998949         363758.7465200249
2.399999999998951         407618.64748858224
2.4599999999989537        432933.5415985116
2.519999999998954         478181.5341652866
2.5799999999989565        542763.8134899337
2.6399999999989587        570785.6188883774
2.6999999999989606        645104.1585044215
2.7599999999989624        704435.5446970774
2.819999999998964         766599.1769028413
2.879999999998967         822275.5811007611
2.939999999998969         874715.9573875365
2.9999999999989697        918666.4440269641
3.0599999999989715        986951.1759951052
3.119999999998973         1104827.5349913058
3.1799999999989765        1192669.4389754469
3.239999999998977         1282150.7899684485
3.299999999998979         1358716.1591029947
3.359999999998981         1450235.825111802
3.419999999998982         1574377.2442424793
3.479999999998984         1664038.2529545224
3.5399999999989853        1746188.8598436138
3.5999999999989867        1870244.4049482697
3.6599999999989885        2000806.037414002
3.7199999999989912        2172328.4188382896
3.779999999998992         2293158.217632883
3.8399999999989944        2428397.8271183376
3.899999999998996         2539480.5424655853
3.959999999998997         2737702.0670520305
4.0199999999989995        2881783.610233012
4.079999999999            3046743.298266493
4.139999999999002         3198511.8070674525
4.1999999999990045        3370126.4736523884
4.259999999999006         3520091.084266038
4.31999999999901          3722947.111536655
4.37999999999901          3905307.347113887
4.439999999999012         4078515.8719559545
4.499999999999012         4350029.817014814
4.559999999999015         4527339.8433464
4.619999999999015         4690298.530129682
4.679999999999018         4948976.695465852
4.739999999999021         5190187.711337881
4.799999999999022         5445271.516603396
4.859999999999024         5657605.2163346065
4.919999999999025         5905180.309853122
4.979999999999027         6160789.794703401
5.0399999999990275        6442127.476053209
5.099999999999031         6727650.379101113
5.159999999999034         7001185.263330261
5.219999999999033         7291904.30167903
5.279999999999037         7567500.029635486
5.339999999999037         7904240.868134225
5.399999999999039         8218790.620758129
5.45999999999904          8518696.536276918
5.519999999999042         8818050.375383865
5.579999999999047         9177926.151517205
5.639999999999046         9537267.352361906
5.699999999999049         9852955.200061383
5.759999999999049         1.0140240626979912E7
5.819999999999051         1.047616630307795E7
5.879999999999052         1.0872878602408668E7
5.939999999999055         1.1314558069565237E7
5.999999999999055         1.1644094416766252E7
6.059999999999058         1.2061476955883779E7
6.1199999999990595        1.2439201302091608E7
6.179999999999062         1.2842621211470425E7
6.239999999999064         1.321852395793589E7
6.299999999999066         1.3668748901800374E7
6.359999999999068         1.4021461942220792E7
6.419999999999073         1.4497150206487296E7
6.4799999999990705        1.4993406057737786E7
6.5399999999990746        1.540730520636931E7
6.599999999999076         1.5863331027973725E7
6.65999999999908          1.6265796364845268E7
6.7199999999990805        1.6729037171172488E7
6.779999999999083         1.715190604769725E7
6.839999999999085         1.7596429273412853E7
6.899999999999087         1.811513996598944E7
6.959999999999088         1.8618962141586363E7
7.019999999999091         1.914138835490461E7
7.079999999999092         1.9576983809681956E7
7.139999999999095         2.0034764705062296E7
7.199999999999097         2.0582292720133346E7
7.259999999999102         2.1095591892442305E7
7.319999999999103         2.1601393422645465E7
7.379999999999102         2.208278025492651E7
7.439999999999104         2.2631219243024945E7
7.499999999999107         2.3200306061122958E7
7.559999999999109         2.3769958449283253E7
7.619999999999111         2.4283152092386965E7
7.679999999999114         2.4803572263658848E7
7.739999999999116         2.528987960756807E7
7.799999999999122         2.5857034491901074E7
7.859999999999121         2.6462626119336296E7
7.919999999999121         2.7014742269931946E7
7.979999999999123         2.750108460573489E7
8.039999999999125         2.803793572512352E7
8.099999999999127         2.8627406795767467E7
8.15999999999913          2.9201534055930134E7
8.219999999999132         2.971864722106539E7
8.279999999999138         3.027994314596623E7
8.339999999999137         3.0794565455769822E7
8.399999999999135         3.1441981458574437E7
8.459999999999141         3.1980455636359725E7
8.519999999999142         3.2593201624227274E7
8.579999999999142         3.318140342291299E7
8.639999999999148         3.374456606331553E7
8.699999999999152         3.432711302544349E7
8.759999999999149         3.481813316574449E7
8.819999999999155         3.543264751200691E7
8.879999999999153         3.604795444307169E7
8.93999999999916          3.667965610225822E7
8.999999999999162         3.722233961907029E7
9.059999999999162         3.7696464099276036E7
9.119999999999166         3.825350697109535E7
9.179999999999165         3.888854541907805E7
9.239999999999167         3.945425592110886E7
9.29999999999917          3.9991997566850126E7
9.35999999999917          4.055495561167142E7
9.419999999999176         4.114438575020865E7
9.479999999999176         4.1693604319261E7
9.539999999999178         4.2196927674912706E7
9.59999999999918          4.2652766990619004E7
9.659999999999181         4.323767080757366E7
9.719999999999182         4.386331559124879E7
9.779999999999188         4.447517482180463E7
9.839999999999186         4.496618476396699E7
9.899999999999192         4.5420026834578626E7
9.959999999999194         4.5908686910351425E7
10.019999999999195        4.651340489491492E7
10.079999999999195        4.711151735885314E7
10.139999999999194        4.761641753286386E7
10.1999999999992          4.810730401635597E7
10.2599999999992          4.856326532131548E7
10.319999999999201        4.8990134891255185E7
10.379999999999207        4.938013609896829E7
10.439999999999209        4.980238283760855E7
10.499999999999211        5.032120663902802E7
10.55999999999921         5.078317063758838E7
10.619999999999218        5.134466820946312E7
10.679999999999215        5.1778612175943896E7
10.739999999999219        5.218226966335515E7
10.799999999999221        5.259421623401202E7
10.859999999999221        5.2964508235172614E7
10.919999999999225        5.343969566996045E7
10.979999999999228        5.380435444114178E7
11.03999999999923         5.418463064877683E7
11.099999999999227        5.459317295452913E7
11.15999999999923         5.4970212808417946E7
11.219999999999235        5.528044219079306E7
11.279999999999239        5.5662753075085804E7
11.339999999999236        5.6047627779033996E7
11.39999999999924         5.6439294517071575E7
11.459999999999244        5.672388253189977E7
11.519999999999246        5.694177139093405E7
11.579999999999247        5.723842533625464E7
11.639999999999253        5.763702784242741E7
11.699999999999253        5.794399916164386E7
11.759999999999252        5.811506075786058E7
11.819999999999254        5.83065410355326E7
11.879999999999262        5.859245781873482E7
11.939999999999259        5.8809587561110385E7
11.999999999999261        5.907885321313759E7
12.059999999999269        5.928700313402983E7
12.119999999999262        5.946327534195994E7
12.179999999999268        5.970410136542207E7
12.239999999999265        5.991302220756294E7
12.29999999999927         6.005403941229648E7
12.359999999999271        6.008974336273474E7
12.419999999999272        6.016353521003686E7
12.479999999999272        6.030003384181267E7
12.539999999999274        6.053362541428168E7
12.599999999999273        6.0732119859689556E7
12.659999999999277        6.082574500310615E7
12.719999999999276        6.091024985840496E7
12.779999999999276        6.088159253948246E7
12.839999999999279        6.086660353885534E7
12.899999999999283        6.093428008124549E7
12.959999999999287        6.10231923116677E7
13.019999999999285        6.111030841081991E7
13.079999999999288        6.108030676216965E7
13.139999999999286        6.100114357434418E7
13.199999999999287        6.093343444524246E7
13.259999999999287        6.090574781745012E7
13.319999999999295        6.081033644582336E7
13.379999999999294        6.0787696700759225E7
13.439999999999293        6.0712811413641475E7
13.499999999999297        6.061095808826997E7
13.559999999999295        6.053512390535349E7
13.6199999999993          6.048008886856362E7
13.679999999999303        6.0302626255709454E7
13.739999999999304        6.009773921048998E7
13.7999999999993          6.00084755390311E7
13.859999999999303        5.990058310613903E7
13.919999999999304        5.9724761416718096E7
13.979999999999308        5.9507606602161855E7
14.03999999999931         5.922823087941282E7
14.09999999999931         5.906933611291426E7
14.15999999999932         5.893971476019191E7
14.219999999999313        5.872602064531389E7
14.279999999999312        5.843393903770175E7
14.339999999999316        5.8148674333055116E7
14.399999999999315        5.7884977066262126E7
14.459999999999319        5.75742352274038E7
14.519999999999321        5.7278882083818406E7
14.579999999999325        5.69168408910858E7
14.639999999999322        5.66329328277145E7
14.699999999999324        5.634657011665049E7
14.759999999999328        5.600365570527613E7
14.819999999999325        5.566725230794107E7
14.879999999999326        5.53112799740737E7
14.939999999999324        5.497117329313849E7
14.999999999999334        5.467149010989073E7
15.059999999999333        5.429401796071789E7
15.119999999999337        5.388440778715882E7
15.179999999999337        5.347837613590865E7
15.239999999999338        5.303834134953711E7
15.299999999999338        5.260538133444324E7
15.359999999999337        5.222454451461335E7
15.419999999999344        5.180837333474861E7
15.47999999999934         5.138457522003581E7
15.539999999999344        5.089522423455631E7
15.599999999999346        5.040223952590081E7
15.659999999999348        4.9877334262039274E7
15.719999999999352        4.945864703866905E7
15.779999999999344        4.904873894045799E7
15.839999999999355        4.853713633019523E7
15.899999999999352        4.801597096183465E7
15.959999999999356        4.745227423196496E7
16.019999999999357        4.6931067509556256E7
16.07999999999935         4.6488175710953735E7
16.139999999999358        4.598863611905132E7
16.199999999999363        4.545972660271082E7
16.259999999999355        4.495314432616408E7
16.319999999999368        4.4468752328295566E7
16.379999999999356        4.394424842345769E7
16.439999999999365        4.3373644888006635E7
16.499999999999368        4.2772277294712305E7
16.55999999999937         4.21930126081732E7
16.61999999999937         4.1710542180863105E7
16.679999999999367        4.119859738289081E7
16.73999999999937         4.066728718995386E7
16.799999999999375        4.007317971320849E7
16.85999999999938         3.947056061988452E7
16.919999999999373        3.8883714575852334E7
16.97999999999938         3.8307487216332346E7
17.039999999999388        3.771901288035162E7
17.099999999999383        3.718769149816982E7
17.15999999999938         3.6656165291990325E7
17.21999999999938         3.607011816434835E7
17.279999999999383        3.548112063552927E7
17.339999999999392        3.493974146225584E7
17.399999999999388        3.440602405614828E7
17.45999999999939         3.3842005478232205E7
17.51999999999939         3.3253071184072405E7
17.57999999999939         3.2669381216790374E7
17.639999999999397        3.209832217092469E7
17.69999999999939         3.155620453852022E7
17.759999999999398        3.0955928866620913E7
17.819999999999403        3.039515866137746E7
17.8799999999994          2.9852984305476192E7
17.9399999999994          2.9304994377911527E7
17.999999999999403        2.87828927401307E7
18.059999999999402        2.8206174076526757E7
18.1199999999994          2.7595526564416803E7
18.179999999999406        2.7015883367200796E7
18.239999999999405        2.648900583796696E7
18.299999999999407        2.5965543767947804E7
18.359999999999413        2.5419433091793064E7
18.419999999999412        2.4875722939914268E7
18.47999999999941         2.4338080871259622E7
18.539999999999413        2.3831075472233232E7
18.59999999999942         2.332745364111131E7
18.659999999999414        2.280614570570618E7
18.719999999999416        2.2308780113516882E7
18.77999999999941         2.1796379988886554E7
18.83999999999942         2.1281175384766933E7
18.899999999999427        2.075972537645773E7
18.959999999999418        2.025230134530894E7
19.019999999999428        1.9754697372508317E7
19.079999999999423        1.9294573947945762E7
19.139999999999425        1.8821141764089856E7
19.19999999999944         1.833708506282454E7
19.259999999999433        1.783885351183714E7
19.31999999999943         1.7360148001574893E7
19.379999999999434        1.6909715675044402E7
19.43999999999944         1.6472382659079744E7
19.499999999999435        1.6037412901795775E7
19.559999999999434        1.5600954126898311E7
19.619999999999436        1.5170482084937572E7
19.679999999999442        1.4712007945877375E7
19.73999999999944         1.4238658814741239E7
19.79999999999944         1.3826989782575596E7
19.859999999999445        1.3442890677711543E7
19.919999999999447        1.3079030808257043E7
19.979999999999443        1.2701841743856244E7
20.039999999999456        1.2306723661118917E7
20.099999999999447        1.1931634631770331E7
20.159999999999453        1.156224606122014E7
20.219999999999455        1.1185391194772284E7
20.27999999999945         1.0813167957504546E7
20.339999999999456        1.0470959575367799E7
20.39999999999946         1.0139494160679094E7
20.459999999999457        9816146.029995546
20.519999999999456        9487681.855664479
20.57999999999946         9138362.594186787
20.639999999999464        8796812.936290044
20.699999999999463        8490432.10099022
20.759999999999458        8207349.88033908
20.819999999999467        7926655.646838434
20.87999999999947         7637727.621556546
20.93999999999947         7352534.157648607
20.999999999999464        7072121.865011981
21.059999999999473        6810807.970594013
21.11999999999948         6558738.965634592
21.179999999999474        6320183.262096883
21.23999999999948         6078399.14511438
21.29999999999948         5841448.84583348
21.359999999999488        5610486.25336518
21.41999999999948         5396776.022780006
21.479999999999478        5192002.977864274
21.539999999999484        4991799.09848182
21.59999999999949         4788294.733844883
21.659999999999485        4576914.247744828
21.719999999999484        4384355.026452057
21.77999999999949         4203452.299973748
21.8399999999995          4027285.9303618106
21.89999999999949         3861221.0107763247
21.959999999999496        3691555.907683941
22.019999999999488        3534232.7706437362
22.079999999999504        3387767.723089987
22.139999999999503        3240348.815666719
22.199999999999495        3094571.1377237793
22.2599999999995          2960692.596305002
22.3199999999995          2844864.8509388515
22.3799999999995          2729810.9721371997
22.4399999999995          2611985.242700587
22.499999999999506        2490237.028581292
22.559999999999505        2377233.1515174974
22.619999999999514        2283269.048779275
22.679999999999506        2197410.1950478056
22.73999999999951         2108345.7064140304
22.799999999999507        2022633.455285382
22.859999999999513        1941239.2415267075
22.91999999999952         1860623.4445265103
22.979999999999514        1782949.8113435174
23.03999999999952         1712397.6680328427
23.09999999999953         1651248.9995992265
23.15999999999952         1598355.7114057564
23.219999999999526        1542294.227771747
23.279999999999525        1483711.282907436
23.339999999999527        1425742.2240006584
23.399999999999523        1374745.4704496323
23.459999999999535        1331941.4952167256
23.51999999999953         1296767.4701769059
23.57999999999954         1266280.449128649
23.639999999999528        1239276.3485517635
23.699999999999537        1210987.7616253316
23.759999999999536        1174860.395797344
23.819999999999535        1143492.3825967817
23.87999999999953         1119696.6661751657
23.93999999999954         1103449.9402042404
23.999999999999538        1090077.912949509
24.05999999999954         1073862.4194919188
24.119999999999543        1058379.1355027563
24.179999999999538        1046904.6196770697
24.239999999999547        1039353.1575484477
24.299999999999542        1028539.4653827241
24.359999999999538        1015690.3934028766
24.419999999999543        1009352.8692896387
24.479999999999542        1006730.1398269577
24.53999999999954         1007749.9391121126
24.59999999999954         1005444.0045700531
24.65999999999954         999246.7533145882
24.719999999999537        998580.314193585
24.779999999999536        1001464.003224996
24.83999999999954         1003243.6972266939
24.899999999999537        1003278.075709906
24.959999999999543        1003765.2067264932
25.01999999999954         1006820.2438904227
25.07999999999954         1015260.4207475394
25.13999999999954         1023855.4612547131
25.19999999999954         1026421.0186555068
25.259999999999536        1027362.2103587748
25.319999999999535        1030351.3939870637
25.379999999999534        1034494.6549565159
25.439999999999532        1041045.5557315929
25.499999999999556        1050808.2802423413
25.559999999999548        1062003.3393263614
25.61999999999954         1069509.3807256802
25.679999999999552        1069688.4577268723
25.739999999999537        1066453.8591917667
25.799999999999535        1070221.799584744
25.85999999999954         1078333.1447602392
25.919999999999543        1087344.646265594
25.97999999999955         1090863.3226710348
26.039999999999544        1093280.548666174
26.09999999999955         1097626.3513120746
26.159999999999542        1101965.4940189556
26.219999999999548        1103084.9723202037
26.279999999999536        1103589.0036360796
26.339999999999545        1111161.0461105998
26.399999999999544        1121064.5108432497
26.459999999999543        1126347.2473141993
26.519999999999534        1124846.4672614096
26.579999999999544        1117644.7602070828
26.639999999999546        1117965.8999463883
26.699999999999548        1128554.3540741007
26.759999999999536        1139037.2639742414
26.819999999999535        1144207.5630795525
26.87999999999955         1145540.7679978819
26.939999999999554        1146335.1329003966
26.999999999999545        1146551.939663119
27.059999999999533        1146718.8508953936
27.11999999999954         1146580.3092113696
27.179999999999545        1150906.675229187
27.23999999999955         1158124.8741483903
27.299999999999542        1162476.871928736
27.359999999999545        1163323.655593678
27.41999999999955         1165969.2506592723
27.479999999999542        1171050.8346132755
27.53999999999954         1178810.528331579
27.59999999999955         1188672.128990111
27.659999999999542        1198153.8442605622
27.719999999999548        1207732.807487485
27.779999999999546        1218473.8175705764
27.83999999999954         1232496.9184083522
27.899999999999537        1247692.7430574375
27.95999999999954         1260706.0197923207
28.019999999999534        1277415.507430289
28.079999999999544        1294103.6795394234
28.13999999999955         1308795.814467379
28.199999999999548        1321822.5018882568
28.259999999999547        1343009.7097938794
28.31999999999954         1374525.76997529
28.379999999999548        1405488.9857388404
28.439999999999532        1430650.280887075
28.499999999999545        1451072.2898487644
28.559999999999548        1475658.4034723523
28.61999999999956         1511535.2177271298
28.679999999999538        1552899.9179122574
28.739999999999547        1595558.1965092667
28.79999999999955         1641010.4747676724
28.859999999999552        1691219.8696469045
28.919999999999543        1745636.607373563
28.979999999999556        1800369.8296590375
29.03999999999955         1852921.654665349
29.09999999999955         1909046.2822116604
29.159999999999553        1973755.611786471
29.219999999999544        2048414.7137689851
29.279999999999546        2125875.2159960773
29.339999999999552        2197876.784052824
29.399999999999544        2268343.875425959
29.459999999999543        2339705.30190037
29.51999999999955         2419964.9554737336
29.579999999999544        2512106.463710917
29.63999999999955         2616750.920951971
29.69999999999954         2728966.6965024015
29.759999999999547        2842954.691454029
29.819999999999553        2954653.133057026
29.879999999999548        3061052.949915766
29.939999999999554        3174812.6727196123
29.999999999999545        3304127.2156872777
30.05999999999954         3441726.462985935
30.11999999999954         3583782.433784736
30.179999999999538        3730073.1546479193
30.23999999999954         3884288.617546297
30.299999999999546        4043858.5807844093
30.35999999999956         4203753.417904991
30.419999999999547        4363235.524506727
30.47999999999955         4529761.225563909
30.539999999999548        4708804.81116596
30.59999999999954         4898611.6188957095
30.65999999999955         5087947.138543217
30.719999999999555        5274810.114944496
30.779999999999557        5470225.38029681
30.83999999999955         5682156.428877122
30.899999999999558        5907261.26413996
30.959999999999543        6132540.696338551
31.01999999999955         6357295.502743072
31.07999999999955         6589809.321099559
31.139999999999546        6832968.515242383
31.199999999999548        7087115.503344625
31.259999999999547        7342396.583098801
31.31999999999955         7606417.48990221
31.379999999999548        7884285.598994345
31.43999999999955         8164510.733841359
31.499999999999556        8445891.25119552
31.559999999999555        8734362.459512513
31.619999999999536        9035912.40938706
31.67999999999955         9347355.699203562
31.73999999999954         9666677.502776414
31.799999999999542        9981559.549999475
31.85999999999954         1.0293692823998194E7
31.919999999999547        1.061608576259885E7
31.979999999999542        1.0953393329576276E7
32.03999999999955         1.130515921705684E7
32.09999999999954         1.166789975157803E7
32.15999999999954         1.2034000210140284E7
32.21999999999955         1.2403017334590362E7
32.27999999999956         1.2771077076492218E7
32.33999999999955         1.3135132622887757E7
32.39999999999954         1.3511145431983775E7
32.45999999999955         1.3917920834681205E7
32.51999999999955         1.4349378966826232E7
32.57999999999955         1.477607588280429E7
32.639999999999546        1.5180166712093545E7
32.699999999999555        1.5581406390476054E7
32.759999999999536        1.599626206236691E7
32.81999999999955         1.642547689462224E7
32.87999999999954         1.6860803789420765E7
32.93999999999954         1.7306008265992597E7
32.999999999999545        1.7769405313961156E7
33.05999999999955         1.8238177741045676E7
33.119999999999564        1.8701611425084766E7
33.179999999999545        1.9147268913223516E7
33.23999999999954         1.9585211107800312E7
33.29999999999954         2.00537171339698E7
33.359999999999545        2.055499163734809E7
33.41999999999955         2.1067941385427848E7
33.47999999999955         2.1570470552411478E7
33.539999999999544        2.2055409539794642E7
33.599999999999554        2.253496977527776E7
33.65999999999955         2.3023766807455678E7
33.719999999999544        2.35285534560627E7
33.77999999999953         2.4046502117008686E7
33.83999999999955         2.458171402521263E7
33.89999999999955         2.5119941979568228E7
33.95999999999954         2.564517837763434E7
34.01999999999954         2.6160715044571973E7
34.07999999999955         2.6680501516316883E7
34.139999999999546        2.720665749502668E7
34.199999999999555        2.774021721130438E7
34.25999999999955         2.8269760385803957E7
34.31999999999955         2.8799328423855025E7
34.379999999999555        2.934218235993893E7
34.439999999999564        2.989451913219789E7
34.499999999999545        3.044237385080218E7
34.559999999999555        3.0974728195078608E7
34.61999999999957         3.1505543274052795E7
34.67999999999954         3.2050732427628215E7
34.73999999999954         3.2602729103525195E7
34.799999999999564        3.315052774920878E7
34.859999999999545        3.369173077787507E7
34.91999999999955         3.424709799384333E7
34.979999999999556        3.482090939973587E7
35.03999999999956         3.53918541055525E7
35.099999999999554        3.5933455751324296E7
35.15999999999956         3.644047375282637E7
35.219999999999544        3.6958826527587734E7
35.27999999999956         3.751534362110667E7
35.339999999999556        3.808808547289553E7
35.39999999999955         3.865336082323408E7
35.45999999999954         3.9199416147918805E7
35.519999999999555        3.9724064092636794E7
35.57999999999955         4.0229212156474896E7
35.639999999999546        4.072292059176368E7
35.69999999999955         4.122562540725471E7
35.75999999999955         4.175982240363451E7
35.81999999999955         4.231552869504485E7
35.87999999999954         4.2851963831679545E7
35.93999999999956         4.335072882837486E7
35.999999999999545        4.3825545907943375E7
36.059999999999555        4.43014916731124E7
36.119999999999536        4.479389605034408E7
36.179999999999545        4.5306326620476075E7
36.239999999999554        4.5820327945752494E7
36.29999999999954         4.632546134050287E7
36.359999999999545        4.6805383933907986E7
36.41999999999955         4.7254524770348005E7
36.47999999999955         4.768012706226242E7
36.53999999999956         4.8107237808965E7
36.599999999999554        4.8558405542781025E7
36.65999999999955         4.901997913486038E7
36.71999999999956         4.9464857074192435E7
36.77999999999956         4.987991212916431E7
36.83999999999955         5.0283374168559365E7
36.899999999999544        5.069453175913353E7
36.95999999999955         5.10974884607439E7
37.019999999999555        5.1480012897814944E7
37.07999999999956         5.184852796521329E7
37.139999999999546        5.222623601051208E7
37.199999999999555        5.261455405007723E7
37.25999999999955         5.297895904247235E7
37.319999999999546        5.331390619734007E7
37.37999999999954         5.364194533324149E7
37.43999999999956         5.398071723646684E7
37.49999999999956         5.432919905135882E7
37.55999999999955         5.466203206008399E7
37.61999999999955         5.495816577625768E7
37.67999999999956         5.523515766097513E7
37.739999999999554        5.551884812078625E7
37.79999999999954         5.580360154485397E7
37.85999999999956         5.606170198101769E7
37.91999999999957         5.6289897426862046E7
37.97999999999955         5.650828866542422E7
38.039999999999544        5.672560083496785E7
38.09999999999956         5.6941095936935924E7
38.159999999999556        5.715402796158659E7
38.21999999999956         5.736708408747542E7
38.279999999999575        5.75724731745414E7
38.339999999999556        5.77380823881979E7
38.39999999999955         5.786459814679858E7
38.45999999999956         5.7979507942454144E7
38.51999999999955         5.811448945939714E7
38.57999999999955         5.826193329090366E7
38.63999999999956         5.8395681766042516E7
38.699999999999555        5.850463683550255E7
38.75999999999955         5.859012388441082E7
38.81999999999956         5.8660921932678714E7
38.87999999999954         5.871614055860992E7
38.93999999999956         5.875533926351088E7
38.99999999999955         5.879400290331368E7
39.059999999999555        5.884735082469256E7
39.119999999999564        5.89053940456189E7
39.17999999999956         5.8923517448145986E7
39.23999999999955         5.887778039424111E7
39.29999999999954         5.879803345039664E7
39.35999999999955         5.872724550250351E7
39.419999999999554        5.868539161263372E7
39.47999999999955         5.865405941599514E7
39.53999999999955         5.86005352746557E7
39.59999999999956         5.85157378867388E7
39.659999999999556        5.840581429885002E7
39.719999999999544        5.826924128366834E7
39.77999999999956         5.811465961074957E7
39.839999999999556        5.79654234644504E7
39.89999999999956         5.784074509261796E7
39.95999999999954         5.772311063309676E7
40.019999999999555        5.758048296952445E7
40.079999999999565        5.739853537611436E7
40.13999999999956         5.718819825813052E7
40.19999999999955         5.697705899408032E7
40.25999999999955         5.677069964751721E7
40.31999999999955         5.6555011262039855E7
40.379999999999555        5.632162433113108E7
40.43999999999956         5.607254917447206E7
40.49999999999955         5.58137881876912E7
40.55999999999956         5.553500450328541E7
40.619999999999564        5.524242575515414E7
40.67999999999955         5.49479064809368E7
40.739999999999554        5.46550016556778E7
40.79999999999956         5.4350135388233945E7
40.85999999999955         5.40181343618929E7
40.91999999999956         5.3672178087236725E7
40.97999999999955         5.333689522206018E7
41.03999999999955         5.301372390075108E7
41.09999999999957         5.267450698990958E7
41.159999999999556        5.230069098736747E7
41.219999999999544        5.19113452243695E7
41.27999999999956         5.152728015418455E7
41.339999999999556        5.1146899247835256E7
41.399999999999565        5.075863141414775E7
41.45999999999955         5.035429277163172E7
41.51999999999956         4.994317761258733E7
41.57999999999957         4.9530440512272045E7
41.639999999999546        4.909898304986221E7
41.69999999999956         4.8639444761317E7
41.75999999999957         4.816831657142765E7
41.81999999999955         4.7710821494057216E7
41.87999999999955         4.7272849143910624E7
41.939999999999564        4.683007485907394E7
41.99999999999956         4.6360787742841855E7
42.059999999999555        4.585947041987096E7
42.119999999999564        4.534658892481588E7
42.17999999999955         4.4844868101187356E7
42.239999999999554        4.435612872678181E7
42.29999999999956         4.3877621815358765E7
42.35999999999956         4.340347507989669E7
42.41999999999956         4.292058387565076E7
42.479999999999556        4.2409484774726465E7
42.53999999999956         4.187082851364036E7
42.599999999999554        4.133551060477741E7
42.659999999999556        4.082259091117912E7
42.71999999999957         4.0325897107716836E7
42.77999999999956         3.9822768444816664E7
42.839999999999556        3.930157188223093E7
42.89999999999956         3.87650823787767E7
42.959999999999575        3.8217703371936716E7
43.019999999999555        3.765972413981638E7
43.07999999999955         3.709898421916609E7
43.139999999999546        3.655632612523297E7
43.19999999999957         3.603937303713768E7
43.259999999999565        3.552785006474178E7
43.31999999999955         3.499394180064854E7
43.37999999999957         3.4429567757351495E7
43.43999999999957         3.385822035620713E7
43.49999999999956         3.3311286793395743E7
43.55999999999957         3.2787788003113527E7
43.61999999999957         3.2266110607491616E7
43.679999999999566        3.1737273525862202E7
43.739999999999576        3.1206258051198367E7
43.79999999999957         3.067551996479E7
43.859999999999566        3.013846395257272E7
43.91999999999958         2.959572364170816E7
43.979999999999585        2.9058620927563526E7
44.039999999999566        2.8531625480976477E7
44.09999999999957         2.8009527992516797E7
44.15999999999959         2.748260581608106E7
44.21999999999957         2.6956083470112186E7
44.27999999999956         2.6440880017476566E7
44.33999999999957         2.5935669370818894E7
44.39999999999958         2.542905281675619E7
44.45999999999957         2.49118076775185E7
44.51999999999958         2.4391614994071204E7
44.57999999999956         2.3880537962259106E7
44.639999999999574        2.3384744200978294E7
44.699999999999584        2.2903023896971606E7
44.75999999999957         2.242667087400826E7
44.81999999999957         2.1950913687322326E7
44.87999999999958         2.1473487074258205E7
44.93999999999958         2.0992176356557533E7
44.99999999999959         2.051069526508647E7
45.05999999999958         2.004457741062021E7
45.11999999999957         1.960292429453436E7
45.179999999999595        1.9171279736051194E7
45.239999999999576        1.8728257949588276E7
45.29999999999958         1.8270443668854825E7
45.35999999999957         1.7813833790277965E7
45.41999999999958         1.737566255475587E7
45.47999999999958         1.695702440686858E7
45.53999999999957         1.654863319473124E7
45.59999999999959         1.6147986465335887E7
45.659999999999584        1.575318187268976E7
45.71999999999957         1.5357109619714892E7
45.779999999999575        1.495426763817308E7
45.8399999999996          1.4550267576579126E7
45.89999999999958         1.416240779975869E7
45.95999999999958         1.3801520260891933E7
46.019999999999605        1.3459585591429206E7
46.07999999999959         1.3116718258766662E7
46.13999999999959         1.2762962637856979E7
46.19999999999957         1.2408877645663844E7
46.25999999999959         1.2067091237084491E7
46.31999999999959         1.1742035426576627E7
46.379999999999576        1.1431073715342801E7
46.43999999999958         1.113062312712581E7
46.49999999999959         1.083631430683964E7
46.55999999999958         1.0540394782257684E7
46.619999999999585        1.0241644594783893E7
46.679999999999595        9947531.951437233
46.73999999999959         9667822.547960939
46.79999999999959         9404141.407011917
46.8599999999996          9148326.028071182
46.919999999999604        8894088.41866497
46.97999999999959         8643948.054021738
47.039999999999594        8402102.952095024
47.09999999999961         8166417.531795627
47.15999999999959         7935015.354509904
47.21999999999959         7711794.563137923
47.27999999999962         7501144.788196233
47.3399999999996          7302264.934980225
47.399999999999594        7108660.5264037335
47.45999999999961         6915193.289892032
47.519999999999605        6726040.411789085
47.5799999999996          6548252.041463308
47.63999999999961         6380543.329587655
47.69999999999959         6216571.228079149
47.7599999999996          6054402.12613261
47.8199999999996          5900024.877852497
47.87999999999961         5758521.12207132
47.9399999999996          5626747.6943299
48                        5497466.803240148
