0                         10.202319968026131
0.05999999999887493       11.240669286845831
0.11999999999887696       10.996854627554832
0.179999999998879         5.36270602227705
0.23999999999888103       25.09681005780777
0.299999999998883         73.93381037143733
0.35999999999888505       29.590459779271644
0.4199999999988871        185.46074746966408
0.47999999999888915       136.36750120516757
0.5399999999988911        113.3649353559388
0.5999999999988931        47.90349909922876
0.6599999999988952        15.152830470175134
0.7199999999988971        362.99073172265037
0.7799999999988994        111.8357211151711
0.8399999999989012        60.72791238142967
0.899999999998903         68.179613891759
0.9599999999989051        208.12121463866208
1.0199999999989071        11.306714897105008
1.0799999999989092        26.039376599090303
1.1399999999989108        391.21233643587016
1.199999999998913         8.79231631701463
1.2599999999989149        97.7205497012611
1.3199999999989172        90.03426891268613
1.3799999999989188        666.0445263799696
1.4399999999989206        380.1354565568768
1.499999999998923         818.9397460877938
1.5599999999989245        495.10196046084945
1.619999999998927         582.6666196977177
1.6799999999989284        936.5101767234281
1.7399999999989304        448.4292149192804
1.7999999999989322        1143.3016242663878
1.859999999998934         1073.941575370393
1.9199999999989363        1962.6657670979462
1.979999999998938         1349.9880326448742
2.039999999998941         1304.7980339158999
2.099999999998942         2213.724079089493
2.159999999998943         2650.0189914010152
2.2199999999989455        2558.8169000290345
2.2799999999989473        3618.2363596725477
2.339999999998949         3762.0914050720594
2.399999999998951         5163.290195150042
2.4599999999989537        7156.09892923002
2.519999999998954         7793.756267118869
2.5799999999989565        7779.006180281681
2.6399999999989587        6873.360634066549
2.6999999999989606        7593.108330855504
2.7599999999989624        11943.166061919243
2.819999999998964         11493.575482455197
2.879999999998967         14831.193352127299
2.939999999998969         17430.874037578807
2.9999999999989697        22342.53030695289
3.0599999999989715        21626.50862256552
3.119999999998973         23834.939707490288
3.1799999999989765        24006.828621868197
3.239999999998977         29839.32137309868
3.299999999998979         36717.25982239653
3.359999999998981         40054.3771088887
3.419999999998982         41828.20246844758
3.479999999998984         45601.7548846753
3.5399999999989853        48871.38531071692
3.5999999999989867        56020.41532110026
3.6599999999989885        58216.92607471459
3.7199999999989912        70154.62270347791
3.779999999998992         73248.69228320975
3.8399999999989944        80484.47382938775
3.899999999998996         90450.57214218307
3.959999999998997         93122.21544105568
4.0199999999989995        104815.77489711627
4.079999999999            109653.77463300838
4.139999999999002         119031.97434496341
4.1999999999990045        129421.50660976036
4.259999999999006         148465.24256611185
4.31999999999901          159900.7878804842
4.37999999999901          182332.68248911636
4.439999999999012         194633.78261503443
4.499999999999012         200513.28746487264
4.559999999999015         213599.77966217158
4.619999999999015         232947.27369614068
4.679999999999018         252180.83351987874
4.739999999999021         269961.0560819925
4.799999999999022         280653.33015560015
4.859999999999024         301799.20243944245
4.919999999999025         322257.92727731715
4.979999999999027         349315.61998447246
5.0399999999990275        373681.3513727725
5.099999999999031         406008.7518409862
5.159999999999034         421578.9920661865
5.219999999999033         449471.60205987946
5.279999999999037         481682.30400071194
5.339999999999037         510966.03655227897
5.399999999999039         531064.0973759532
5.45999999999904          572856.507566301
5.519999999999042         615431.3906422763
5.579999999999047         654615.513963646
5.639999999999046         701117.226432997
5.699999999999049         741465.5224299458
5.759999999999049         782104.9112825346
5.819999999999051         846408.8531745743
5.879999999999052         880474.103027037
5.939999999999055         918193.03346618
5.999999999999055         965524.0166686347
6.059999999999058         1019830.8859642163
6.1199999999990595        1072654.8101569389
6.179999999999062         1132042.1876622478
6.239999999999064         1209826.001430733
6.299999999999066         1267752.5840376238
6.359999999999068         1337261.7301449832
6.419999999999073         1376542.9589267636
6.4799999999990705        1462146.758400233
6.5399999999990746        1537512.3697190562
6.599999999999076         1614056.985211195
6.65999999999908          1697637.568444196
6.7199999999990805        1784729.8761911045
6.779999999999083         1861634.6315661024
6.839999999999085         1944643.6815297096
6.899999999999087         2042881.5394385073
6.959999999999088         2139372.8636343856
7.019999999999091         2222560.48091492
7.079999999999092         2348664.1681144815
7.139999999999095         2459913.423020987
7.199999999999097         2579037.438641153
7.259999999999102         2681387.829367523
7.319999999999103         2763461.269574389
7.379999999999102         2887898.638428722
7.439999999999104         3033730.7517610816
7.499999999999107         3136376.2157281176
7.559999999999109         3260602.8492569877
7.619999999999111         3396382.0684145023
7.679999999999114         3527520.6283158883
7.739999999999116         3690921.1222306984
7.799999999999122         3837031.302724298
7.859999999999121         3961642.9206698043
7.919999999999121         4128399.0102450317
7.979999999999123         4302383.957374416
8.039999999999125         4463217.302057381
8.099999999999127         4630302.314368603
8.15999999999913          4801376.0964472545
8.219999999999132         4960800.024111967
8.279999999999138         5140969.642932132
8.339999999999137         5311004.379805406
8.399999999999135         5490845.922856753
8.459999999999141         5712605.170696522
8.519999999999142         5899112.731524881
8.579999999999142         6123320.903934693
8.639999999999148         6296309.4571172595
8.699999999999152         6511120.539978917
8.759999999999149         6726897.426380792
8.819999999999155         6975178.535087821
8.879999999999153         7193012.494176973
8.93999999999916          7374977.191256202
8.999999999999162         7624658.623435537
9.059999999999162         7888993.337149948
9.119999999999166         8106829.204638682
9.179999999999165         8382696.881970261
9.239999999999167         8653968.19025272
9.29999999999917          8935403.506842133
9.35999999999917          9234260.201563004
9.419999999999176         9491368.446386298
9.479999999999176         9726773.43909549
9.539999999999178         9991276.547034733
9.59999999999918          1.0265092497552736E7
9.659999999999181         1.0545699491435561E7
9.719999999999182         1.0847824117743276E7
9.779999999999188         1.1106287549812991E7
9.839999999999186         1.1402952750456301E7
9.899999999999192         1.1736699322747173E7
9.959999999999194         1.2048608840483118E7
10.019999999999195        1.235747561874854E7
10.079999999999195        1.266493634765321E7
10.139999999999194        1.2945138443431444E7
10.1999999999992          1.3294812353838498E7
10.2599999999992          1.3665380855749978E7
10.319999999999201        1.399765233738586E7
10.379999999999207        1.4354731580263847E7
10.439999999999209        1.4718840180362279E7
10.499999999999211        1.5065087119636318E7
10.55999999999921         1.5399677597528292E7
10.619999999999218        1.5751865854131596E7
10.679999999999215        1.6148534901813386E7
10.739999999999219        1.6515865221036186E7
10.799999999999221        1.6908954155728888E7
10.859999999999221        1.7221084054083865E7
10.919999999999225        1.7584045939391136E7
10.979999999999228        1.7950720106434956E7
11.03999999999923         1.830611766743073E7
11.099999999999227        1.8694586321743965E7
11.15999999999923         1.9105074412847802E7
11.219999999999235        1.9491530705464777E7
11.279999999999239        1.990002822575558E7
11.339999999999236        2.0306099060897127E7
11.39999999999924         2.0679194035303976E7
11.459999999999244        2.109178738988196E7
11.519999999999246        2.1546174240144767E7
11.579999999999247        2.1973685586362895E7
11.639999999999253        2.2375929963548224E7
11.699999999999253        2.2779995697823726E7
11.759999999999252        2.319588367767807E7
11.819999999999254        2.3662530767932992E7
11.879999999999262        2.407672249864287E7
11.939999999999259        2.4485254275744736E7
11.999999999999261        2.4874846737432227E7
12.059999999999269        2.528543850709273E7
12.119999999999262        2.572312649282401E7
12.179999999999268        2.6206834120934214E7
12.239999999999265        2.66183946912677E7
12.29999999999927         2.6993448674866144E7
12.359999999999271        2.7407172091172516E7
12.419999999999272        2.7846191512610763E7
12.479999999999272        2.8253061813576255E7
12.539999999999274        2.8696007464757416E7
12.599999999999273        2.916592690661244E7
12.659999999999277        2.961373915683107E7
12.719999999999276        3.008368875352071E7
12.779999999999276        3.0524713834231876E7
12.839999999999279        3.0939502815815795E7
12.899999999999283        3.140655953347349E7
12.959999999999287        3.182146851032914E7
13.019999999999285        3.221502472787571E7
13.079999999999288        3.2604437184253123E7
13.139999999999286        3.3048961717206012E7
13.199999999999287        3.35150636411006E7
13.259999999999287        3.396086916955931E7
13.319999999999295        3.4306683796671346E7
13.379999999999294        3.4669273285528995E7
13.439999999999293        3.5082287952055976E7
13.499999999999297        3.548282354382254E7
13.559999999999295        3.5910672138193846E7
13.6199999999993          3.629709849712929E7
13.679999999999303        3.670116766553727E7
13.739999999999304        3.7135315753641516E7
13.7999999999993          3.7544068614341274E7
13.859999999999303        3.78831707641454E7
13.919999999999304        3.8205048090307236E7
13.979999999999308        3.858271430330664E7
14.03999999999931         3.904876844854848E7
14.09999999999931         3.9447453139917046E7
14.15999999999932         3.982489020660824E7
14.219999999999313        4.0150839302637056E7
14.279999999999312        4.0510814522612065E7
14.339999999999316        4.084978489471781E7
14.399999999999315        4.115897943531409E7
14.459999999999319        4.146281346910334E7
14.519999999999321        4.1814041951846294E7
14.579999999999325        4.2126263031177506E7
14.639999999999322        4.242716470206202E7
14.699999999999324        4.273531884890789E7
14.759999999999328        4.30037792450569E7
14.819999999999325        4.328888531794346E7
14.879999999999326        4.360476350486812E7
14.939999999999324        4.3892511847161435E7
14.999999999999334        4.414720193753068E7
15.059999999999333        4.4403907436753675E7
15.119999999999337        4.4662944079795E7
15.179999999999337        4.4925365688277274E7
15.239999999999338        4.515339985243432E7
15.299999999999338        4.537132839482727E7
15.359999999999337        4.564482912987814E7
15.419999999999344        4.58694503794005E7
15.47999999999934         4.607186460517484E7
15.539999999999344        4.621990456377946E7
15.599999999999346        4.634895278517118E7
15.659999999999348        4.655534204167376E7
15.719999999999352        4.671522209680105E7
15.779999999999344        4.68260669148234E7
15.839999999999355        4.690232570292191E7
15.899999999999352        4.705840390483045E7
15.959999999999356        4.7237199961167745E7
16.019999999999357        4.734377335687193E7
16.07999999999935         4.738565508851019E7
16.139999999999358        4.744058979682952E7
16.199999999999363        4.7498283345217094E7
16.259999999999355        4.758771501926331E7
16.319999999999368        4.7655551288203225E7
16.379999999999356        4.771704900507704E7
16.439999999999365        4.771312427477004E7
16.499999999999368        4.773656216498451E7
16.55999999999937         4.774309838559527E7
16.61999999999937         4.7758668121207915E7
16.679999999999367        4.774659444521655E7
16.73999999999937         4.771850092404879E7
16.799999999999375        4.769052618003144E7
16.85999999999938         4.763156071245056E7
16.919999999999373        4.754670032532593E7
16.97999999999938         4.747202005307631E7
17.039999999999388        4.740507742646318E7
17.099999999999383        4.729581465909127E7
17.15999999999938         4.715652312870633E7
17.21999999999938         4.7009464574599154E7
17.279999999999383        4.690874224452648E7
17.339999999999392        4.678468824952772E7
17.399999999999388        4.662681608673097E7
17.45999999999939         4.6439327903832525E7
17.51999999999939         4.624047918149983E7
17.57999999999939         4.608270850612914E7
17.639999999999397        4.588697704300142E7
17.69999999999939         4.565785727967435E7
17.759999999999398        4.543353186967267E7
17.819999999999403        4.520642074392363E7
17.8799999999994          4.501464446474276E7
17.9399999999994          4.476701488021151E7
17.999999999999403        4.447859146263399E7
18.059999999999402        4.414813240163911E7
18.1199999999994          4.385075542116695E7
18.179999999999406        4.358359295827498E7
18.239999999999405        4.329555306534638E7
18.299999999999407        4.2931935293536104E7
18.359999999999413        4.254592326354925E7
18.419999999999412        4.2204145510489464E7
18.47999999999941         4.1895282631897464E7
18.539999999999413        4.151886181013039E7
18.59999999999942         4.11306066397916E7
18.659999999999414        4.074659851926858E7
18.719999999999416        4.03759644063118E7
18.77999999999941         3.994660748658116E7
18.83999999999942         3.952337686332345E7
18.899999999999427        3.911427335833487E7
18.959999999999418        3.871211750302842E7
19.019999999999428        3.83030503562962E7
19.079999999999423        3.784881911294995E7
19.139999999999425        3.7383889730213605E7
19.19999999999944         3.6913782451899484E7
19.259999999999433        3.64370147453859E7
19.31999999999943         3.593809613434344E7
19.379999999999434        3.542247125303466E7
19.43999999999944         3.487506687638915E7
19.499999999999435        3.437524771572845E7
19.559999999999434        3.3885413297898315E7
19.619999999999436        3.3370922385245148E7
19.679999999999442        3.285822725069313E7
19.73999999999944         3.2335274314642392E7
19.79999999999944         3.1812185074354224E7
19.859999999999445        3.128173111538976E7
19.919999999999447        3.070796121602683E7
19.979999999999443        3.013813244692347E7
20.039999999999456        2.9602487931573898E7
20.099999999999447        2.909650549074775E7
20.159999999999453        2.854729881278964E7
20.219999999999455        2.796958796771873E7
20.27999999999945         2.7388252214582406E7
20.339999999999456        2.6844553132724643E7
20.39999999999946         2.6299738375648737E7
20.459999999999457        2.5721283600830823E7
20.519999999999456        2.5116788829737876E7
20.57999999999946         2.4525571605857823E7
20.639999999999464        2.3955889555701904E7
20.699999999999463        2.3381914547177028E7
20.759999999999458        2.278559430170566E7
20.819999999999467        2.2189301275131155E7
20.87999999999947         2.1589114330814168E7
20.93999999999947         2.1029124235388543E7
20.999999999999464        2.046594377858547E7
21.059999999999473        1.9899235498536114E7
21.11999999999948         1.934358470882434E7
21.179999999999474        1.8785085381493613E7
21.23999999999948         1.821142854970804E7
21.29999999999948         1.7623841146189276E7
21.359999999999488        1.7049218394011255E7
21.41999999999948         1.6493115452385334E7
21.479999999999478        1.5960311616195466E7
21.539999999999484        1.5396449798307361E7
21.59999999999949         1.483391625712461E7
21.659999999999485        1.4293992659039719E7
21.719999999999484        1.376260214282566E7
21.77999999999949         1.323404872729549E7
21.8399999999995          1.2703163207732337E7
21.89999999999949         1.2172849061648557E7
21.959999999999496        1.166983286409948E7
22.019999999999488        1.1178615822258988E7
22.079999999999504        1.0676103936523E7
22.139999999999503        1.0164576066189542E7
22.199999999999495        9672847.833106574
22.2599999999995          9200959.741828224
22.3199999999995          8744556.441653384
22.3799999999995          8286310.319738544
22.4399999999995          7830659.743064005
22.499999999999506        7384675.981268387
22.559999999999505        6960917.860402348
22.619999999999514        6545488.365352598
22.679999999999506        6134343.510981717
22.73999999999951         5734029.968414426
22.799999999999507        5347709.582358314
22.859999999999513        4979001.334884165
22.91999999999952         4615137.828775946
22.979999999999514        4252885.884687465
23.03999999999952         3914652.6008141334
23.09999999999953         3594031.0225809747
23.15999999999952         3285142.1660993
23.219999999999526        2982469.364974388
23.279999999999525        2693112.7003084864
23.339999999999527        2418932.7541739424
23.399999999999523        2162451.951215613
23.459999999999535        1917372.5579970533
23.51999999999953         1676336.9868774747
23.57999999999954         1454714.8262361458
23.639999999999528        1250135.3769926867
23.699999999999537        1063803.8796649294
23.759999999999536        892229.4654753788
23.819999999999535        735117.7454385825
23.87999999999953         594589.443568196
23.93999999999954         470326.78044629114
23.999999999999538        358428.48741877184
24.05999999999954         259849.0670455088
24.119999999999543        178594.05228147714
24.179999999999538        116382.87026544016
24.239999999999547        70748.7271008905
24.299999999999542        41696.99029303077
24.359999999999538        29011.32967791182
24.419999999999543        33201.76112635406
24.479999999999542        53571.19192835033
24.53999999999954         90703.2054385699
24.59999999999954         145585.661500233
24.65999999999954         217219.0216887267
24.719999999999537        305908.1240588613
24.779999999999536        411235.87916701735
24.83999999999954         534898.8503376769
24.899999999999537        681675.8924682157
24.959999999999543        846331.3467886865
25.01999999999954         1024158.5018232762
25.07999999999954         1215969.5270440478
25.13999999999954         1423759.4313169688
25.19999999999954         1650883.1731362985
25.259999999999536        1896383.530619277
25.319999999999535        2160224.58314282
25.379999999999534        2443944.3585501197
25.439999999999532        2753275.0337439086
25.499999999999556        3074328.4128125915
25.559999999999548        3399969.5931354454
25.61999999999954         3742503.995241911
25.679999999999552        4106101.7538034227
25.739999999999537        4495488.276221798
25.799999999999535        4898881.554598957
25.85999999999954         5320744.546737303
25.919999999999543        5759443.340640257
25.97999999999955         6213979.150020757
26.039999999999544        6676435.840021296
26.09999999999955         7142096.61064274
26.159999999999542        7627186.270526936
26.219999999999548        8144119.761060491
26.279999999999536        8687681.804882167
26.339999999999545        9247391.911645077
26.399999999999544        9802060.446833206
26.459999999999543        1.0364402718933366E7
26.519999999999534        1.0956143546487534E7
26.579999999999544        1.156590477555537E7
26.639999999999546        1.2173347535844067E7
26.699999999999548        1.2787619131736672E7
26.759999999999536        1.3425490305999229E7
26.819999999999535        1.409858373954928E7
26.87999999999955         1.4787280355080204E7
26.939999999999554        1.5465688394443823E7
26.999999999999545        1.615140675067864E7
27.059999999999533        1.685878228612271E7
27.11999999999954         1.7582397903177217E7
27.179999999999545        1.8316049371681906E7
27.23999999999955         1.9065609716150787E7
27.299999999999542        1.983205420859968E7
27.359999999999545        2.061406178674824E7
27.41999999999955         2.1393834391375884E7
27.479999999999542        2.2157908859360315E7
27.53999999999954         2.2932625624504462E7
27.59999999999955         2.373049609511722E7
27.659999999999542        2.455477602033249E7
27.719999999999548        2.539195773351899E7
27.779999999999546        2.6225392612489443E7
27.83999999999954         2.706403545318641E7
27.899999999999537        2.7912716611058295E7
27.95999999999954         2.8774720368829332E7
28.019999999999534        2.962349319241545E7
28.079999999999544        3.0472467719141483E7
28.13999999999955         3.1343549879466385E7
28.199999999999548        3.2235091317609314E7
28.259999999999547        3.3123020235887498E7
28.31999999999954         3.399385293911617E7
28.379999999999548        3.4871986295535654E7
28.439999999999532        3.578563780541192E7
28.499999999999545        3.670566182893916E7
28.559999999999548        3.759616929742004E7
28.61999999999956         3.848068760748911E7
28.679999999999538        3.939926387564616E7
28.739999999999547        4.034440204429724E7
28.79999999999955         4.12787382730651E7
28.859999999999552        4.216709066726235E7
28.919999999999543        4.303439513695853E7
28.979999999999556        4.39267822640927E7
29.03999999999955         4.4850100435106054E7
29.09999999999955         4.578652174843967E7
29.159999999999553        4.6705779841989085E7
29.219999999999544        4.761010490459114E7
29.279999999999546        4.850681999045825E7
29.339999999999552        4.939976985205159E7
29.399999999999544        5.02733714681168E7
29.459999999999543        5.113394888541263E7
29.51999999999955         5.201013588532714E7
29.579999999999544        5.290748894346723E7
29.63999999999955         5.380450886193547E7
29.69999999999954         5.468411249252069E7
29.759999999999547        5.5555119375378616E7
29.819999999999553        5.642782863387457E7
29.879999999999548        5.729126821447399E7
29.939999999999554        5.812621362409895E7
29.999999999999545        5.895379033394683E7
30.05999999999954         5.980755845294382E7
30.11999999999954         6.0663245852701604E7
30.179999999999538        6.149094602399321E7
30.23999999999954         6.228235150812583E7
30.299999999999546        6.3060873106893316E7
30.35999999999956         6.3845661561508186E7
30.419999999999547        6.462824985963854E7
30.47999999999955         6.5381868269106604E7
30.539999999999548        6.6116064258659534E7
30.59999999999954         6.685917106377396E7
30.65999999999955         6.761383346558529E7
30.719999999999555        6.83559380415537E7
30.779999999999557        6.904204326323853E7
30.83999999999955         6.96857629061553E7
30.899999999999558        7.034362580587341E7
30.959999999999543        7.10324800764036E7
31.01999999999955         7.172757810359813E7
31.07999999999955         7.238608710364372E7
31.139999999999546        7.301305415489192E7
31.199999999999548        7.363760305039723E7
31.259999999999547        7.423542678459568E7
31.31999999999955         7.479436031660073E7
31.379999999999548        7.532874046454789E7
31.43999999999955         7.58768249992654E7
31.499999999999556        7.642905381331056E7
31.559999999999555        7.694512947237685E7
31.619999999999536        7.741044346662514E7
31.67999999999955         7.785046360881208E7
31.73999999999954         7.82897916042257E7
31.799999999999542        7.872682119108205E7
31.85999999999954         7.914188871847032E7
31.919999999999547        7.953184520287871E7
31.979999999999542        7.991639096812893E7
32.03999999999955         8.029923010452992E7
32.09999999999954         8.065690489286487E7
32.15999999999954         8.09779596905714E7
32.21999999999955         8.127921909381075E7
32.27999999999956         8.157970853625278E7
32.33999999999955         8.187793003362943E7
32.39999999999954         8.214361425116283E7
32.45999999999955         8.237091255071303E7
32.51999999999955         8.258858819814643E7
32.57999999999955         8.279160394712387E7
32.639999999999546        8.295483650871523E7
32.699999999999555        8.306409793206573E7
32.759999999999536        8.315436015458372E7
32.81999999999955         8.328070474587049E7
32.87999999999954         8.341949621134935E7
32.93999999999954         8.35178635558411E7
32.999999999999545        8.354233874031614E7
33.05999999999955         8.351882489632033E7
33.119999999999564        8.350884344588155E7
33.179999999999545        8.35194357849957E7
33.23999999999954         8.351574554952085E7
33.29999999999954         8.34851938156754E7
33.359999999999545        8.343871379326296E7
33.41999999999955         8.338355262596504E7
33.47999999999955         8.329352235645895E7
33.539999999999544        8.315838576121457E7
33.599999999999554        8.299466424631155E7
33.65999999999955         8.283928015281515E7
33.719999999999544        8.268672878674585E7
33.77999999999953         8.250102321345556E7
33.83999999999955         8.226956784565973E7
33.89999999999955         8.20173602032717E7
33.95999999999954         8.176005290912768E7
34.01999999999954         8.147946908826172E7
34.07999999999955         8.115888763036574E7
34.139999999999546        8.082123019579086E7
34.199999999999555        8.049088182363182E7
34.25999999999955         8.015475491550215E7
34.31999999999955         7.978645262310515E7
34.379999999999555        7.93824862286486E7
34.439999999999564        7.89704393110289E7
34.499999999999545        7.855630457955343E7
34.559999999999555        7.81260248459922E7
34.61999999999957         7.766397087668858E7
34.67999999999954         7.718492145048289E7
34.73999999999954         7.672148173311858E7
34.799999999999564        7.625875554728289E7
34.859999999999545        7.575348419582303E7
34.91999999999955         7.519129243550603E7
34.979999999999556        7.459814745066112E7
35.03999999999956         7.402333561087859E7
35.099999999999554        7.34637387581061E7
35.15999999999956         7.288371230600974E7
35.219999999999544        7.226820929185593E7
35.27999999999956         7.163494410363162E7
35.339999999999556        7.099357480453889E7
35.39999999999955         7.033317480747755E7
35.45999999999954         6.964775159966134E7
35.519999999999555        6.895328168874002E7
35.57999999999955         6.826534995484897E7
35.639999999999546        6.758016307449059E7
35.69999999999955         6.687320382844528E7
35.75999999999955         6.614335682144824E7
35.81999999999955         6.541063484255034E7
35.87999999999954         6.46827730322083E7
35.93999999999956         6.3941753946331754E7
35.999999999999545        6.3176961987964526E7
36.059999999999555        6.239648333389993E7
36.119999999999536        6.1624894169027396E7
36.179999999999545        6.086504914213697E7
36.239999999999554        6.008917204812159E7
36.29999999999954         5.927960194321521E7
36.359999999999545        5.844747716895295E7
36.41999999999955         5.761437016733546E7
36.47999999999955         5.678535403458631E7
36.53999999999956         5.595169431202197E7
36.599999999999554        5.5111593749728195E7
36.65999999999955         5.428484142681276E7
36.71999999999956         5.345754206634876E7
36.77999999999956         5.259710229090004E7
36.83999999999955         5.1708656843248874E7
36.899999999999544        5.083008092494285E7
36.95999999999955         4.9984985797230355E7
37.019999999999555        4.91561302907565E7
37.07999999999956         4.8307967018644154E7
37.139999999999546        4.7439987340203725E7
37.199999999999555        4.6572187670781225E7
37.25999999999955         4.5711935233745374E7
37.319999999999546        4.484648042508764E7
37.37999999999954         4.39683244681167E7
37.43999999999956         4.308382979621089E7
37.49999999999956         4.221247426518621E7
37.55999999999955         4.135700795615018E7
37.61999999999955         4.049943218652797E7
37.67999999999956         3.962409131580265E7
37.739999999999554        3.874084553098051E7
37.79999999999954         3.786660028362143E7
37.85999999999956         3.699893452745609E7
37.91999999999957         3.6131116433476865E7
37.97999999999955         3.526797597737738E7
38.039999999999544        3.44208909595291E7
38.09999999999956         3.359332143982906E7
38.159999999999556        3.2765281085198864E7
38.21999999999956         3.1928184308664314E7
38.279999999999575        3.1096774824979004E7
38.339999999999556        3.028406270186892E7
38.39999999999955         2.948480414720221E7
38.45999999999956         2.8687579162667345E7
38.51999999999955         2.7890815181998167E7
38.57999999999955         2.7098968599598806E7
38.63999999999956         2.631071830877266E7
38.699999999999555        2.551529229416523E7
38.75999999999955         2.4722306255042512E7
38.81999999999956         2.3952475435305607E7
38.87999999999954         2.3214122911581106E7
38.93999999999956         2.2494675906060077E7
38.99999999999955         2.177008022499796E7
39.059999999999555        2.102921852398672E7
39.119999999999564        2.0290526479572333E7
39.17999999999956         1.9573082454417612E7
39.23999999999955         1.8876303503618386E7
39.29999999999954         1.8190111415204924E7
39.35999999999955         1.7515473460646614E7
39.419999999999554        1.6860585709626522E7
39.47999999999955         1.6223827232988914E7
39.53999999999955         1.5590369173797455E7
39.59999999999956         1.4956479700808521E7
39.659999999999556        1.4334639622126462E7
39.719999999999544        1.3735693073731326E7
39.77999999999956         1.315235611350446E7
39.839999999999556        1.2577327792664543E7
39.89999999999956         1.2012934811736692E7
39.95999999999954         1.1461258018945139E7
40.019999999999555        1.0920930381191138E7
40.079999999999565        1.0385142971538445E7
40.13999999999956         9854893.248243744
40.19999999999955         9342643.678789858
40.25999999999955         8855798.699803088
40.31999999999955         8390197.701955225
40.379999999999555        7934708.866764689
40.43999999999956         7484406.8464136105
40.49999999999955         7042284.464647376
40.55999999999956         6613727.395832387
40.619999999999564        6201631.844540254
40.67999999999955         5807391.5947471345
40.739999999999554        5433878.759499914
40.79999999999956         5078102.843625253
40.85999999999955         4733171.534834445
40.91999999999956         4393879.323045191
40.97999999999955         4063983.978776246
41.03999999999955         3753001.2855262375
41.09999999999957         3463937.518899267
41.159999999999556        3189419.003908153
41.219999999999544        2923996.1178886457
41.27999999999956         2670688.4077355457
41.339999999999556        2433782.2032086113
41.399999999999565        2211450.6707660635
41.45999999999955         2000465.031279025
41.51999999999956         1801370.2156128255
41.57999999999957         1618380.4763994042
41.639999999999546        1453804.7426423188
41.69999999999956         1304134.8672965018
41.75999999999957         1165571.6733409537
41.81999999999955         1039026.1568518139
41.87999999999955         926374.9392056962
41.939999999999564        828033.6631187882
41.99999999999956         742852.4496094789
42.059999999999555        670874.7177606691
42.119999999999564        614008.9463217203
42.17999999999955         571471.6158113345
42.239999999999554        540033.2875631535
42.29999999999956         518623.024813463
42.35999999999956         509520.9231855674
42.41999999999956         514670.73285921663
42.479999999999556        533354.7561208151
42.53999999999956         564260.7059419648
42.599999999999554        607186.4508971643
42.659999999999556        661524.5688616611
42.71999999999957         725832.3656102155
42.77999999999956         799769.6935205493
42.839999999999556        885831.2649133498
42.89999999999956         986294.5603117888
42.959999999999575        1098746.2193757892
43.019999999999555        1218858.255962337
43.07999999999955         1345878.5418371798
43.139999999999546        1483258.3009223775
43.19999999999957         1633050.1098549014
43.259999999999565        1793620.6327234611
43.31999999999955         1962645.7453603735
43.37999999999957         2141197.300336235
43.43999999999957         2332082.7190046157
43.49999999999956         2534584.096526822
43.55999999999957         2742897.819416511
43.61999999999957         2953470.1739112907
43.679999999999566        3170225.3487329152
43.739999999999576        3398382.125621652
43.79999999999957         3636802.8574872306
43.859999999999566        3882703.217867933
43.91999999999958         4135869.6936274013
43.979999999999585        4398292.790027877
44.039999999999566        4666519.373803559
44.09999999999957         4934688.492596324
44.15999999999959         5204532.840820506
44.21999999999957         5483497.8093971545
44.27999999999956         5776169.321335065
44.33999999999957         6077901.62456537
44.39999999999958         6380274.468523873
44.45999999999957         6680241.898129591
44.51999999999958         6982121.800479484
44.57999999999956         7289318.346337046
44.639999999999574        7600907.507431984
44.699999999999584        7916801.572690486
44.75999999999957         8239697.02715208
44.81999999999957         8571243.61591899
44.87999999999958         8905871.991834516
44.93999999999958         9237173.716513522
44.99999999999959         9567321.56307652
45.05999999999958         9902294.346603468
45.11999999999957         1.0242257389280882E7
45.179999999999595        1.058152361482935E7
45.239999999999576        1.0919815910720259E7
45.29999999999958         1.1263271171700306E7
45.35999999999957         1.1615468005470226E7
45.41999999999958         1.196856171363396E7
45.47999999999958         1.2311302373035567E7
45.53999999999957         1.2644166521771003E7
45.59999999999959         1.2979521382168332E7
45.659999999999584        1.3325339100473713E7
45.71999999999957         1.3675748609047532E7
45.779999999999575        1.402211701452232E7
45.8399999999996          1.4363516522705387E7
45.89999999999958         1.470278951121793E7
45.95999999999958         1.5040277126669884E7
46.019999999999605        1.537192733637754E7
46.07999999999959         1.5700640050424399E7
46.13999999999959         1.60352105523621E7
46.19999999999957         1.6379503262710584E7
46.25999999999959         1.672479594627875E7
46.31999999999959         1.705724162774103E7
46.379999999999576        1.7376437250640515E7
46.43999999999958         1.7693706692330725E7
46.49999999999959         1.8015865064550802E7
46.55999999999958         1.8337935492721528E7
46.619999999999585        1.8655115295684315E7
46.679999999999595        1.89687420660181E7
46.73999999999959         1.9278423529681843E7
46.79999999999959         1.95778237068901E7
46.8599999999996          1.986455238087504E7
46.919999999999604        2.014720756685994E7
46.97999999999959         2.0435178653382145E7
47.039999999999594        2.072620763851699E7
47.09999999999961         2.100945512317425E7
47.15999999999959         2.1281184155998997E7
47.21999999999959         2.154845815237556E7
47.27999999999962         2.1816937147178892E7
47.3399999999996          2.2080767324937444E7
47.399999999999594        2.2328621803564344E7
47.45999999999961         2.256308463287737E7
47.519999999999605        2.27992387190955E7
47.5799999999996          2.3044152855351787E7
47.63999999999961         2.3286504602380987E7
47.69999999999959         2.3512284339122638E7
47.7599999999996          2.372214779113164E7
47.8199999999996          2.3925935277560476E7
47.87999999999961         2.412915106468438E7
47.9399999999996          2.4327921898789983E7
48                        2.4520444593221385E7
