0                         2.14523174748103
0.05999999999887493       6.234833559101409
0.11999999999887696       10.861046535838916
0.17999999999887897       16.897428131245537
0.23999999999888103       13.201500988600456
0.29999999999888305       11.090719725333948
0.35999999999888505       27.48603078268394
0.4199999999988871        18.44473132147704
0.47999999999888915       51.84388150053466
0.5399999999988913        107.65532980401206
0.5999999999988932        29.79630691677117
0.6599999999988952        22.389585204711008
0.7199999999988971        91.63725114742621
0.7799999999988994        13.548445194970785
0.8399999999989012        220.23780029885086
0.8999999999989028        134.28106973729237
0.9599999999989051        224.9852125338419
1.0199999999989076        22.866374140244634
1.079999999998909         70.3785445659947
1.139999999998911         40.36157805242863
1.199999999998913         63.34939259041877
1.2599999999989149        44.20703334490356
1.3199999999989172        39.41851790992476
1.379999999998919         122.30633462039
1.4399999999989206        153.52959654964894
1.499999999998923         119.05884009475663
1.5599999999989245        101.39846860128264
1.619999999998927         17.20725979128633
1.6799999999989286        146.5766272850856
1.7399999999989304        85.6769815128466
1.7999999999989322        89.51435563164051
1.859999999998934         32.58858064735753
1.9199999999989366        140.4819707675474
1.979999999998938         180.3647750261633
2.0399999999989404        42.14838472441875
2.099999999998942         171.9177514743241
2.1599999999989437        52.96748073767208
2.2199999999989455        25.486251648198827
2.2799999999989473        82.59908215227924
2.339999999998949         78.17911193932414
2.3999999999989505        9.808587806051644
2.4599999999989537        359.51610769461735
2.519999999998956         281.89212930582636
2.5799999999989573        232.89928659186754
2.6399999999989587        147.24654556562754
2.6999999999989606        23.166257002052383
2.7599999999989624        161.64709423165618
2.819999999998964         435.85995099667946
2.879999999998967         72.36509114804075
2.939999999998969         154.23183584894824
2.9999999999989697        171.6722856197303
3.059999999998971         200.35414140861798
3.119999999998973         261.52374465405137
3.1799999999989748        585.1316154742481
3.239999999998977         350.22013802661525
3.2999999999989797        765.162593956867
3.359999999998981         431.87328892017587
3.419999999998983         463.19781226884027
3.479999999998984         492.21865631861664
3.539999999998985         1771.6583654246558
3.599999999998987         1815.8115816322495
3.6599999999989885        1247.0882690874641
3.7199999999989912        759.6686806677609
3.7799999999989935        951.2972112851847
3.8399999999989944        787.2007412766887
3.8999999999989967        2592.939772710766
3.959999999998997         2264.2082934144805
4.0199999999989995        2574.6649895616997
4.079999999999            3348.359467594837
4.139999999999002         2640.444716807406
4.1999999999990045        3065.0966292923245
4.259999999999007         3589.511249472812
4.31999999999901          3913.9755461766104
4.37999999999901          4963.775973625944
4.439999999999012         5823.222694097375
4.499999999999013         4891.399659031477
4.559999999999015         6166.125543327314
4.619999999999019         6091.027439791968
4.679999999999018         6234.339235823616
4.739999999999022         6878.958408698812
4.799999999999022         8320.097139180454
4.859999999999024         9802.008271634397
4.919999999999025         13709.520048536908
4.979999999999026         14030.46307484439
5.0399999999990275        13846.223199655466
5.09999999999903          13457.990447592727
5.159999999999034         14695.950302356263
5.219999999999034         16099.942591512025
5.279999999999037         17019.36301008257
5.339999999999037         17704.32451228981
5.399999999999039         22474.273151206093
5.45999999999904          25027.168318920147
5.519999999999042         27979.456032250535
5.5799999999990435        26452.81383224642
5.639999999999046         30544.953459649914
5.699999999999049         31981.631126082073
5.75999999999905          31882.700517983518
5.819999999999052         35453.81295751543
5.879999999999052         40797.99231381569
5.939999999999055         40003.290649854935
5.999999999999055         48565.567881240066
6.059999999999058         54306.66758336634
6.119999999999062         57522.95368987363
6.179999999999062         59062.65697319399
6.239999999999064         65412.56925927906
6.299999999999066         69701.34540109608
6.359999999999069         75445.16707706511
6.419999999999073         80282.48124938676
6.479999999999076         83869.98096576438
6.5399999999990746        93700.54946083094
6.599999999999078         96568.88334897117
6.659999999999077         101705.45030548156
6.7199999999990805        107395.16904938681
6.779999999999083         116638.51524719104
6.839999999999086         127146.74266390664
6.899999999999087         138320.32260204494
6.959999999999088         141735.05290057973
7.019999999999091         152738.00994884293
7.079999999999094         158031.14421907597
7.139999999999095         172245.18027318158
7.199999999999097         185157.1074084598
7.259999999999101         199650.08221996468
7.3199999999991014        212417.1220909005
7.3799999999991055        228840.31466613166
7.439999999999104         243820.63099158462
7.499999999999107         255712.05793216664
7.5599999999991105        260584.63675875776
7.619999999999111         281144.49071367586
7.679999999999114         298562.38754050876
7.739999999999116         318926.17566109134
7.799999999999119         334987.5415066935
7.859999999999121         349027.1091425097
7.919999999999121         369660.39759761794
7.979999999999123         402890.099026225
8.039999999999129         421045.80503010325
8.099999999999126         442966.16298648523
8.15999999999913          463685.82032635476
8.219999999999132         487907.63038145495
8.279999999999132         512894.981115811
8.339999999999137         547598.8638153662
8.399999999999135         572488.8002665526
8.459999999999141         603167.2238768765
8.519999999999143         640010.3374184747
8.579999999999142         678425.5059656936
8.639999999999146         704942.5931715604
8.699999999999152         729403.2227184164
8.759999999999149         773111.3002493422
8.819999999999153         808363.2958513848
8.879999999999153         854130.1899631887
8.939999999999156         896612.3272073478
8.99999999999916          945737.4292744308
9.05999999999916          987406.3922619972
9.119999999999164         1036289.1430661636
9.179999999999165         1080865.5419992006
9.239999999999167         1139815.2048996375
9.29999999999917          1186098.3519484997
9.35999999999917          1255109.4387379712
9.419999999999174         1305235.6627480055
9.479999999999176         1350847.9106698073
9.539999999999178         1411989.4483946625
9.59999999999918          1490346.3823957543
9.659999999999181         1548959.0916269869
9.719999999999184         1617567.9774644119
9.779999999999188         1687375.0876766492
9.839999999999186         1771123.3537591393
9.899999999999189         1852788.445712649
9.959999999999194         1925508.4462308676
10.019999999999193        1993784.864354599
10.079999999999195        2079333.638214393
10.139999999999194        2170361.552300521
10.1999999999992          2269336.0942211957
10.259999999999202        2353026.9392313575
10.319999999999208        2445423.8397051143
10.379999999999207        2535231.9335563034
10.439999999999209        2633677.659242129
10.499999999999208        2745847.3431585156
10.559999999999214        2858497.151457625
10.61999999999922         2970581.0812210995
10.679999999999215        3107733.021064409
10.73999999999922         3216509.288482603
10.799999999999221        3315678.5093718134
10.859999999999221        3445186.186182509
10.919999999999222        3587121.0816235966
10.979999999999228        3744764.7417445183
11.03999999999923         3877451.1414571954
11.099999999999232        4005962.220543789
11.159999999999235        4129076.093417375
11.219999999999235        4289844.43910232
11.279999999999236        4446392.997784233
11.339999999999241        4627689.798875072
11.399999999999242        4787631.302872392
11.459999999999248        4959556.451692558
11.519999999999246        5122695.014818295
11.579999999999247        5279535.784126532
11.63999999999925         5432795.261189646
11.699999999999253        5643670.307978525
11.759999999999252        5843271.950033251
11.819999999999254        6064165.221229756
11.879999999999262        6260507.501013492
11.939999999999259        6436763.5143027725
11.999999999999261        6642687.440037555
12.059999999999269        6889130.238359757
12.119999999999262        7141511.763105004
12.179999999999268        7366439.632267346
12.23999999999927         7578781.602637225
12.299999999999274        7824944.858930684
12.359999999999271        8052886.81910485
12.419999999999272        8291493.246866157
12.479999999999272        8553023.785780348
12.539999999999274        8806026.580779927
12.599999999999278        9080265.611544129
12.659999999999279        9367215.122096159
12.719999999999287        9636458.817292139
12.779999999999276        9923267.293144906
12.839999999999279        1.0204739219186354E7
12.899999999999283        1.0503602238256322E7
12.959999999999283        1.0832696566151418E7
13.019999999999285        1.1142964884899491E7
13.079999999999288        1.1437791373776454E7
13.139999999999295        1.1766515167305127E7
13.199999999999287        1.2115026061768886E7
13.259999999999295        1.2435908765189406E7
13.319999999999295        1.280239790377746E7
13.379999999999294        1.3165802625903064E7
13.439999999999294        1.3546781993895095E7
13.499999999999297        1.3883862319504289E7
13.559999999999299        1.4231844217562884E7
13.6199999999993          1.4591761284967942E7
13.679999999999298        1.4982795250017636E7
13.739999999999304        1.5385133579370296E7
13.7999999999993          1.5822314628212484E7
13.859999999999303        1.622198248992907E7
13.919999999999309        1.662554458615622E7
13.979999999999308        1.7010886953171246E7
14.03999999999931         1.744131466592365E7
14.09999999999931         1.7873775260038275E7
14.159999999999313        1.8314362490152463E7
14.21999999999931         1.8799967943384323E7
14.279999999999312        1.927870428126366E7
14.339999999999316        1.9756218732137248E7
14.399999999999315        2.0231140133856185E7
14.459999999999322        2.067398995653649E7
14.519999999999321        2.1161096156471312E7
14.579999999999325        2.1691216515795592E7
14.639999999999322        2.220120690187187E7
14.699999999999324        2.272522703123824E7
14.75999999999933         2.3257586150862545E7
14.819999999999325        2.3782111495373894E7
14.879999999999331        2.430260406159092E7
14.939999999999335        2.4831787359839726E7
14.999999999999332        2.5378340198108025E7
15.059999999999333        2.594223134347551E7
15.119999999999331        2.6523609802503604E7
15.179999999999337        2.7079213852762535E7
15.239999999999338        2.7646163096247565E7
15.299999999999338        2.8257966852417465E7
15.359999999999342        2.887230994223866E7
15.419999999999344        2.949543774442355E7
15.479999999999345        3.010481390408199E7
15.539999999999344        3.0715239909100782E7
15.599999999999346        3.1323115811757017E7
15.659999999999348        3.19964371992071E7
15.719999999999352        3.2640843806599457E7
15.779999999999351        3.3290977260727514E7
15.839999999999355        3.397236025085184E7
15.899999999999359        3.4675482574477546E7
15.959999999999356        3.5335551936912075E7
16.019999999999357        3.597850318210823E7
16.07999999999935         3.660002902437466E7
16.139999999999358        3.731196519216713E7
16.199999999999356        3.805905102288772E7
16.25999999999936         3.87896645158295E7
16.319999999999368        3.949654056791276E7
16.37999999999937         4.017070433668411E7
16.439999999999365        4.087526343180185E7
16.499999999999368        4.164963057381176E7
16.55999999999937         4.2403385144299395E7
16.61999999999937         4.314360068026749E7
16.679999999999374        4.395815527996276E7
16.73999999999937         4.4740390757074036E7
16.799999999999375        4.547845441051068E7
16.859999999999367        4.621598209198882E7
16.919999999999373        4.697710772739728E7
16.97999999999938         4.7766016138713315E7
17.039999999999388        4.8590268191303946E7
17.099999999999383        4.941224128488249E7
17.15999999999938         5.020358213980683E7
17.21999999999938         5.098497287594215E7
17.279999999999383        5.179463213796452E7
17.339999999999392        5.2623665389087625E7
17.399999999999388        5.3440640798931256E7
17.45999999999939         5.426678444128947E7
17.519999999999396        5.50938757770225E7
17.57999999999939         5.594860711568176E7
17.639999999999382        5.6800022349670075E7
17.69999999999939         5.760104647636478E7
17.759999999999398        5.84780118382899E7
17.81999999999939         5.9400534846969426E7
17.8799999999994          6.0284578151758164E7
17.939999999999397        6.111872329398054E7
17.999999999999403        6.195419476991582E7
18.0599999999994          6.280111298981071E7
18.119999999999408        6.3691107820832424E7
18.179999999999406        6.454240328518044E7
18.239999999999405        6.540910381460555E7
18.2999999999994          6.6301567636092156E7
18.359999999999413        6.718539041504322E7
18.419999999999412        6.81032165822943E7
18.47999999999941         6.901555725316836E7
18.539999999999413        6.985796323274982E7
18.59999999999942         7.07338937488079E7
18.659999999999414        7.164098482291533E7
18.719999999999416        7.254460258664356E7
18.77999999999942         7.347924514953448E7
18.83999999999942         7.437678238085537E7
18.899999999999423        7.52669173261666E7
18.959999999999425        7.615424052127282E7
19.019999999999428        7.70700599376625E7
19.07999999999943         7.796468994531733E7
19.139999999999425        7.886703397906494E7
19.199999999999434        7.979283521398112E7
19.259999999999426        8.06463040304555E7
19.31999999999943         8.14578335511129E7
19.379999999999434        8.234721706218065E7
19.439999999999433        8.328355248949343E7
19.499999999999435        8.421811020177345E7
19.55999999999943         8.515347416975825E7
19.619999999999436        8.60431119684443E7
19.679999999999445        8.690219168423805E7
19.73999999999944         8.773489712127472E7
19.799999999999443        8.858631159495877E7
19.859999999999445        8.947397211715141E7
19.919999999999447        9.03903362550251E7
19.97999999999945         9.131344394831532E7
20.039999999999456        9.220626217584206E7
20.099999999999447        9.304108244292746E7
20.159999999999453        9.382711548567258E7
20.219999999999455        9.46681386819265E7
20.27999999999945         9.556593605160892E7
20.339999999999456        9.64677514705223E7
20.399999999999455        9.731628310944754E7
20.45999999999946         9.809221582890567E7
20.519999999999463        9.887386121450691E7
20.57999999999946         9.969440377705447E7
20.63999999999946         1.0052073499549085E8
20.699999999999463        1.0136152023421681E8
20.759999999999465        1.0220667840049683E8
20.819999999999467        1.0304251398100822E8
20.87999999999947         1.0385298651416484E8
20.93999999999947         1.0462461223714997E8
20.99999999999947         1.0535708892374209E8
21.059999999999473        1.0604606804789492E8
21.119999999999475        1.0681606071547456E8
21.179999999999477        1.0757707394827932E8
21.23999999999948         1.0828843473938559E8
21.29999999999948         1.0901015204004578E8
21.359999999999474        1.0974151844051117E8
21.419999999999483        1.1046433045822357E8
21.479999999999478        1.11192125152431E8
21.539999999999484        1.1189550480743161E8
21.59999999999949         1.1256081198805149E8
21.659999999999485        1.1322684806736071E8
21.719999999999484        1.1387002703034684E8
21.77999999999949         1.1448663097121112E8
21.8399999999995          1.1509914194745556E8
21.89999999999949         1.1576495830202334E8
21.959999999999486        1.1644307226767166E8
22.019999999999488        1.1708335470746025E8
22.079999999999504        1.176287702908122E8
22.139999999999493        1.1815368604856351E8
22.19999999999949         1.1869597804635166E8
22.2599999999995          1.1926454021738322E8
22.3199999999995          1.1983559129785158E8
22.379999999999498        1.2035584171526526E8
22.439999999999507        1.208587884334291E8
22.499999999999506        1.2135855010568592E8
22.55999999999951         1.2180406037135297E8
22.6199999999995          1.222293717538971E8
22.679999999999506        1.2265264111233534E8
22.73999999999951         1.2312205625845933E8
22.799999999999507        1.2362414486600664E8
22.859999999999513        1.2407206337536101E8
22.919999999999522        1.2446426156792438E8
22.979999999999514        1.2480953784281228E8
23.03999999999952         1.2515785900052693E8
23.099999999999525        1.2554983209932274E8
23.15999999999952         1.2590294141847746E8
23.219999999999526        1.262420547645835E8
23.27999999999953         1.2655628900432657E8
23.33999999999952         1.2682071379851511E8
23.399999999999523        1.2704998734220116E8
23.459999999999525        1.2726929662459642E8
23.51999999999953         1.2748380877142864E8
23.579999999999536        1.2775269677132449E8
23.639999999999528        1.2802618030765007E8
23.699999999999534        1.2822642150915274E8
23.75999999999955         1.2839815695784754E8
23.819999999999535        1.2855957190860789E8
23.87999999999953         1.2871238700909683E8
23.93999999999954         1.2883114189354104E8
23.99999999999954         1.2894497378840499E8
24.05999999999954         1.2904369253728494E8
24.119999999999543        1.2911601828482759E8
24.179999999999538        1.2914705456302366E8
24.239999999999537        1.2918082240372498E8
24.299999999999542        1.2919070999928129E8
24.359999999999538        1.292330446905291E8
24.419999999999543        1.2929265982594521E8
24.479999999999542        1.2928290680104636E8
24.53999999999954         1.2916726708077356E8
24.59999999999954         1.2902366417577992E8
24.65999999999954         1.2892572384855412E8
24.719999999999544        1.2888951315310405E8
24.779999999999536        1.2882728344614221E8
24.83999999999954         1.287170049235363E8
24.899999999999537        1.2856545400629735E8
24.959999999999543        1.2836685286334172E8
25.01999999999955         1.2813230770953812E8
25.07999999999954         1.2789364127203314E8
25.139999999999546        1.2769710938487606E8
25.19999999999954         1.2753554735278101E8
25.259999999999547        1.2732233383656625E8
25.319999999999535        1.2702881978767395E8
25.379999999999544        1.2667431077201042E8
25.439999999999532        1.2630499028024487E8
25.499999999999556        1.2596805717675619E8
25.559999999999533        1.256813745749333E8
25.61999999999954         1.2537842647927898E8
25.679999999999552        1.2502379996244591E8
25.739999999999547        1.246288860982025E8
25.799999999999535        1.2420374161611943E8
25.85999999999954         1.2373207387242588E8
25.919999999999547        1.2324007293097158E8
25.97999999999955         1.2279185142963818E8
26.039999999999544        1.2236322910452026E8
26.09999999999955         1.2193364096819456E8
26.159999999999542        1.2144230968963131E8
26.219999999999548        1.2089895536221263E8
26.279999999999536        1.2035088182429036E8
26.339999999999534        1.1982625675659828E8
26.39999999999955         1.192543721582769E8
26.459999999999543        1.1864269703381515E8
26.519999999999534        1.1802449966167572E8
26.579999999999544        1.1742399890927383E8
26.63999999999954         1.1681223356752573E8
26.699999999999537        1.1619933110989025E8
26.759999999999536        1.1555124586379014E8
26.819999999999535        1.1487478164214686E8
26.87999999999955         1.141875801756188E8
26.939999999999543        1.1350119985859975E8
26.99999999999954         1.1277912600299838E8
27.05999999999954         1.1201622052061696E8
27.11999999999954         1.1126672528808668E8
27.179999999999545        1.1054804882823727E8
27.23999999999955         1.0982357565296581E8
27.299999999999542        1.0907548032221073E8
27.359999999999545        1.0828939160660277E8
27.419999999999547        1.0748049089842281E8
27.479999999999535        1.0665831363039018E8
27.539999999999537        1.0582123433669937E8
27.59999999999955         1.0499334686182603E8
27.65999999999955         1.0418142437254195E8
27.719999999999548        1.0336741488780823E8
27.779999999999546        1.0251193779346837E8
27.83999999999954         1.0159093768342666E8
27.899999999999537        1.00665658721614E8
27.95999999999954         9.976232739799309E7
28.019999999999534        9.887690627705777E7
28.079999999999544        9.80152612827216E7
28.13999999999954         9.712506012261964E7
28.199999999999548        9.620257288948117E7
28.259999999999547        9.525644503429346E7
28.31999999999954         9.428389377955757E7
28.37999999999954         9.329332249517408E7
28.439999999999532        9.23448587558081E7
28.499999999999538        9.14190418940285E7
28.55999999999955         9.048502872706936E7
28.61999999999956         8.951650288324896E7
28.67999999999955         8.85176883508634E7
28.739999999999547        8.750673393914965E7
28.79999999999955         8.653114790487733E7
28.859999999999545        8.556694731676114E7
28.919999999999543        8.457603423137127E7
28.979999999999546        8.353145211858025E7
29.03999999999955         8.24880160165167E7
29.09999999999955         8.146343533176473E7
29.159999999999553        8.043946333130395E7
29.219999999999544        7.942367851825106E7
29.279999999999536        7.841358117345668E7
29.339999999999556        7.739828705247119E7
29.39999999999955         7.63712581213218E7
29.459999999999543        7.532000094735208E7
29.51999999999955         7.427479726989895E7
29.57999999999954         7.325587059968865E7
29.63999999999954         7.225378859614883E7
29.69999999999954         7.124743198230447E7
29.75999999999955         7.020299809926593E7
29.81999999999954         6.914006957297169E7
29.879999999999548        6.807985296250595E7
29.939999999999554        6.7020457368346885E7
29.999999999999545        6.5980252818643466E7
30.05999999999954         6.495673438316648E7
30.11999999999954         6.394016269051004E7
30.17999999999955         6.293155555986919E7
30.239999999999554        6.190242723944147E7
30.299999999999546        6.0837203261478096E7
30.35999999999956         5.977134703286109E7
30.419999999999547        5.875513783380044E7
30.47999999999955         5.776414190342332E7
30.539999999999548        5.6766084061113685E7
30.59999999999954         5.5743395835808516E7
30.65999999999955         5.471611629053918E7
30.71999999999955         5.370479171401244E7
30.779999999999546        5.27060743557045E7
30.839999999999545        5.169666640217333E7
30.899999999999547        5.0697725327196665E7
30.959999999999543        4.972059332810597E7
31.01999999999955         4.875427832438957E7
31.07999999999955         4.77711009598388E7
31.139999999999546        4.678332710883425E7
31.199999999999548        4.580391253453505E7
31.25999999999955         4.4848902590653814E7
31.319999999999535        4.392070218956327E7
31.379999999999548        4.2995951652364515E7
31.43999999999955         4.205741319271212E7
31.499999999999556        4.111758489796456E7
31.559999999999555        4.019076179615047E7
31.61999999999955         3.927558665204404E7
31.67999999999955         3.836259612615587E7
31.739999999999554        3.746357924523657E7
31.799999999999542        3.658947975178426E7
31.85999999999954         3.571754275667163E7
31.919999999999547        3.483690836908887E7
31.97999999999955         3.3957818702989854E7
32.03999999999955         3.309525512181547E7
32.099999999999554        3.2257100513050098E7
32.15999999999954         3.143626565921494E7
32.219999999999544        3.0617327788722E7
32.27999999999956         2.979871873751285E7
32.33999999999954         2.898852854184554E7
32.39999999999955         2.8188994024904706E7
32.45999999999955         2.740242640742499E7
32.51999999999954         2.6638522686841793E7
32.57999999999955         2.5891635132696383E7
32.639999999999546        2.5152062518000368E7
32.69999999999955         2.4406035329547845E7
32.75999999999955         2.3649075887063224E7
32.81999999999954         2.2897284232141167E7
32.879999999999555        2.218413402082076E7
32.93999999999954         2.1507049504149508E7
32.99999999999955         2.0838457180599768E7
33.05999999999955         2.0162176424086533E7
33.119999999999536        1.9484794026278757E7
33.17999999999955         1.8816978854169656E7
33.23999999999955         1.817424617345219E7
33.29999999999954         1.755251140473902E7
33.35999999999955         1.6947622903211E7
33.41999999999955         1.635757810920999E7
33.47999999999955         1.577158295999453E7
33.539999999999544        1.5182795623793073E7
33.599999999999554        1.4600341510075195E7
33.65999999999955         1.4037889970166175E7
33.71999999999954         1.3502718354944488E7
33.77999999999956         1.2982586216250084E7
33.83999999999955         1.2463096875436075E7
33.899999999999544        1.1944718383412749E7
33.95999999999954         1.1432531460792217E7
34.019999999999555        1.0939018232927704E7
34.07999999999956         1.046788612520826E7
34.139999999999546        1.0010780586116834E7
34.199999999999555        9565810.779533008
34.25999999999955         9134055.955691531
34.31999999999955         8710074.39796842
34.379999999999555        8291938.014320976
34.43999999999954         7887819.473909798
34.49999999999955         7506139.009400235
34.55999999999955         7141512.880799422
34.61999999999957         6783002.166001026
34.679999999999545        6426597.907696522
34.739999999999554        6077798.771440064
34.79999999999955         5748195.900646398
34.859999999999545        5439312.331000778
34.91999999999955         5139993.688110014
34.97999999999956         4846845.667578657
35.039999999999544        4561902.65722682
35.099999999999554        4286478.105945924
35.15999999999956         4022315.0665988633
35.219999999999544        3770211.3003388024
35.27999999999956         3530471.86731815
35.339999999999556        3307284.771864787
35.399999999999544        3098913.816407286
35.45999999999954         2898210.088813861
35.519999999999555        2702602.0887927767
35.57999999999955         2515995.091201246
35.639999999999546        2342645.5122874845
35.69999999999955         2182255.3609416974
35.75999999999955         2031754.2333086801
35.81999999999955         1889861.0218066634
35.87999999999955         1756965.1700641126
35.93999999999956         1633129.3638757782
35.99999999999955         1517486.4795903503
36.059999999999555        1410061.5185930806
36.119999999999564        1314950.7722146239
36.179999999999545        1233327.9952213569
36.239999999999554        1160568.213180227
36.29999999999956         1091959.303144389
36.35999999999955         1028094.4033417503
36.41999999999955         973110.0613373165
36.47999999999955         927998.9315306873
36.539999999999544        893086.9530809387
36.599999999999554        867845.6417006028
36.65999999999954         850868.5191557817
36.719999999999544        840447.1512228036
36.779999999999546        834766.1113492877
36.839999999999556        834010.7796853823
36.89999999999955         842881.0746393088
36.95999999999955         862420.2406862299
37.01999999999954         888621.574375303
37.07999999999955         917770.837498864
37.139999999999546        950568.6158429098
37.199999999999555        991027.915577044
37.25999999999955         1042176.248713421
37.31999999999955         1100224.816131892
37.37999999999955         1160700.7509221174
37.43999999999956         1223997.2223302242
37.49999999999956         1292663.0922897623
37.55999999999954         1367152.7814667423
37.619999999999564        1447383.7104290358
37.67999999999955         1534436.0366796409
37.73999999999955         1627486.3026352727
37.79999999999954         1722423.971633504
37.85999999999955         1817445.5748238224
37.91999999999957         1912783.3080882307
37.97999999999955         2013279.5784549813
38.03999999999955         2123579.8423759025
38.09999999999957         2241607.9451870397
38.159999999999556        2361235.370775796
38.219999999999544        2478666.7946848427
38.27999999999953         2594592.2562687895
38.33999999999954         2712542.0492520393
38.39999999999955         2835239.181326327
38.45999999999957         2963984.5703878747
38.51999999999954         3098929.27213763
38.57999999999954         3237089.836155979
38.63999999999955         3373559.3192133754
38.69999999999955         3504314.6713493424
38.75999999999955         3634984.6563306074
38.81999999999956         3773227.964868996
38.879999999999555        3917129.395436574
38.93999999999956         4058835.734258148
38.99999999999955         4195279.69807135
39.05999999999955         4329456.146730691
39.119999999999564        4466280.611284113
39.17999999999956         4607256.633849615
39.239999999999554        4749918.042956403
39.29999999999954         4891640.87288903
39.35999999999955         5033430.435686119
39.41999999999956         5175023.578981148
39.47999999999955         5312717.953099069
39.539999999999544        5446373.210286646
39.599999999999554        5581288.6328039905
39.65999999999955         5719220.55586145
39.719999999999544        5856822.782542732
39.77999999999956         5991077.105401325
39.839999999999556        6120984.117013542
39.89999999999955         6250617.152623064
39.95999999999955         6384437.0505988635
40.019999999999555        6517806.232076774
40.07999999999956         6645242.519355213
40.13999999999956         6767130.45778096
40.199999999999555        6886575.991643506
40.25999999999955         7002725.274987359
40.31999999999955         7112962.846461723
40.37999999999955         7219698.705762677
40.43999999999956         7329574.792905384
40.499999999999545        7444290.024323257
40.55999999999955         7558206.582440893
40.619999999999564        7663479.336520635
40.67999999999956         7758934.415874827
40.739999999999554        7850578.198884837
40.79999999999956         7940610.116905082
40.85999999999956         8029807.710763053
40.91999999999956         8120601.115025718
40.97999999999955         8212411.30120689
41.03999999999956         8299671.355512602
41.09999999999956         8375179.596771537
41.15999999999954         8437228.797029719
41.219999999999544        8494404.314910363
41.27999999999956         8559778.218375877
41.33999999999956         8636436.753811808
41.399999999999565        8711422.699218744
41.45999999999957         8770715.419720553
41.519999999999555        8814977.378694493
41.579999999999565        8853938.249582188
41.63999999999956         8894855.385760989
41.69999999999956         8938427.609470947
41.75999999999957         8981475.086579613
41.81999999999955         9020683.582668317
41.879999999999555        9054310.313028924
41.939999999999564        9077190.627278103
41.99999999999956         9088320.51685295
42.05999999999956         9098377.656419493
42.119999999999564        9115364.415688068
42.17999999999956         9134222.15574355
42.23999999999956         9145479.22129552
42.29999999999956         9145370.070569796
42.35999999999956         9138018.716219557
42.41999999999956         9130490.72799862
42.479999999999556        9124885.301693037
42.53999999999956         9118033.60393723
42.599999999999554        9104264.858887682
42.659999999999556        9082181.187818734
42.719999999999565        9052170.033140814
42.77999999999956         9015307.46882862
42.839999999999556        8977941.077211289
42.89999999999956         8946420.340085335
42.95999999999957         8919289.739517543
43.01999999999956         8885465.965755636
43.07999999999956         8834542.431265239
43.139999999999574        8770390.917566434
43.19999999999956         8706487.992309116
43.259999999999565        8650925.995152486
43.31999999999955         8598869.507554006
43.37999999999957         8542190.679587582
43.439999999999564        8478726.764075056
43.49999999999956         8407958.405028395
43.55999999999955         8328807.970597038
43.619999999999564        8244512.999962556
43.67999999999956         8160735.261563195
43.739999999999576        8081523.363888181
43.79999999999956         8005618.195162112
43.85999999999956         7925868.248065016
43.91999999999958         7834549.727977469
43.97999999999956         7734575.183541793
44.039999999999566        7633951.848709456
44.09999999999957         7534988.727321591
44.15999999999959         7435200.0801609745
44.21999999999957         7333347.297026478
44.27999999999957         7230317.206369313
44.33999999999957         7126482.1684053
44.39999999999958         7019113.07090298
44.459999999999575        6905643.040447264
44.51999999999958         6789171.950739299
44.579999999999565        6676091.577089477
44.63999999999958         6566580.377884189
44.69999999999958         6453840.568532107
44.759999999999565        6335925.877719788
44.81999999999958         6215501.152537509
44.87999999999958         6095143.613963033
44.93999999999957         5974591.43139604
44.999999999999574        5851812.27868665
45.05999999999958         5727330.0633565625
45.11999999999958         5602735.096155503
45.179999999999566        5477868.645742692
45.239999999999576        5351241.098116092
45.29999999999958         5222404.4765358195
45.35999999999957         5095833.494059061
45.41999999999958         4973912.783432611
45.479999999999585        4851538.479046675
45.53999999999958         4722730.87379798
45.59999999999959         4588386.436696021
45.65999999999959         4455694.433818246
45.71999999999958         4330794.829951366
45.779999999999575        4211694.025023522
45.83999999999958         4091616.5350714205
45.89999999999959         3967162.504185106
45.95999999999958         3839790.667303559
46.01999999999957         3710412.4909020485
46.079999999999586        3580971.5029474194
46.13999999999958         3455507.185479014
46.19999999999957         3336735.4180121617
46.259999999999586        3222513.932375476
46.31999999999958         3107263.9057757882
46.379999999999576        2986364.595364932
46.43999999999958         2861346.559849966
46.49999999999959         2739204.5675003193
46.55999999999958         2624971.8889545044
46.61999999999958         2516868.481670583
46.679999999999595        2410586.139732678
46.739999999999604        2303246.34558629
46.79999999999959         2193443.2998242434
46.85999999999959         2082524.7057366155
46.919999999999604        1973260.6662092565
46.97999999999959         1868766.696476127
47.039999999999594        1770483.5823239437
47.09999999999961         1676251.0829978506
47.15999999999959         1581845.907275129
47.21999999999959         1485560.7919490754
47.27999999999962         1390573.279951106
47.3399999999996          1301414.7579663065
47.399999999999594        1218128.109022382
47.45999999999961         1137342.867009734
47.519999999999605        1056812.0195407649
47.57999999999959         977088.8807303805
47.6399999999996          899995.9987257423
47.699999999999605        826802.2145212753
47.7599999999996          757387.5229305488
47.8199999999996          691422.2797504232
47.8799999999996          628669.9008417919
47.9399999999996          568194.6056389464
48                        509202.892646352
