0                         904983.2880551299
2.373913043478247E-4      8588.960619896565
3.2499999999995033E-4     82353.28746236724
4.746301131418468E-4      64682.78878240894
6.499999999999423E-4      10781.98571885652
7.117160278745406E-4      31907.381257003573
8.778135048232369E-4      88268.20485532488
9.486945169712678E-4      81218.00272376687
9.749999999999447E-4      117605.6516387342
0.0011856271777003144     138151.26443082117
0.001299999999999947      445734.5276504804
0.001422406277244971      184819.5048833026
0.0016249999999999529     214015.41771388816
0.0016590314136125453     338320.2384876265
0.001750000000000071      129506.2581725572
0.0018955972101133353     165602.40340593611
0.0019499999999999587     214628.437637939
0.0021320680628272026     242028.7245555297
0.0022749999999999507     14116.575596840565
0.0023683842794759574     172123.30132353675
0.0025999999999999635     303969.21352397435
0.0026045454545454497     295232.94353134773
0.002616613418530443      176144.688832284
0.002840698689956317      245901.71341076033
0.0029249999999999485     136024.26875943324
0.0030767045454545353     97874.97397625232
0.0032499999999999543     246613.61456784004
0.0033125546806649017     188293.71001990463
0.003477707006369457      215170.14684971952
0.003548295454545415      195358.31371362758
0.003574999999999953      266494.16787551023
0.0037839895013123195     58171.15322216333
0.003899999999999952      246533.70694684857
0.004019527145358998      133366.3918397705
0.004224999999999951      27877.06786844253
0.004254907975460111      19713.480482376188
0.004333333333333397      229918.3180220675
0.004488485804416395      26558.72265208564
0.004549999999999957      15378.943061735219
0.004720727848101257      29700.82226535728
0.004874999999999956      40381.83311070667
0.004952380952380937      299.7641253464577
0.005142857142857192      65478.749508098925
0.005183544303797451      83439.94973053751
0.005199999999999962      41899.13766715825
0.005414603174603162      347.24113545556224
0.0055249999999999536     81369.38732246419
0.0056450636942674964     40648.98765137317
0.0058499999999999525     11961.255214219074
0.005874920127795516      10957.13374711118
0.0059347826086957114     129761.32100241737
0.006107386363636336      45584.19009583619
0.006174999999999958      28552.858904117664
0.00634076990376202       186825.63130049536
0.00649999999999995       266767.8489034049
0.006573992994746036      69439.97236098487
0.006761609907120783      367246.18337961694
0.006807086614173202      188381.94856367557
0.006824999999999942      125615.7548943017
0.007040148861646209      197224.90952592806
0.007149999999999955      468524.49944620224
0.007273049956178772      101966.32744050032
0.007474999999999947      393725.0550547602
0.007505789473684181      212188.34925409302
0.007583333333333338      8205.007265894246
0.007738475021910572      124250.95653201839
0.007799999999999953      87007.7741960971
0.007971052631578913      75911.55927232996
0.008124999999999959      46489.55810854896
0.0082034679543459        151306.0245463796
0.008400000000000026      44674.88129270857
0.008435745614035067      79666.97644630569
0.008449999999999964      219377.8358399606
0.00866799824407373       54015.980467458256
0.008774999999999956      147459.83180023596
0.0089000878734622        131745.62440158514
0.009099999999999955      60531.30669910422
0.009132014072119589      33856.55782455322
0.0092116564417178        405519.0043929124
0.009363884007029859      116042.3629784434
0.009424999999999961      56897.689887792854
0.009595646437994716      71051.66885835861
0.009749999999999967      366827.2975957027
0.009827244718309855      49417.494059143646
0.010018348623853236      741990.4428539238
0.010058707124010531      352254.99779597257
0.010074999999999959      952413.780635829
0.010290140845070385      52061.276970531064
0.010399999999999958      73505.42299315921
0.010521409691629936      13390.67988361238
0.010724999999999964      10942.65248819981
0.010752513227513215      16615.699664412117
0.010820121951219543      102967.83759853012
0.010983568281938298      15970.54324337117
0.011049999999999963      25610.79575416729
0.011214506172839485      48270.09021285656
0.011374999999999962      87803.43616619697
0.01144527802294789       59381.83526174403
0.011617021276595758      327936.1800808563
0.01167391304347825       225259.54220774322
0.01169999999999996       155508.56350400092
0.011896308724832196      136826.08651576558
0.01202499999999996       190155.20597498113
0.012118013468013444      121275.77858552698
0.01231578947368419       201090.72541966807
0.012339093959731512      183866.7423712406
0.012349999999999951      188826.52842609165
0.012560101010101         192253.4686785255
0.012674999999999971      255919.12495945746
0.012780405405405391      184834.05143881997
0.013000000000000005      951399.0344844632
0.013100000000000028      575226.3942651127
0.013200000000000038      165703.98893774676
0.013300000000000027      39824.766682501795
0.01340000000000003       97837.65291218516
0.013500000000000026      441971.09577726654
0.013600000000000029      716633.041183988
0.013700000000000025      405121.6576677132
0.013800000000000028      230068.22682568306
0.01390000000000003       224390.95962369416
0.014000000000000026      92060.64921152435
0.014100000000000022      276922.61225042253
0.014200000000000018      338197.711522525
0.014300000000000021      151239.7369727876
0.014400000000000024      58630.12478963705
0.014500000000000013      44832.96439953366
0.014600000000000023      38412.07402443487
0.014700000000000012      87165.58732467896
0.014800000000000021      111986.38331494259
0.014900000000000017      33994.6435446217
0.01500000000000002       52172.515270543045
0.015100000000000023      49006.32251875503
0.015200000000000019      221083.47262170567
0.015300000000000015      543563.0983608318
0.015400000000000018      474208.66299220605
0.015500000000000014      187789.95427441018
0.015600000000000024      68958.29075736736
0.015700000000000013      117147.09225333558
0.015800000000000015      474954.7882228663
0.015900000000000004      1013067.9156982908
0.016000000000000007      1117838.1427292696
0.01610000000000001       913217.9108060119
0.016200000000000006      1110810.1581932383
0.01630000000000001       1077135.2924554201
0.016399999999999998      299705.1457039929
0.016500000000000008      252701.63729034964
0.016600000000000004      915238.6576660069
0.016700000000000007      1295333.0971131886
0.01680000000000001       1264542.685129097
0.016900000000000005      682780.7688361934
0.017000000000000008      275681.7975975992
0.018000000000000002      127369.56611689283
0.018100000000000026      164080.65605275004
0.01820000000000003       210993.59081843906
0.01830000000000003       177057.12169639798
0.018400000000000027      73671.83912014565
0.018500000000000023      67882.65924614907
0.018600000000000026      70343.03297747235
0.018700000000000022      260764.66932349707
0.018800000000000018      431643.1933759666
0.018900000000000028      313298.8897563785
0.019000000000000017      97976.41600903874
0.019100000000000027      3606.6627133581746
0.01920000000000001       99383.56795869546
0.019300000000000025      415171.804572136
0.019400000000000014      535295.9888466306
0.019500000000000024      265553.58860318066
0.01960000000000002       32926.647150896446
0.019700000000000023      101942.50783718697
0.01980000000000002       197530.0818336449
0.019900000000000022      288480.7883791971
0.020000000000000018      305896.52884861646
0.02010000000000002       64092.201358011014
0.02020000000000001       126581.04719932328
0.02030000000000002       435125.6128492863
0.020400000000000015      310930.2668897528
0.020500000000000025      61138.6034954647
0.020600000000000014      61666.99691601926
0.020700000000000017      38943.54225851676
0.02080000000000002       109554.57464605453
0.020900000000000023      172428.29625653644
0.02100000000000002       17665.18643953664
0.02110000000000002       86656.12352903788
0.021200000000000017      167703.47069522436
0.021300000000000013      60343.936817905385
0.02140000000000001       11866.757275785145
0.021500000000000026      14001.099959315807
0.021600000000000015      90353.02390257762
0.02170000000000001       154037.68465156344
0.021800000000000014      119182.68356472469
0.02190000000000001       41586.46092877971
0.022000000000000006      23883.359403271144
0.022150000000000003      36498.952190566684
0.0223                    131781.13553578485
0.022449999999999998      297267.7682537367
0.02260000000000001       422532.4944024297
0.022750000000000006      849252.3136194234
0.022900000000000004      167400.56315528546
0.02305                   496989.94890850823
0.023200000000000005      58205.243050344034
0.023349999999999996      115766.8389190511
0.023499999999999993      274457.01005673065
0.023649999999999997      300382.54128043674
0.0238                    971293.518731368
0.02395                   884052.9107949103
0.024100000000000003      918670.2881957823
0.02425                   765527.084001977
0.02439999999999999       671684.0795095408
0.024549999999999995      496806.26531333925
0.0247                    1155157.8233525802
0.024849999999999997      1229969.6928797516
0.024999999999999988      2066769.8569051356
0.025149999999999992      2513918.920210168
0.025299999999999996      2403073.5584882027
0.025449999999999987      2747416.3519868
0.025599999999999984      2877153.7118595825
0.025749999999999988      3184142.202972212
0.025899999999999992      3864280.604818143
0.02604999999999999       4995638.94755929
0.026199999999999994      5594416.627775277
0.02634999999999999       6667430.655553869
0.02649999999999999       8481180.529975526
0.02664999999999998       9066999.978182098
0.026799999999999984      1.2846607074460642E7
0.02694999999999998       1.435648321909822E7
0.027099999999999985      1.787495808547121E7
0.02724999999999999       2.0601557439650614E7
0.027399999999999987      2.3726986345335517E7
0.027549999999999984      2.682398668993951E7
0.02769999999999998       3.477902745083427E7
0.027849999999999986      4.08396265442318E7
0.027999999999999997      5.939294208547728E7
0.028100000000000007      6.008716352706979E7
0.028199999999999996      6.415583272947982E7
0.028300000000000006      6.6216541343796164E7
0.0284                    7.081161904608849E7
0.028500000000000004      7.801280555905055E7
0.028600000000000007      8.355443345090806E7
0.028700000000000003      8.528172118463576E7
0.028800000000000006      8.736581224274436E7
0.028900000000000002      9.508288239635575E7
0.029000000000000005      1.0713512922004813E8
0.029100000000000008      1.1545736277442884E8
0.029200000000000004      1.1563042289006962E8
0.029300000000000007      1.1421323420566775E8
0.029399999999999996      1.1956222212135082E8
0.029500000000000005      1.3018311781722508E8
0.029599999999999994      1.364548601075534E8
0.029699999999999997      1.3468269555663836E8
0.029799999999999993      1.3264499818321425E8
0.029899999999999996      1.368644803034502E8
0.030000000000000006      1.426436302635158E8
0.030099999999999995      1.3890662973265973E8
0.030199999999999998      1.2912788871847968E8
0.0303                    1.2415259037328766E8
0.030400000000000003      1.2736352672588475E8
0.030500000000000006      1.3162647268222022E8
0.030599999999999995      1.2976340962317826E8
0.030700000000000012      1.2379344669189587E8
0.0308                    1.1938972746873493E8
0.030899999999999997      1.169730379718279E8
0.030999999999999986      1.1272731118999285E8
0.031100000000000003      1.0558892609946527E8
0.031200000000000006      9.836908988319623E7
0.031299999999999994      9.278274303192817E7
0.0314                    8.785110700700296E7
0.0315                    8.232090887198827E7
0.0316                    7.643270742674014E7
0.031700000000000006      7.074836067141204E7
0.031799999999999995      6.485427099349926E7
0.03190000000000001       5.8287596551538974E7
0.032                     4.9431553593352705E7
0.0327                    2.002755554083476E7
0.033400000000000006      8294927.980033198
0.0341                    3571108.893580727
0.03479999999999999       1433568.633056857
0.03550000000000001       607433.9788604701
0.0362                    209602.0345455132
0.03690000000000001       189820.91794597154
0.0376                    519145.35740182217
0.03830000000000001       22363.86417126937
0.039                     101435.67670178399
0.03969999999999999       21737.468003368176
0.0404                    82706.72083486736
0.04109999999999999       71265.6789363797
0.0418                    457249.08699143707
0.04249999999999999       203215.44333521157
0.043199999999999995      70646.64960802242
0.043899999999999974      212088.66727208864
0.044599999999999994      147161.76142048693
0.0453                    115542.69020587734
0.04599999999999999       44273.728608998535
0.046699999999999985      329460.9995331366
0.047400000000000005      271476.23664485157
0.0481                    139401.01822074887
0.04879999999999999       63383.86912470088
0.049499999999999995      112799.65001202421
0.05019999999999999       38913.38019354472
0.05090000000000001       177272.4368514498
0.0516                    175959.72825310167
0.052300000000000006      97742.60216926718
0.052999999999999985      289878.8580160436
0.053700000000000005      42713.95086736088
0.05440000000000001       78278.0545498163
0.0551                    53773.50005269017
0.05580000000000001       14776.09282176211
0.05649999999999999       211613.5924723389
0.05720000000000001       177308.05331155015
0.057900000000000014      146285.990627914
0.058600000000000006      110950.4756839709
0.05930000000000001       99580.77972107189
0.05999999999999999       13141.663438465084
