0                         218412.70453293066
2.3400000000004667E-4     16954.94065488115
3.249999999999538E-4      19401.822424775284
4.683632734531311E-4      21449.12528236471
6.499999999999562E-4      71974.81364267542
7.030876494024084E-4      121753.33555145182
8.417266187052269E-4      78162.66171815978
9.380239520958289E-4      134834.77239905065
9.749999999999655E-4      206583.724955428
0.0011731075697211484     164534.45192073885
0.001299999999999961      247934.252072143
0.001408548707753511      273810.7909069011
0.0016249999999999667     442120.3358547738
0.0016443452380952503     452572.88624358154
0.0016956521739131744     453191.7023090636
0.0018802186878727686     407974.6947051757
0.0019499999999999587     364318.56107398175
0.0021163690476190614     291075.9820077523
0.0022749999999999646     392618.42677570553
0.002352871287128709      416432.99661644653
0.0025620437956205624     375814.99596988474
0.0025896825396825376     366998.26107480685
0.0025999999999999565     162156.7549939384
0.002826534653465336      276755.26043897495
0.0029249999999999624     215821.16920390356
0.00306373517786563       265374.62168917485
0.0032499999999999543     269519.0521394314
0.0033012820512820368     246695.95262238715
0.0034411764705883155     263244.836531119
0.003539031620553336      161342.4399989664
0.003574999999999953      205970.9997963548
0.0037769230769230666     103156.81950380195
0.003899999999999952      351256.6061263363
0.004015157480314953      121129.433828177
0.004224999999999951      69305.69902057106
0.004253732809430276      95159.34633304324
0.00433333333333355       41504.61135700307
0.004488485804416437      4931.664073310497
0.004549999999999943      26370.837872956527
0.004720727848101285      33939.96336721916
0.004874999999999942      25323.835755506298
0.004952380952380951      14889.492014231857
0.005142857142857282      16676.723025261774
0.005183544303797485      206210.67860341052
0.005199999999999962      156574.02061689243
0.00541460317460319       20088.09104699028
0.0055249999999999536     115236.74311085486
0.005645063694267517      82595.15346775016
0.005849999999999939      4361.044509969393
0.005874920127795516      76468.669169372
0.00593478260869576       86775.15850445208
0.0061107558139534834     130260.38263433531
0.0061749999999999375     131773.71022144755
0.006349129593810447      173945.82831702457
0.006499999999999943      404765.39704384306
0.006587837837837812      175124.43507133296
0.006824999999999942      524766.5606502629
0.006826878612716768      333153.33997850714
0.006832116788321366      351929.4454120303
0.007065926640926652      182696.3061913779
0.007149999999999955      311756.31726351293
0.007305298651252387      246387.34853653036
0.00747499999999994       193894.1356591749
0.007544999999999996      175050.896423521
0.007742647058823625      380090.3599721662
0.007784971098265876      355236.12558062514
0.007799999999999932      133897.82679480483
0.008024999999999984      230145.7603714905
0.008124999999999945      167292.25373476415
0.008265355086372363      230166.70891152738
0.008449999999999937      240466.5695415114
0.008506034482758607      212173.68103932682
0.008666666666666857      411535.636062958
0.008746928982725541      309191.4497640556
0.008774999999999929      587340.7384727995
0.008987931034482768      179510.14616775204
0.009099999999999941      246368.78231693385
0.009229254302103251      219531.390515314
0.009424999999999933      131959.0119419658
0.009470896946564875      150176.7254464848
0.009604477611940526      322424.53616314416
0.009712715105162549      169079.2162816248
0.009749999999999918      71290.01382052219
0.009954675572519105      36892.66822837429
0.010074999999999945      56044.914923768876
0.010196952380952397      40318.76683157823
0.010399999999999944      9154.238664378352
0.01043954372623574       9629.132462189025
0.010556390977443791      117990.12871627268
0.01068228571428572       16561.10839627574
0.010724999999999922      29380.01056833358
0.01092519011406843       32932.41473583907
0.011049999999999942      54615.28197955593
0.011168406072106236      22751.70182197599
0.01137499999999994       66775.1575077688
0.011411931818181793      113840.91204702348
0.011522727272727316      25163.1001584914
0.011646757679180865      119889.12457760471
0.011699999999999947      60063.837583532586
0.011873630136986266      143604.42678619135
0.012024999999999932      126207.45256160984
0.012099828178694129      255199.7135515806
0.012269662921348325      186506.73893110006
0.012325513698630088      261997.43082249604
0.01234999999999993       228661.78311938155
0.012551030927835022      378511.9969277141
0.012674999999999943      510936.7815231586
0.012775862068965478      370457.6444815088
0.013000000000000005      3753504.4968705084
0.013100000000000028      421593.6712632899
0.013200000000000038      554358.4777681971
0.013300000000000027      911481.9499528267
0.01340000000000003       791934.3431940634
0.013500000000000026      426182.8948433719
0.013600000000000029      248540.44510671913
0.013700000000000025      345967.17721507774
0.013800000000000028      634290.7540388403
0.01390000000000003       780851.9362532799
0.014000000000000026      511159.9132803266
0.014100000000000022      186290.3265731804
0.014200000000000018      107303.8403453096
0.014300000000000021      255024.8882719632
0.014400000000000024      471395.6269775528
0.014500000000000013      356523.3877243105
0.014600000000000023      145334.35715235013
0.014700000000000012      75731.26346264523
0.014800000000000021      44316.063560563496
0.014900000000000017      59821.46603540639
0.01500000000000002       204529.35565890415
0.015100000000000023      305763.73098891845
0.015200000000000019      322622.1419951296
0.015300000000000015      395841.6809597311
0.015400000000000018      265231.5867519974
0.015500000000000014      115247.82477973202
0.015600000000000024      143302.7828195436
0.015700000000000013      151857.28928972993
0.015800000000000015      423176.7303814843
0.015900000000000004      1321258.076360318
0.016000000000000007      2273969.9071310055
0.01610000000000001       2483905.0288018165
0.016200000000000006      1959253.1656495177
0.01630000000000001       1109995.775514403
0.016399999999999998      406729.41111709113
0.016500000000000008      131373.45626151437
0.016600000000000004      412318.6504027937
0.016700000000000007      973946.4188846403
0.01680000000000001       887932.5008545985
0.016900000000000005      707207.0568772119
0.017000000000000008      243064.90601452676
0.018000000000000002      443825.9153865752
0.018100000000000026      66289.59761382874
0.01820000000000003       365976.731288226
0.018300000000000025      554352.7205556029
0.018400000000000027      407375.5907607965
0.018500000000000023      128526.4660013455
0.01860000000000002       78618.4726198743
0.018700000000000015      396625.11279584223
0.018800000000000018      514007.84659940976
0.01890000000000002       425250.4864845984
0.019000000000000017      255500.04620143335
0.019100000000000027      131016.48987790693
0.019200000000000016      405722.2448591119
0.019300000000000025      779384.9722059338
0.019400000000000014      781965.1742040846
0.019500000000000024      462672.20340435946
0.019600000000000027      298916.10888464865
0.019700000000000023      638469.0187271242
0.019800000000000026      1070310.1749703686
0.019900000000000022      1107833.9249555932
0.020000000000000025      649100.0413057279
0.02010000000000002       165940.04197920617
0.020200000000000017      115630.88138518632
0.020300000000000026      140963.71976042332
0.020400000000000015      147619.86895187513
0.020500000000000025      92130.45250612708
0.02060000000000002       11236.34931905516
0.020700000000000024      90286.40405571593
0.02080000000000002       31382.27721550029
0.020900000000000023      25949.334502035697
0.021000000000000026      107564.66031848482
0.02110000000000003       148982.02358624648
0.02120000000000003       221830.30314921893
0.021300000000000027      90895.39074205433
0.021400000000000023      7027.236454928702
0.021500000000000033      44819.05097542476
0.021600000000000022      42321.99146018099
0.021700000000000032      77959.97755458942
0.021800000000000028      59404.28541435571
0.02190000000000003       51425.572231489794
0.022000000000000006      105874.14808788653
0.022150000000000003      160316.69284727567
0.0223                    148673.38680290803
0.02245000000000001       263379.8059512811
0.02260000000000001       260111.529123962
0.022750000000000006      301661.3761125763
0.022900000000000004      104867.7246495497
0.023050000000000008      155738.00669670934
0.023200000000000005      24124.94933163788
0.023349999999999996      300842.6790421496
0.0235                    373058.0655061949
0.023649999999999997      431033.753116532
0.0238                    732388.1260946918
0.02395                   823706.8283370058
0.024099999999999996      495778.0688189638
0.02425                   773726.1256976051
0.02439999999999999       931121.9535729572
0.024549999999999995      1916327.424377954
0.0247                    2466866.961143374
0.024849999999999997      2261525.3232646137
0.024999999999999988      3066408.580691458
0.025149999999999992      2179595.890626162
0.025299999999999996      2436620.4829189577
0.025449999999999987      2263782.3698197408
0.025599999999999984      2987054.5950836353
0.025749999999999988      3118369.236338571
0.025899999999999992      3639766.298268119
0.02604999999999999       3709195.419232057
0.026199999999999987      4829445.937019587
0.02634999999999999       5432746.738526564
0.02649999999999999       7822472.466294953
0.02664999999999998       9874299.42548947
0.026799999999999977      1.325393691975204E7
0.02694999999999998       1.5031715144459978E7
0.027099999999999985      1.784827002225365E7
0.02724999999999999       1.8758838702925272E7
0.027399999999999987      2.238974051982519E7
0.027549999999999984      2.674882914205861E7
0.02769999999999998       3.037761700454079E7
0.02784999999999998       3.833841355911709E7
0.027999999999999997      4.454302260708576E7
0.028100000000000007      5.3226608885514036E7
0.028199999999999996      5.926514819053984E7
0.028300000000000006      6.496197966368407E7
0.0284                    7.014140373148982E7
0.028500000000000004      7.46571243592885E7
0.028600000000000007      7.938601356117228E7
0.028700000000000003      8.585580311526343E7
0.028800000000000006      9.398242479025562E7
0.028900000000000002      1.0105686475046703E8
0.029000000000000005      1.045560720796011E8
0.029100000000000008      1.0577962986673506E8
0.029200000000000004      1.0897106782194024E8
0.029300000000000007      1.1628598551431648E8
0.029399999999999996      1.2488812887833767E8
0.029500000000000005      1.3020712726766878E8
0.029599999999999994      1.3094485304572374E8
0.029699999999999997      1.2963997081984466E8
0.029799999999999993      1.2877570072136314E8
0.029899999999999996      1.282078645921384E8
0.030000000000000006      1.2665609274448691E8
0.030099999999999995      1.2491912413542646E8
0.030199999999999998      1.2505101199540131E8
0.0303                    1.2683203493442364E8
0.030400000000000003      1.28022764191762E8
0.030500000000000006      1.2668922255773789E8
0.030599999999999995      1.230326937611745E8
0.030700000000000012      1.19166450239929E8
0.0308                    1.1588894680792564E8
0.030899999999999997      1.124390742603945E8
0.030999999999999986      1.079134284357911E8
0.031100000000000003      1.0244064480098496E8
0.03119999999999999       9.703141829370312E7
0.031299999999999994      9.206173203742515E7
0.0314                    8.731320307488793E7
0.0315                    8.198729503190762E7
0.0316                    7.561793537190065E7
0.03169999999999999       6.851103947824316E7
0.031799999999999995      6.137540660132488E7
0.0319                    5.501846214452612E7
0.032                     4.89676118860247E7
0.032700000000000014      1.970542016934172E7
0.033400000000000006      9546049.223642105
0.0341                    2822261.1988911186
0.03479999999999999       1760596.2743446478
0.03550000000000001       260462.305253414
0.0362                    1070867.2135923945
0.03690000000000001       631308.7017027203
0.0376                    367616.9139033628
0.03830000000000001       85122.22917951058
0.039                     76237.76394014369
0.039700000000000006      54491.89594657508
0.0404                    170044.54943556146
0.041100000000000005      64244.539487013586
0.04180000000000001       441583.5043141549
0.0425                    643457.7009560678
0.043199999999999995      186227.6763738853
0.0439                    129031.21536528571
0.04460000000000001       55251.16690970628
0.0453                    188372.57335961208
0.04599999999999999       428742.8852674405
0.0467                    334556.5176446147
0.047400000000000005      374084.66513735085
0.04810000000000001       600571.255110507
0.04880000000000002       19187.173087614214
0.04950000000000001       117221.14433031935
0.050200000000000015      216132.95517684755
0.05090000000000002       406451.9962443359
0.05160000000000003       699744.4554137974
0.05230000000000002       379219.9061102683
0.053                     269064.04849680344
0.05370000000000003       2467.923320769207
0.054400000000000025      281230.660183434
0.05510000000000002       250013.70578690205
0.05580000000000001       121098.27988205223
0.05650000000000003       594165.3778973039
0.057200000000000036      57043.61808940107
0.05790000000000004       753478.8934610452
0.05860000000000002       663384.5500499096
0.059300000000000026      99907.7231931886
0.05999999999999999       11439.230127902316
