0                         307681.6888307337
2.6000000000008655E-4     26370.154565258126
3.249999999999677E-4      49476.766283119
5.195652173913684E-4      103836.99067044085
6.4999999999997E-4        216680.711891559
7.786912751678553E-4      190609.5316719065
9.749999999999655E-4      207975.60311578642
0.0010373737373737951     236495.87962543787
0.0012786885245905516     293507.188830515
0.0012956375838926656     296250.3963392363
0.001299999999999961      324248.03564977745
0.0015538720538721199     360712.77931981324
0.0016249999999999667     470826.52091738436
0.0018116554054054823     606045.3551832645
0.0019499999999999656     484534.25515943445
0.0020689830508474963     412719.62955276226
0.0022749999999999646     486025.96459692746
0.002325850340136125      592750.4076367143
0.002516129032258313      365903.9343524291
0.0025830434782608755     324571.56109777023
0.0025999999999999704     231089.13899476005
0.0028425162689805217     441154.0917293131
0.0029249999999999624     463045.492399226
0.0031022727272728007     471621.83080728597
0.0032499999999999613     690857.1810505694
0.0033623110151188088     509167.9217088117
0.003574999999999953      287197.45394001214
0.003622629310344863      199593.04321258445
0.0038152173913045817     520839.76766092656
0.0038831533477321767     354267.1348934997
0.003899999999999966      405678.79964398535
0.004143750000000036      104196.95793359693
0.004224999999999951      143245.08894831873
0.004404623655913979      51554.59584032864
0.004549999999999943      47071.072778933485
0.004665772532188875      20981.662990675184
0.004874999999999935      61462.67912637353
0.004927194860813701      66386.33900980407
0.005142857142857282      1027339.5608607093
0.005188841201716719      365786.05273513624
0.005199999999999941      314506.2199163081
0.005450535331905745      48462.77841063667
0.00552499999999994       318542.97965375375
0.0057124999999999815     311045.4774042984
0.005849999999999939      552771.1455179864
0.005974733475479728      167214.6927466437
0.0061749999999999375     57850.324653881245
0.0062372340425531705     32263.04071925208
0.0064999999999999294     63152.039536702425
0.0067627659574467855     78504.58129293824
0.006824999999999935      15310.37369246905
0.00702579617834391       138794.791748314
0.007149999999999934      409975.13519564917
0.007289088983050793      523551.5203954845
0.007474999999999926      540095.2033017194
0.007552642706130985      287869.5780132716
0.007799999999999918      287911.00959898345
0.007816455696202505      302471.1639313436
0.007887640449438335      1158978.4416998567
0.008080338266384733      415179.07906873466
0.008124999999999938      317001.34318655496
0.008344409282700346      382438.55365938594
0.00844999999999993       304733.77710445505
0.008608736842105141      120428.97895776661
0.008774999999999929      18336.45682540122
0.008873319327730993      96921.96483563216
0.00909999999999992       135633.56378353888
0.009138155136268235      136232.51252292874
0.009306818181817902      591629.2816479148
0.009403151260504089      476528.22695883625
0.009424999999999926      584134.6737487742
0.009668238993710554      134307.13478314056
0.009749999999999912      138761.03652854494
0.009933577405857645      182630.66420449698
0.010074999999999917      225501.3485550149
0.010199164926930994      100473.89846008367
0.010399999999999916      94231.79435630694
0.01046499999999994       73399.84419110717
0.010724999999999908      182087.31268791447
0.010731081081081         190134.70024226833
0.010758620689655086      106741.22892437101
0.010986226415094232      16011.701459554448
0.011049999999999914      18332.87395969489
0.011239583333333275      50153.46373717172
0.011374999999999906      87921.65133011673
0.011492395437262291      53059.08849809295
0.011699999999999912      409481.9502671418
0.011744656488549561      506107.2225491881
0.011898305084745764      1280906.1861764358
0.011996577946767971      138335.99034404175
0.012024999999999904      212956.7700183026
0.012248282442747997      551833.240608067
0.01234999999999991       517538.4299904563
0.012499425287356244      281078.38802553684
0.012674999999999895      439632.5348244468
0.012749999999999907      656535.3469578937
0.013000000000000005      1029804.1194840231
0.013100000000000028      258870.6841587374
0.013200000000000038      486005.04390866304
0.013300000000000027      550627.9319223741
0.01340000000000003       408249.1497470799
0.013500000000000026      297823.8525759484
0.013600000000000029      255016.54482576702
0.013700000000000025      188395.54158813652
0.013800000000000028      132539.28175673244
0.01390000000000003       145233.97630915433
0.014000000000000026      252035.29438538596
0.014100000000000022      280655.82369926193
0.014200000000000018      118041.39801898935
0.014300000000000021      35127.939833340904
0.014400000000000024      77275.59170266848
0.014500000000000013      246360.5586941734
0.014600000000000023      305165.6439275872
0.014700000000000012      269651.9897064254
0.014800000000000021      234678.79925149836
0.014900000000000017      182712.27606240156
0.01500000000000002       203105.3971324127
0.015100000000000023      280947.66454654426
0.015200000000000019      324684.3948828208
0.015300000000000015      418833.8375829895
0.015400000000000018      493927.049081752
0.015500000000000014      358638.44206009834
0.015600000000000024      267212.3188004729
0.015700000000000013      326202.03077268077
0.015800000000000015      477604.47849465674
0.015900000000000004      884285.8811311467
0.016000000000000007      1346317.3765070862
0.01610000000000001       1112211.4055897032
0.016200000000000006      482416.97763397294
0.01630000000000001       257803.71174544768
0.016399999999999998      159112.90487983086
0.016500000000000008      168982.26485986638
0.016600000000000004      486012.95501555316
0.016700000000000007      567701.4025160713
0.01680000000000001       774845.2835197332
0.016900000000000005      1472473.2208260684
0.017000000000000008      406034.6879984282
0.018000000000000002      91214.74571905994
0.01810000000000002       287925.2702287987
0.01820000000000002       907259.0921224392
0.018300000000000025      1337445.113981862
0.01840000000000002       732990.801618147
0.018500000000000023      209401.0434238486
0.018600000000000026      378177.7120208
0.018700000000000015      900026.429392365
0.018800000000000018      1525730.9917356812
0.01890000000000002       1175707.9999021478
0.019000000000000017      349337.8119829751
0.01910000000000002       142971.35934446278
0.019200000000000016      505536.0954034451
0.01930000000000002       1030500.9792106105
0.019400000000000014      879988.1240059874
0.019500000000000024      461219.6907946053
0.019600000000000027      315683.1902966869
0.01970000000000003       461647.9485731895
0.019800000000000026      603180.2013508892
0.01990000000000003       528088.8844308133
0.020000000000000025      455183.0706190318
0.02010000000000002       487533.2195437956
0.020200000000000017      526705.1049282748
0.020300000000000033      359377.0891379168
0.020400000000000022      182743.86963898706
0.020500000000000032      83150.55661812496
0.02060000000000002       149228.04466070133
0.02070000000000003       364363.9135770322
0.020800000000000027      320275.40611388447
0.02090000000000003       140533.09764576665
0.021000000000000033      66267.00632838163
0.021100000000000035      59080.52933024275
0.02120000000000003       38529.74005546713
0.021300000000000034      8364.329419383592
0.021400000000000037      7482.587319407854
0.021500000000000033      18024.127764958324
0.02160000000000003       76920.18972349117
0.02170000000000004       117529.57051189696
0.021800000000000035      90719.01636864826
0.021900000000000037      197880.46749117444
0.022000000000000006      311014.6923948647
0.022150000000000003      385404.9802267682
0.0223                    396717.7102663759
0.022449999999999998      315485.85592536535
0.02260000000000001       408952.3740055405
0.022750000000000006      282250.1006893145
0.022900000000000004      356854.64463453257
0.02305                   370736.1266959734
0.023200000000000005      410979.57548546453
0.023349999999999996      554258.1997280215
0.023499999999999993      590496.5902744143
0.023649999999999997      574973.1186099785
0.0238                    291032.5257989321
0.023950000000000006      460999.9038792759
0.024100000000000003      118402.78325434905
0.02425                   583290.9470058272
0.02439999999999999       839608.4620850539
0.024549999999999995      1361829.1123159083
0.0247                    2137808.38486387
0.024849999999999997      1896516.3470452754
0.024999999999999988      2029338.4327808616
0.025149999999999992      1925557.2293186502
0.025299999999999996      1784578.7300132122
0.025449999999999987      2381086.63944534
0.025599999999999984      3034304.4583800146
0.02574999999999998       3148406.195640925
0.025899999999999992      3920146.7082368303
0.02604999999999999       3438677.3915837808
0.026199999999999987      4957848.53305521
0.02634999999999999       5131457.883545582
0.02649999999999999       8048809.478260605
0.02664999999999998       9756862.017364671
0.026799999999999977      1.0789960232155321E7
0.02694999999999998       1.473645905028834E7
0.027099999999999985      1.2289285696126627E7
0.02724999999999999       1.7253462255554426E7
0.027399999999999987      1.9071133133591246E7
0.027549999999999984      2.327750046395315E7
0.02769999999999998       3.0769161630124304E7
0.027849999999999986      3.71396960425325E7
0.027999999999999997      3.8508674407917656E7
0.028100000000000007      4.977424586176709E7
0.028199999999999996      5.9992175906950876E7
0.028300000000000006      7.25893985842395E7
0.0284                    7.864579586482474E7
0.028500000000000004      7.724355296319991E7
0.028600000000000007      7.657268290529951E7
0.028700000000000003      8.230855489381462E7
0.028800000000000006      9.189089522115402E7
0.028900000000000002      9.871441907454583E7
0.029000000000000005      1.0202571009808119E8
0.029100000000000008      1.0682186405465055E8
0.029200000000000004      1.143093088675325E8
0.029300000000000007      1.19938944855725E8
0.029399999999999996      1.2055340038716967E8
0.029500000000000005      1.1958681980614327E8
0.029599999999999994      1.2182363837053265E8
0.029699999999999997      1.2630918358044866E8
0.029799999999999993      1.2776488223432563E8
0.029899999999999996      1.2414243013697378E8
0.030000000000000006      1.1953967549298637E8
0.030099999999999995      1.1924341649768116E8
0.030199999999999998      1.2206954825259209E8
0.0303                    1.2329491333116591E8
0.030400000000000003      1.2017727242985696E8
0.030500000000000006      1.151916197064337E8
0.030599999999999995      1.124971554739667E8
0.030699999999999998      1.1280097376460595E8
0.0308                    1.128778288649392E8
0.030899999999999997      1.1026081828826569E8
0.030999999999999986      1.059155342865082E8
0.031100000000000003      1.0152398863629161E8
0.03119999999999999       9.643498013969208E7
0.031299999999999994      8.922236662013833E7
0.0314                    8.107667104639553E7
0.0315                    7.470189167061768E7
0.03159999999999999       7.021237596703492E7
0.03169999999999999       6.49563074418129E7
0.031799999999999995      5.7848142222005256E7
0.0319                    5.115929440108903E7
0.032                     4.776380204041551E7
0.032700000000000014      1.7774959122757364E7
0.033400000000000006      7947341.633774678
0.03410000000000001       2851935.21558227
0.03479999999999999       1737176.4063032763
0.03550000000000001       584079.6699157079
0.0362                    829461.0507424682
0.03690000000000001       1309521.5139644148
0.0376                    254201.1043999459
0.03830000000000001       96226.70867546857
0.039000000000000014      251818.5588060133
0.039700000000000006      24634.87123718659
0.0404                    493397.7367774322
0.041100000000000005      46381.73697739129
0.04180000000000001       232815.29403392988
0.0425                    741296.7976651954
0.04320000000000001       166192.01334730827
0.0439                    135859.3327579383
0.04460000000000001       114891.27299486005
0.0453                    140961.2812613696
0.046000000000000006      890810.1683841746
0.0467                    461216.20224832604
0.04740000000000002       860588.1381450156
0.04810000000000001       621651.1037537154
0.04880000000000002       109664.13166219673
0.04950000000000001       144627.92913758522
0.05020000000000003       578263.9861233573
0.05090000000000002       418633.7177789366
0.05160000000000003       168563.0042761503
0.052300000000000034      437001.01655779267
0.05300000000000001       607739.7769647823
0.05370000000000003       37534.156472657596
0.054400000000000025      243632.98790614257
0.055100000000000045      50031.09180904327
0.05580000000000002       45466.200919702074
0.05650000000000006       489817.1404062013
0.057200000000000036      248749.41995759855
0.05790000000000004       643485.6220884956
0.058600000000000034      472059.1866173635
0.059300000000000054      87141.63062408773
0.05999999999999999       38631.65040911978
