0                         290633.87351484486
2.8888888888904327E-4     115434.03631395998
3.2499999999999196E-4     118758.08233072197
5.779556650247798E-4      123402.78340884918
6.499999999999805E-4      151500.0672865355
8.671990171991613E-4      193140.67737704373
9.749999999999794E-4      217714.18441958338
0.001156617647058919      292480.5460626554
0.0012999999999999678     381789.2904049647
0.0014462102689487902     372961.77328976284
0.0016249999999999806     377345.8427138426
0.0017359756097561976     332476.0693309116
0.0019499999999999726     290633.0959405049
0.0020259124087592464     308594.3883459448
0.0022749999999999784     234456.89040111503
0.002316019417475848      213484.83343596998
0.0025999999999999704     129085.7736399456
0.002606295399515811      131082.26604096635
0.0026590909090919365     377058.66091058974
0.00289660194174772       548179.896546132
0.0029249999999999624     638378.2455891176
0.003187046004842667      334162.5950233232
0.0032499999999999613     330173.9918264688
0.003477657004830971      265723.7195767692
0.003574999999999953      261404.68039670383
0.003768433734939812      150674.52262540912
0.003899999999999952      83277.37943398413
0.004059375000000025      33602.64724027142
0.004224999999999951      18201.542900653854
0.004350479616306947      40180.9907405035
0.004549999999999943      45361.613652121276
0.004641746411483315      44317.91788409448
0.004874999999999935      27755.50647872524
0.004933174224343709      24220.158105881004
0.005199999999999941      55922.5919484241
0.005224761904761961      48523.776316333664
0.0054418604651165145     43367.28764994511
0.0055164677804295445     171177.72317214613
0.00552499999999994       171846.7407479255
0.005808214285714271      137295.74880374435
0.005849999999999939      143466.48675192118
0.006100118764845598      186502.27958460306
0.0061749999999999305     206822.94887746059
0.0063921800947867174     200638.83462146405
0.0064999999999999294     229330.48748502586
0.006684397163120526      180088.57463073716
0.006824999999999921      130687.37787524864
0.006976768867924532      89552.32865157242
0.007149999999999927      78343.60520518287
0.0072692941176470335     110716.81233792096
0.007474999999999912      185066.24107481455
0.007561971830985857      233703.55896824985
0.007799999999999911      256828.3506991557
0.007854800936768123      235450.76848126843
0.00812499999999991       437228.9760852707
0.0081477803738318        460473.03624320024
0.008357142857143507      648262.9813920942
0.008439300411522611      575567.667549725
0.008449999999999923      545588.5343994106
0.008726652892561977      335676.0532146599
0.008774999999999901      282151.8050385129
0.009013692946058076      245578.7414492583
0.009099999999999907      219468.30116010524
0.009300416666666624      272008.06766035594
0.009424999999999906      313501.7402341863
0.009586820083681988      355139.0201783239
0.009749999999999905      531754.2833148723
0.009872899159663814      389463.1141245447
0.010074999999999903      216236.696605431
0.010158649789029438      185660.60954555395
0.010399999999999902      162355.58392661854
0.010444067796610106      168052.87491814472
0.010724999999999894      53893.14419569281
0.010729148936170066      53377.3595639655
0.010758620689654746      128523.34807391991
0.011014194915254079      99537.58603080087
0.011049999999999893      88610.22348825385
0.011298936170212735      80261.06830708311
0.011374999999999885      81693.62858350646
0.011583333333333196      66403.48418500775
0.011699999999999884      43472.27266042119
0.011867381974248851      153119.4140871636
0.012024999999999876      319863.7552708616
0.012151077586206774      506910.9457134395
0.012349999999999875      621663.4689441149
0.012434415584415472      552862.1700480994
0.012674999999999874      926033.8224375598
0.012717391304347812      1011050.9045100209
0.013000000000000005      966983.0441185323
0.013100000000000028      270033.4307537865
0.013200000000000038      457707.86988748825
0.013300000000000027      639867.4313155187
0.01340000000000003       562931.1784621804
0.013500000000000026      305549.27215118246
0.013600000000000029      114778.08343985888
0.013700000000000025      76630.87246872074
0.013800000000000028      74157.46627058498
0.01390000000000003       164259.44737056262
0.014000000000000026      229787.210289426
0.014100000000000022      126185.8206339144
0.014200000000000018      72961.44447148836
0.014300000000000021      69249.4130524265
0.014400000000000024      56180.32903001015
0.014500000000000013      92330.34841495605
0.014600000000000023      143322.0178204593
0.014700000000000012      217108.9549731835
0.014800000000000021      266364.822888876
0.014900000000000017      264323.3476119666
0.01500000000000002       266165.55552798894
0.015100000000000023      344180.48741191794
0.015200000000000019      497158.69080466474
0.015300000000000015      672014.3063249981
0.015400000000000018      663907.614262078
0.015500000000000014      491868.4212294753
0.015600000000000024      456109.6741352707
0.015700000000000013      628057.1254021849
0.015800000000000015      842262.6086234561
0.015900000000000004      1042416.9778213141
0.016000000000000007      1266581.8449641406
0.01610000000000001       1219205.5338163723
0.016200000000000006      863021.0415596623
0.01630000000000001       527736.7826167564
0.016399999999999998      193785.63329739857
0.016500000000000008      116077.38809934781
0.016600000000000004      259605.22612605672
0.016700000000000007      533853.2004180801
0.01680000000000001       543034.0655146763
0.016900000000000005      65605.32039749986
0.017000000000000008      633391.6486771249
0.018000000000000002      681213.1389269312
0.01810000000000002       742249.6183064525
0.018200000000000015      1340424.513929397
0.018300000000000018      1585641.7050836333
0.018400000000000014      1092813.5168900706
0.018500000000000016      388524.61239835585
0.018600000000000012      210000.8022718173
0.018700000000000015      365644.9078256061
0.01880000000000001       695997.0304331892
0.01890000000000002       753660.0655501636
0.019000000000000017      430057.3837709529
0.01910000000000002       327172.6251943632
0.019200000000000016      597750.5393732967
0.01930000000000002       977863.0531796365
0.019400000000000014      937237.326549855
0.019500000000000024      649848.4537966816
0.019600000000000027      523721.197324211
0.019700000000000023      618828.2669788859
0.019800000000000026      646811.1430070682
0.01990000000000003       509147.43728784233
0.02000000000000003       443185.7184042063
0.02010000000000002       511490.51972926594
0.020200000000000023      542231.7005421765
0.020300000000000033      437788.3768754932
0.020400000000000022      378235.88214003475
0.020500000000000032      314384.35016059555
0.020600000000000028      187835.8445426254
0.02070000000000003       121989.33030928619
0.020800000000000027      188582.51506877688
0.020900000000000037      287634.7981857744
0.021000000000000033      187218.9321646489
0.021100000000000042      39469.00183862749
0.021200000000000045      14917.610087244318
0.02130000000000004       102572.06926369762
0.021400000000000044      299805.73031953815
0.02150000000000004       265480.3124141188
0.021600000000000036      78688.3772871326
0.021700000000000046      64513.258617156935
0.02180000000000004       187459.4455064596
0.02190000000000005       424539.9586400992
0.022000000000000006      463571.7883875902
0.022150000000000003      430171.4359098323
0.0223                    110454.47420277011
0.022449999999999998      93535.15394573016
0.02260000000000001       454581.99239315704
0.022750000000000006      863615.9822047991
0.022900000000000004      546128.1176739564
0.023050000000000008      842343.3564654662
0.023200000000000005      399652.8136726792
0.023349999999999996      377814.2915767751
0.023499999999999993      277522.64536555746
0.02364999999999999       385908.0840348818
0.0238                    334597.0775271661
0.02395                   293055.994885084
0.024100000000000003      153674.99893092172
0.02425                   168089.12370702028
0.02439999999999999       494618.76487485337
0.024549999999999995      819569.7564821689
0.0247                    1545286.1285096505
0.02484999999999999       2038614.614245676
0.024999999999999988      1455946.5391170583
0.025149999999999992      1545801.5568266674
0.025299999999999996      999167.8075869406
0.025449999999999987      1358344.9918807512
0.025599999999999984      1899354.2553309125
0.02574999999999998       3000592.7359775216
0.025899999999999992      3225350.084820951
0.02604999999999999       4497436.295840468
0.026199999999999987      3863022.027945707
0.02634999999999999       5497088.3048401605
0.02649999999999999       6259713.085121645
0.02664999999999998       9061448.700691309
0.026799999999999984      1.1780212585249415E7
0.02694999999999998       1.33545727693422E7
0.027099999999999985      1.6118372549961835E7
0.027249999999999983      1.612351663485029E7
0.027399999999999987      1.8557622218620423E7
0.027549999999999984      2.2454097691613983E7
0.02769999999999998       2.7759222951540057E7
0.02784999999999998       3.930620612032974E7
0.027999999999999997      3.9535342199879006E7
0.028100000000000007      5.254505308735707E7
0.028199999999999996      5.7356765317085095E7
0.028300000000000006      6.426070836648869E7
0.0284                    7.009117142076157E7
0.028500000000000004      7.376652817835028E7
0.028600000000000007      7.816850988882613E7
0.028700000000000003      8.530187679574876E7
0.028800000000000006      9.301458631104647E7
0.028900000000000002      9.828625942562976E7
0.029000000000000005      1.0183687228560631E8
0.029100000000000008      1.06379318574163E8
0.029200000000000004      1.1164622137918815E8
0.029300000000000007      1.1483599230778639E8
0.029399999999999996      1.1590054506609721E8
0.029500000000000005      1.1823860721108828E8
0.029599999999999994      1.235282386742155E8
0.029699999999999997      1.28317826839048E8
0.029799999999999993      1.2778900590601337E8
0.029899999999999996      1.2254024698636559E8
0.030000000000000006      1.1794424950060932E8
0.030099999999999995      1.1769647974868834E8
0.030199999999999998      1.1883233189264451E8
0.0303                    1.1722763135689065E8
0.030400000000000003      1.129635752125395E8
0.030500000000000006      1.099528830112988E8
0.030599999999999995      1.1031228040547936E8
0.030699999999999998      1.1126529555372134E8
0.0308                    1.0881542042096458E8
0.030899999999999997      1.0338062576208329E8
0.030999999999999986      9.879934367766516E7
0.031100000000000003      9.603313225845559E7
0.03119999999999999       9.123739753374925E7
0.031299999999999994      8.231123691026586E7
0.0314                    7.378632788475935E7
0.0315                    7.055329679587373E7
0.03159999999999999       7.068557092785524E7
0.03169999999999999       6.7005593567176E7
0.031799999999999995      5.673472412167382E7
0.0319                    4.609666922207958E7
0.032                     3.950813978516325E7
0.032700000000000014      1.6377429562369648E7
0.033400000000000006      6985969.094403171
0.03410000000000001       3444808.564885486
0.03479999999999999       2076049.017433867
0.03550000000000001       513522.77683760447
0.0362                    1481326.1515757497
0.03690000000000001       578849.0705353543
0.037600000000000015      486310.40116774297
0.03830000000000001       79917.1730591484
0.039000000000000014      165039.5665309104
0.039700000000000006      269020.8747787033
0.04040000000000001       166322.27306500182
0.041100000000000005      198608.86901711335
0.04180000000000001       309080.66536760394
0.0425                    619690.8768898714
0.04320000000000001       263084.7801220338
0.043900000000000015      219705.93053652998
0.04460000000000001       234185.075766957
0.045300000000000014      148155.65130764415
0.04600000000000002       480067.60372676136
0.0467                    491134.27881103766
0.04740000000000002       913766.5068190972
0.048100000000000025      364972.14327840623
0.04880000000000003       21808.518770125884
0.04950000000000001       62107.55297448707
0.05020000000000003       419423.55486880586
0.050900000000000035      164387.7105769181
0.05160000000000003       273836.79321351455
0.052300000000000034      190601.9366646145
0.05300000000000004       1017018.5443371601
0.053700000000000046      30662.6396571955
0.05440000000000005       96962.2233538602
0.055100000000000045      85885.76172139113
0.05580000000000004       47472.66304610304
0.05650000000000006       474493.2002190088
0.05720000000000006       302959.63919936126
0.05790000000000007       709710.307444548
0.05860000000000006       547368.644247319
0.05930000000000007       304905.7629829227
0.05999999999999999       11157.253857420772
