0                         23924.221912391822
3.141666666666085E-4      164943.26966286625
3.249999999999295E-4      109692.34243880007
6.391537544695389E-4      196284.85031205116
6.499999999999354E-4      38827.148663271815
9.641408114557833E-4      613421.2914273557
9.749999999999412E-4      324552.1146708021
0.001289127837514871      143567.09178859196
0.00129999999999994       146878.2798930425
0.0016141148325358248     244178.30758433935
0.001624999999999932      6189.85448942919
0.0019391017964071264     15959.630234703427
0.0019499999999999448     166046.59820973084
0.0022640887290167264     286181.94227562984
0.002274999999999937      4465.081087592294
0.0025890756302520412     188987.94810928602
0.0025999999999999496     34065.457016041175
0.0029140624999999393     28399.769601731732
0.0029249999999999415     32282.208999237744
0.0032390493381467614     11898.430228146019
0.0032499999999999543     138024.78808649263
0.0035640361445782656     48514.4513054072
0.003574999999999953      16899.62998507934
0.0038890229191796827     6590.221770760587
0.003899999999999952      6585.47291135077
0.004214009661835709      23475.42729014852
0.004224999999999951      25664.012670024087
0.00453899637243043       130083.79013364301
0.00454999999999995       151817.51181582542
0.004863983050847419      26197.540194013338
0.004874999999999956      33333.73176318293
0.005188969696969657      52707.72010324848
0.005199999999999962      52047.45144760801
0.005513956310679573      59264.00602865485
0.0055249999999999605     65125.78755897444
0.00583894289185901       19029.614182363875
0.005849999999999959      23345.301079134566
0.006163929440389258      169170.9810408631
0.006174999999999965      173496.76956962424
0.0064889159561509965     2434.1218632443833
0.006499999999999957      2211.8230479994727
0.006813902439024362      195940.23866339022
0.00682499999999997       200660.67239279547
0.007138888888888854      425320.9446031635
0.007149999999999962      444989.42904583045
0.007463875305623438      458675.957086497
0.007474999999999968      494593.49535006424
0.0077888616891064605     290097.4589132136
0.007799999999999974      314015.8326918761
0.008113848039215658      91919.37951661984
0.008124999999999973      202641.9990492452
0.0084388343558282        107183.33374629974
0.008449999999999978      536202.8361241921
0.00876382063882062       45103.76058635893
0.008774999999999977      66129.82981991542
0.00908880688806886       121127.92740955485
0.00909999999999997       138002.107471507
0.00941379310344826       72776.94394581341
0.009424999999999982      37550.1544922366
0.00973877928483352       200267.01237248737
0.009749999999999981      147031.7112391536
0.010063765432098741      172748.53529652633
0.01007499999999998       72554.71405759286
0.010388751545117411      198823.56635594895
0.010399999999999986      352419.176305346
0.010713737623762362      145566.9316633619
0.010724999999999991      247405.84680535202
0.011038723667905821      12949.282252040275
0.01104999999999999       195130.12886740515
0.011363709677419342      7172.528088229101
0.01137499999999999       6422.2085309589165
0.011688695652173904      64419.56165571704
0.011699999999999988      63971.8322376284
0.01201368159203979       74124.22386143405
0.012025000000000001      82449.09739577214
0.012338667496886675      118586.78870780098
0.01235                   139643.74288771133
0.012663653366583538      266555.86973268655
0.012674999999999999      271246.8284795565
0.012988639200998749      97813.97665228722
0.013000000000000005      99951.95793768275
0.013096500000000032      44786.47303779478
0.013100000000000028      46300.48220311707
0.013196500000000028      40432.551159729206
0.013200000000000038      40388.43390619014
0.013296500000000037      15307.513189777263
0.013300000000000027      15211.67985410359
0.013396500000000026      16000.616594343377
0.01340000000000003       17128.0751887008
0.01349650000000003       103700.39841778405
0.013500000000000026      109384.73686497922
0.013596500000000032      252089.71108105866
0.013600000000000029      258154.41762511345
0.013696500000000021      153480.29642486415
0.013700000000000025      150226.13302685265
0.013796500000000024      12931.425886807272
0.013800000000000028      11678.838294071753
0.013896500000000027      16487.642769773698
0.01390000000000003       17234.597378382714
0.01399650000000003       13416.639192841523
0.014000000000000026      14134.796324734356
0.014096500000000033      65052.34788558097
0.014100000000000022      68169.33376791452
0.014196500000000022      96420.15267955253
0.014200000000000018      98939.77315533877
0.014296500000000024      115591.95077324528
0.014300000000000021      117546.42759379679
0.01439650000000002       44079.802474214004
0.014400000000000024      42376.03093744097
0.014496500000000023      3197.4895350431207
0.014500000000000013      4153.675225305177
0.014596500000000012      26350.775685783337
0.014600000000000023      27436.46858727838
0.014696500000000022      7881.88426043092
0.014700000000000012      7928.080727604103
0.014796500000000025      40129.27666170758
0.014800000000000021      42296.37096966044
0.014896500000000014      62278.97194193388
0.014900000000000017      62975.99100594931
0.014996500000000017      31054.801086770105
0.01500000000000002       28603.367788347
0.015096500000000013      23964.71784465333
0.015100000000000023      25513.256799979543
0.015196500000000022      94637.11739060038
0.015200000000000019      106099.69639698748
0.015296500000000011      173547.02202631132
0.015300000000000015      183061.03304795478
0.015396500000000014      71287.49408693839
0.015400000000000018      60935.99734946226
0.015496500000000017      32065.255431763737
0.01550000000000002       48720.41349557428
0.01559650000000002       343710.8038053353
0.015600000000000024      385694.19709164376
0.015696500000000016      403655.9751238363
0.015700000000000013      403390.36637618236
0.015796500000000012      229338.50193610846
0.015800000000000015      242870.4907787523
0.015896500000000008      545706.9286728242
0.015900000000000004      593703.8388363093
0.015996500000000018      759596.4779724029
0.016000000000000007      750820.0221802256
0.016096500000000007      514055.2778348647
0.01610000000000001       493260.96982675366
0.01619650000000001       506858.8419391094
0.016200000000000006      523563.4655196804
0.016296500000000005      463714.2702691984
0.01630000000000001       453069.93333308946
0.01639650000000001       80241.10442179242
0.016399999999999998      59105.08908711894
0.016496500000000004      105181.26257471218
0.016500000000000008      135337.385977415
0.016596500000000007      452323.87850494793
0.016600000000000004      468374.3295864811
0.01669650000000001       404155.12298501434
0.016700000000000007      392222.0850206325
0.016796500000000006      327035.9285821578
0.01680000000000001       335588.1535959195
0.01689650000000001       308481.1371050942
0.016900000000000005      288199.55004419765
0.016996500000000005      184482.5786735219
0.017000000000000008      4099.29089947296
0.01703414634146342       1862.7171450662963
0.017965853658536597      6742.993556951444
0.018000000000000002      40752.27964415983
0.0180966666666667        25706.868024717307
0.018100000000000033      24083.855789094992
0.018196666666666694      15486.12028782414
0.01820000000000003       17545.835983241202
0.01829666666666669       50193.44606923816
0.01830000000000003       52972.34023867174
0.01839666666666668       24189.59654163162
0.018400000000000034      19026.097573653347
0.018496666666666675      4592.923777628912
0.01850000000000003       7996.046781668337
0.018596666666666664      20618.96352150387
0.018600000000000026      19691.80585383351
0.01869666666666666       2206.44852784839
0.018700000000000022      4794.650170365356
0.018796666666666642      52025.95182395928
0.018800000000000025      54681.66305380425
0.01889666666666663       28564.222250510982
0.018900000000000028      27768.423767845532
0.018996666666666634      5975.8664938389065
0.019000000000000017      7226.236200062297
0.019096666666666623      39958.96845189481
0.019100000000000027      41416.98054499639
0.019196666666666612      18173.86248568639
0.019200000000000016      18390.430976442723
0.019296666666666608      45518.39368730485
0.019300000000000025      47990.93755949807
0.019396666666666597      59796.56037025148
0.019400000000000014      60725.36245710699
0.0194966666666666        25264.870218380132
0.019500000000000024      24800.633889118475
0.019596666666666582      1012.8217969827026
0.01960000000000002       878.80246481377
0.019696666666666578      9239.649621466093
0.019700000000000023      9962.119477228802
0.01979666666666658       28631.73161702404
0.01980000000000002       29798.604971768633
0.019896666666666563      67006.09677559909
0.019900000000000022      69350.30972840864
0.01999666666666656       64453.89236813669
0.020000000000000018      64848.25211179183
0.020096666666666547      17226.42775417304
0.02010000000000002       17613.2896151043
0.020196666666666536      33920.585357429234
0.02020000000000001       35786.63585165599
0.02029666666666654       18605.52187388431
0.02030000000000002       19405.169782669625
0.02039666666666653       89053.04516556677
0.02040000000000001       94590.38524051396
0.020496666666666524      160820.092319538
0.020500000000000004      165207.9067670033
0.020596666666666513      179412.8385725269
0.020600000000000007      184322.19514318375
0.020696666666666502      147095.9440786598
0.020700000000000017      147903.89694382864
0.020796666666666505      6013.492475696187
0.020800000000000013      5727.896777169298
0.020896666666666494      97429.94976358423
0.02090000000000001       104253.52524977262
0.02099666666666649       91756.76733753193
0.02100000000000001       92601.67305668611
0.02109666666666648       86181.35587859637
0.021100000000000008      91142.83590028013
0.021196666666666475      106813.59821578609
0.02120000000000001       109204.71870143253
0.02129666666666647       34742.09458131582
0.021300000000000006      36244.42843581353
0.021396666666666453      56344.634560139486
0.02140000000000001       59796.6436485338
0.021496666666666456      135789.30073013378
0.021500000000000012      143805.79677454452
0.02159666666666645       336914.2274678643
0.021600000000000008      346641.30721606733
0.02169666666666644       160330.73435319302
0.02170000000000001       155423.41423616096
0.02179666666666643       11138.607382868371
0.0218                    11842.007991454015
0.02189666666666642       63070.774760925626
0.021900000000000003      65162.20021563928
0.02199666666666642       42145.83689804168
0.022000000000000006      43222.59077614983
0.02214499999999961       65753.33741805506
0.022150000000000003      66017.46380724321
0.022294999999999628      67997.27240201888
0.0223                    79039.49527108917
0.022444999999999632      337934.2162946159
0.022449999999999998      360522.4248555691
0.022594999999999636      564012.9026338852
0.02260000000000001       495782.55819583917
0.022744999999999654      105202.39663011981
0.022750000000000006      33207.99446831842
0.02289499999999966       174319.68798056766
0.022900000000000004      245095.7446428744
0.02304499999999967       305620.71673177416
0.023050000000000008      350072.8302237613
0.023194999999999674      495402.77960746136
0.023200000000000005      516927.7566161981
0.02334499999999968       57454.651974771434
0.023349999999999996      34383.26289780837
0.02349499999999969       175517.96900035412
0.023499999999999993      278501.2118943727
0.023644999999999708      509948.75250276783
0.023649999999999997      439324.99281147245
0.02379499999999972       100643.55118788812
0.0238                    93358.57389437917
0.02394499999999973       520775.1726210918
0.02395                   577566.0235328766
0.024094999999999728      628067.5039868554
0.024099999999999996      585740.9299668109
0.02424499999999974       484994.2307403252
0.02425                   483164.6315988082
0.02439499999999975       628084.2792808467
0.02439999999999999       645068.3058132479
0.02454499999999976       706036.8469771454
0.024549999999999995      649666.3560445523
0.024694999999999773      933190.9681734436
0.0247                    1117430.1314314236
0.024844999999999777      1895891.8759373815
0.024849999999999997      1710823.4515473552
0.02499499999999978       879084.5843999059
0.024999999999999988      963001.9729350862
0.025144999999999793      1635138.3438652358
0.025149999999999992      1665441.1453296137
0.02529499999999981       2505419.7594336346
0.025299999999999996      2666941.051786527
0.025444999999999815      2374876.677805547
0.025449999999999987      2209538.1264786315
0.02559499999999982       1544884.35917224
0.025599999999999984      1391973.783978952
0.025744999999999837      1516017.1567299473
0.02574999999999998       1606091.3915196268
0.025894999999999842      5417113.554176027
0.025899999999999992      6126986.782458069
0.026044999999999846      8636979.167640306
0.02604999999999999       8536401.123506058
0.026194999999999864      3792127.7670365446
0.026199999999999987      3210501.305662805
0.02634499999999987       3750630.1119828178
0.02634999999999999       3770946.957607881
0.026494999999999873      8996644.091641191
0.02649999999999999       9204494.18049548
0.02664499999999989       1.363333899128808E7
0.02664999999999998       1.3779269244100677E7
0.026794999999999895      1.273232226090085E7
0.026799999999999977      1.2724908330348913E7
0.0269449999999999        1.2207295331536012E7
0.02694999999999998       1.2215839394478403E7
0.027094999999999918      1.4491835324083809E7
0.027099999999999985      1.4588999824657112E7
0.027244999999999922      2.089429059406747E7
0.027249999999999983      2.1093213132197E7
0.027394999999999926      2.5906678877904486E7
0.027399999999999987      2.607080333363157E7
0.027544999999999945      2.8366060187129263E7
0.027549999999999984      2.8453355314132847E7
0.027694999999999956      3.683643098212823E7
0.02769999999999998       3.718436965197477E7
0.02784499999999996       4.294897964330767E7
0.02784999999999998       4.319718711696003E7
0.027994999999999985      6.2213934171662934E7
0.027999999999999997      6.306284052211405E7
0.028096666666666673      5.663028875763736E7
0.028100000000000007      5.688872265536631E7
0.02819666666666666       6.078916393355529E7
0.028199999999999996      6.0938162809882075E7
0.02829666666666665       6.4829018949194975E7
0.028300000000000006      6.497398720019525E7
0.028396666666666653      7.133728680513848E7
0.028399999999999995      7.156686382692653E7
0.028496666666666635      8.103643966456956E7
0.028500000000000004      8.136998863203245E7
0.02859666666666664       9.112215306050524E7
0.028600000000000007      9.145830322750112E7
0.028696666666666627      9.693558672704954E7
0.028700000000000003      9.712145945035876E7
0.028796666666666623      9.799689626542194E7
0.028800000000000006      9.803577221299945E7
0.02889666666666662       9.994715458198157E7
0.028900000000000002      1.000280284347398E8
0.028996666666666608      1.0749247081062612E8
0.029000000000000005      1.0775567742542548E8
0.029096666666666604      1.1773301313850668E8
0.029100000000000008      1.1806869072379133E8
0.0291966666666666        1.232011034521111E8
0.029200000000000004      1.2336870396225518E8
0.02929666666666659       1.2252669312754612E8
0.029300000000000007      1.2250775674997555E8
0.029396666666666585      1.224407508191475E8
0.029399999999999996      1.224543124643641E8
0.029496666666666574      1.2717520624270323E8
0.029500000000000005      1.2733768597473128E8
0.02959666666666657       1.3264983396454956E8
0.029599999999999994      1.3282046887626912E8
0.029696666666666566      1.3375514261704133E8
0.029699999999999997      1.3378545368779966E8
0.02979666666666656       1.3302590565159386E8
0.029799999999999993      1.330128994902186E8
0.02989666666666655       1.3584060900668344E8
0.029899999999999996      1.359432621406067E8
0.02999666666666654       1.4046187620783484E8
0.030000000000000006      1.4090682508553666E8
0.030096666666666536      1.3994920944474238E8
0.030099999999999995      1.3955993929684466E8
0.03019666666666654       1.3392280539905098E8
0.030199999999999998      1.3323014853984788E8
0.030296666666666527      1.3027714646329233E8
0.0303                    1.3030762337780257E8
0.030396666666666516      1.331616107997921E8
0.030400000000000003      1.33858960060033E8
0.030496666666666512      1.363973957763557E8
0.030500000000000006      1.366471056169158E8
0.0305966666666665        1.3227905858561568E8
0.030599999999999995      1.316153666708281E8
0.03069666666666649       1.2370728749729994E8
0.030700000000000012      1.2306322708466834E8
0.03079666666666648       1.1928884298377967E8
0.0308                    1.1948036198423617E8
0.030896666666666482      1.1999276565434626E8
0.030899999999999997      1.2055278663691252E8
0.03099666666666647       1.1818776944360994E8
0.031                     1.1809661028517988E8
0.031096666666666474      1.0889299499594788E8
0.031100000000000003      1.0806929271950604E8
0.031196666666666463      9.685313742592554E7
0.031200000000000006      9.617637359707725E7
0.03129666666666645       8.967340476774824E7
0.031299999999999994      8.973523811386132E7
0.031396666666666455      8.784707807932523E7
0.0314                    8.818924377707712E7
0.031496666666666444      8.461588640325288E7
0.0315                    8.444519713829793E7
0.03159666666666643       7.668287062770842E7
0.0316                    7.609257098315324E7
0.031696666666666436      6.804348496560523E7
0.031700000000000006      6.764525438181226E7
0.031796666666666425      6.267000895219958E7
0.031799999999999995      6.275799861501209E7
0.031896666666666414      5.966601020875041E7
0.03190000000000001       5.9982958110823415E7
0.031996666666666417      5.370187583131652E7
0.032                     5.740288851897967E7
0.032676666666664834      1.7649612127741653E7
0.032700000000000014      2.046132584885426E7
0.03337666666666484       8373618.963490489
0.033400000000000006      8588559.761959663
0.03407666666666485       3798988.0785426274
0.0341                    3674435.749857307
0.03477666666666484       2160804.805138076
0.03479999999999999       2125997.681996036
0.03547666666666483       1248126.221726224
0.03550000000000001       1266177.192604265
0.036176666666664824      223220.76030394813
0.0362                    213919.21762631898
0.036876666666664844      90994.65511254256
0.03690000000000001       84558.81556518226
0.037576666666664836      43190.92740720418
0.0376                    175287.51524732064
0.038276666666664814      38505.98512334273
0.03830000000000001       149978.4464479502
0.03897666666666482       116415.05003475651
0.039                     18063.07943480721
0.03967666666666483       25689.05860217275
0.039700000000000006      80752.99794033621
0.04037666666666483       251956.48564540682
0.0404                    151505.14005254192
0.04107666666666481       97051.49005404949
0.04109999999999999       95266.25694255042
0.04177666666666482       135863.33780538244
0.0418                    153546.04645123016
0.042476666666664824      116729.82894766211
0.04249999999999999       131129.35338026637
0.043176666666664844      86230.8415331171
0.043199999999999995      97211.19266829107
0.04387666666666482       8659.580751403342
0.043899999999999974      8686.650220527987
0.04457666666666483       83106.9952062815
0.044599999999999994      94251.2614670234
0.04527666666666482       59420.84910099787
0.045299999999999986      25581.05799910952
0.04597666666666483       10544.755823153579
0.04599999999999999       187497.53514899622
0.04667666666666483       239972.57409497877
0.046699999999999985      302263.3262471898
0.047376666666664825      238483.23572511767
0.04739999999999999       93799.64243968844
0.04807666666666483       7873.78940347866
0.0481                    22072.173527708812
0.048776666666664824      25423.488993400726
0.04879999999999999       28830.40613501758
0.049476666666664844      84387.34713462277
0.049499999999999995      93756.31439747557
0.05017666666666482       33285.16710830722
0.05019999999999999       38476.40338032435
0.05087666666666483       288773.2161566906
0.050899999999999994      325686.8730931455
0.051576666666664835      20826.56171860359
0.051599999999999986      22456.00662842026
0.05227666666666483       95487.19469056615
0.05229999999999999       108256.54228638775
0.05297666666666483       85867.52315002307
0.052999999999999985      214591.21217914895
0.053676666666664825      208168.21098196815
0.053700000000000005      64109.39782510716
0.05437666666666483       28214.786314641802
0.0544                    44139.47820910817
0.055076666666664824      62174.87257456856
0.05509999999999999       87637.10108852392
0.055776666666664816      208412.77462707966
0.05579999999999998       111374.73302787202
0.056476666666664836      33478.41602133309
0.05649999999999999       32918.549567292066
0.05717666666666483       516153.8896877506
0.05720000000000001       595275.918525461
0.057876666666664835      165536.71285234712
0.0579                    189399.26089153724
0.05857666666666484       53857.518096225656
0.05859999999999999       56417.881475297494
0.05927666666666483       359186.5233762713
0.059299999999999985      416521.4558151729
0.05997666666666484       28973.58476972096
0.05999999999999999       35594.02255158777
