0                         1595.3494647843843
2.1666666666658035E-4     10972.042188085512
3.2500000000000584E-4     20152.36590939804
5.412133891212617E-4      62470.744615968164
6.499999999999943E-4      92016.60606153945
8.657563025209133E-4      180955.54995401035
9.749999999999863E-4      237338.15017385827
0.0011902953586497358     360601.21375438664
0.0012999999999999887     440164.90091983514
0.0015148305084745073     516894.03690826154
0.0016249999999999876     570529.6389617259
0.0018393617021275621     560615.127789843
0.0019499999999999795     542950.633089944
0.0021638888888887986     457655.08196465735
0.0022749999999999784     402834.91534943733
0.00248841201716727       297658.2888781255
0.0025999999999999704     262412.8797206084
0.0028129310344826575     183984.35185694043
0.0029249999999999624     163466.79126692982
0.003137445887445793      132781.8729653793
0.0032499999999999613     124013.91351060742
0.00346195652173905       123123.30418443958
0.00357499999999996       135213.26314809133
0.003786462882095991      134429.5942060445
0.003899999999999952      138410.93734834844
0.004110964912280572      88572.85390990338
0.004224999999999951      64797.00539668156
0.004435462555065911      19466.996352514197
0.004549999999999943      6316.168134479204
0.004759955752212254      4805.814221713344
0.004874999999999935      10730.75562212302
0.005084444444444329      23775.893341314797
0.005199999999999934      32929.05457970167
0.0054089285714284605     34797.08875646917
0.005524999999999933      40335.951181855206
0.00573340807174879       36500.41775608765
0.005849999999999932      40338.378783430264
0.006057882882882774      80382.18666446023
0.006174999999999924      105766.90994693198
0.006382352941176325      161888.6930738803
0.0064999999999999225     196274.58421747258
0.006706818181818043      208292.82206405536
0.0068249999999999145     211452.62068767185
0.007031278538812663      205922.77030406203
0.007149999999999913      206010.76647038816
0.007355733944954021      220911.33339740822
0.007474999999999905      230320.31336234795
0.00768018433179711       242015.14299058542
0.007799999999999897      246116.05351510542
0.008004629629629507      228136.23900096022
0.00812499999999989       219190.6407190527
0.008329069767441764      192914.99158058295
0.008449999999999895      174444.30478128538
0.00865350467289707       123608.41216971393
0.008774999999999894      99745.7743382226
0.008977934272300321      68418.7273160697
0.009099999999999879      47178.511676210575
0.009302358490565897      55763.40542579312
0.009424999999999878      75014.88212117151
0.009626777251184694      93771.81306598938
0.009749999999999877      111134.49643545764
0.009951190476190308      100233.98946646447
0.010074999999999869      83943.56003211913
0.010275598086124278      54753.19904308644
0.010399999999999868      46301.98854218445
0.01059999999999988       33333.72922042857
0.010724999999999867      32093.161846813622
0.010924396135265559      11317.328196357728
0.011049999999999859      2897.0679631242892
0.011248786407766866      8163.1359783871285
0.01137499999999985       41221.2581233599
0.011573170731707202      93838.01090628935
0.011699999999999856      143265.321225964
0.011897549019607684      164030.26637159832
0.012024999999999848      195000.74929529108
0.012221921182265866      266269.7475763405
0.012349999999999847      320111.2047927332
0.012546287128712745      443831.45577918284
0.012674999999999846      523274.4588001124
0.012870646766169135      530774.241835312
0.013000000000000005      539662.4152429391
0.013039999999999996      446528.61942314124
0.0131                    466793.7364619467
0.013140000000000013      487855.6329732449
0.01320000000000001       515496.56344140426
0.013240000000000002      521420.10830906895
0.013300000000000006      527755.5370272034
0.013340000000000025      517387.85541340004
0.013400000000000016      505680.40602634876
0.013440000000000035      497212.8341190507
0.013500000000000012      488303.2490442924
0.01354000000000001       479223.0683793417
0.013600000000000022      471643.7335998665
0.013640000000000013      439794.33939901704
0.013700000000000025      406897.3851910832
0.013740000000000002      332119.27694293245
0.013800000000000028      249019.95671956838
0.01384000000000004       162954.76855145604
0.01390000000000003       81126.61859787679
0.013940000000000015      46024.972473888134
0.014000000000000033      18049.993997554164
0.014040000000000025      21217.837174787146
0.01410000000000003       28568.914577170304
0.01414000000000002       56875.50221392606
0.014200000000000032      108468.36844273806
0.01424000000000003       140966.91302524987
0.014300000000000035      193000.32266179522
0.01434000000000004       189894.17583373576
0.014400000000000045      199487.527148353
0.01444000000000005       182762.9351298972
0.014500000000000048      170639.09338871468
0.014540000000000039      173106.40804651906
0.01460000000000005       191756.8940134623
0.014640000000000042      250579.8757830111
0.014700000000000053      351084.1003730244
0.014740000000000052      427856.8409450992
0.014800000000000056      540236.281618974
0.01484000000000004       569412.9648238735
0.014900000000000059      616036.1781247888
0.01494000000000005       600076.1397918586
0.015000000000000062      580399.9355328438
0.01504000000000006       558166.0368327872
0.015100000000000065      525529.5318028566
0.01514000000000007       504931.3549516039
0.015200000000000068      475395.6390723279
0.015240000000000052      459005.6178493211
0.015300000000000064      438759.43667893676
0.015340000000000062      434657.20405249
0.015400000000000066      428031.8104050557
0.015440000000000065      439370.24158226064
0.015500000000000076      456928.23286162596
0.015540000000000054      497275.17381873005
0.015600000000000072      567154.7849599433
0.01564000000000007       629605.4829727156
0.015700000000000082      734978.1987700161
0.015740000000000087      789780.09972491
0.01580000000000007       880572.265883559
0.01584000000000007       906776.5812163873
0.01590000000000008       947325.4158378227
0.015940000000000086      952943.3383013222
0.016000000000000084      959511.4409850512
0.016040000000000075      969902.6935065052
0.016100000000000086      984358.8931806495
0.016140000000000078      1015269.6049095979
0.01620000000000009       1066872.9787392202
0.016240000000000088      1127393.1348722156
0.016300000000000092      1232771.444075812
0.01634000000000009       1305112.7091931917
0.016400000000000095      1425328.4557799527
0.016440000000000086      1458772.7388016055
0.01650000000000009       1516328.734927385
0.016540000000000096      1482661.4909426528
0.016600000000000094      1425796.0720908912
0.016640000000000092      1352684.9627773056
0.01670000000000009       1232288.2802781258
0.016740000000000095      1214661.9549558086
0.016800000000000093      1210414.278397092
0.016840000000000098      1242799.448021821
0.016900000000000102      1349582.5808475735
0.01694000000000006       1213841.7523104826
0.017000000000000008      1062982.706542856
0.017292716295856186      816325.1533101841
0.017376158504799753      781681.0526396675
0.01743698555324316       723223.9144800641
0.017588615512592873      681369.2576033401
0.01767078936533214       529224.5717702088
0.018000000000000002      570956.0561076857
0.01803333333333336       501392.245242426
0.018100000000000012      561737.4332108627
0.01813333333333337       557053.4143615727
0.018200000000000008      585357.2238654232
0.018233333333333365      589113.1082967699
0.01830000000000001       612499.2843207147
0.01833333333333336       628616.409486472
0.018400000000000014      662641.1291928613
0.018433333333333364      677233.7720604446
0.01850000000000001       700814.9296736391
0.01853333333333338       698687.729495322
0.018600000000000012      698781.1862239818
0.01863333333333339       692455.117245569
0.018700000000000015      687375.7504113382
0.018733333333333373      686827.5674154541
0.01880000000000001       687850.7862432837
0.01883333333333337       688803.9824048125
0.01890000000000002       688207.1244498653
0.01893333333333337       680452.1744787502
0.019000000000000017      664739.1944595036
0.01903333333333338       647356.228755324
0.01910000000000002       616909.4093701714
0.01913333333333337       592783.8100470998
0.019200000000000016      548668.4678811331
0.019233333333333366      513644.0357034055
0.01930000000000002       448131.9430362375
0.019333333333333383      403424.562127744
0.019400000000000014      325460.34825911064
0.019433333333333386      293217.0884287579
0.019500000000000024      244711.38758349116
0.019533333333333368      247825.49318048687
0.019600000000000027      260448.94973709763
0.019633333333333364      288098.9985154483
0.01970000000000003       336037.15348117874
0.019733333333333374      350770.8505300704
0.019800000000000033      371196.42249983875
0.019833333333333376      352770.7123433465
0.01990000000000003       320868.3376815618
0.01993333333333338       294437.0140525686
0.02000000000000003       255749.68047168318
0.020033333333333382      251549.50280409053
0.020100000000000028      246874.56675975354
0.020133333333333378      256487.35053832436
0.020200000000000023      267798.73492816463
0.020233333333333374      263463.4526886147
0.020300000000000033      249699.4152753698
0.020333333333333377      227754.54144893828
0.02040000000000003       191616.55935952152
0.020433333333333373      177237.25789982054
0.02050000000000004       157510.02872007916
0.020533333333333376      162239.03128207327
0.020600000000000035      171717.62109753978
0.02063333333333338       182815.99160406826
0.020700000000000045      200972.3905307738
0.02073333333333338       206292.6622464379
0.020800000000000034      217189.8295322058
0.020833333333333377      221821.6808067871
0.020900000000000044      234240.03848918952
0.02093333333333338       242001.35417251624
0.021000000000000046      255476.82977401617
0.021033333333333376      251599.6756254119
0.02110000000000005       240529.81849592648
0.02113333333333338       218513.00147847526
0.021200000000000045      184131.9475588763
0.021233333333333382      166781.79166891775
0.021300000000000048      146347.61940072099
0.02133333333333339       145824.8952848758
0.021400000000000044      148002.00818552816
0.02143333333333338       153346.30913078858
0.021500000000000047      161559.16709468342
0.021533333333333397      161750.85267198863
0.02160000000000005       159450.27081479103
0.021633333333333393      148996.08266727824
0.021700000000000053      129312.61370612968
0.02173333333333339       113958.38612741488
0.02180000000000005       89102.61065528505
0.021833333333333378      79428.94938021732
0.02190000000000006       64470.316238609164
0.021933333333333374      65341.275587819495
0.022000000000000006      71808.5915305427
0.022050000000000007      91397.07140046169
0.022150000000000003      111657.22771433803
0.022200000000000004      165916.366457317
0.0223                    259709.39539877785
0.02235000000000001       252986.62367381068
0.022449999999999998      223828.81200024052
0.022499999999999992      249058.8062916829
0.02260000000000001       257720.1155162965
0.02265000000000003       245202.87952968173
0.022750000000000006      199932.81137427804
0.022800000000000036      216711.12134617346
0.022900000000000004      228877.6115205956
0.02295000000000002       210666.48088651564
0.023050000000000008      191075.89193286223
0.02310000000000001       187650.3209590916
0.023200000000000005      198871.88152620717
0.023250000000000028      186373.17792719166
0.023349999999999996      158021.9116750339
0.023400000000000025      149811.4821851534
0.023499999999999993      141142.7685242537
0.02355                   141322.41327875582
0.023649999999999997      161923.15548395278
0.023700000000000027      157171.03143137373
0.0238                    146006.3230844971
0.023850000000000003      165761.8299763041
0.02395                   203999.56613116886
0.024000000000000007      219283.72696480516
0.024099999999999996      258311.46197555138
0.02415000000000002       273067.3279502298
0.02425                   298012.9285375691
0.024300000000000002      309088.57441453513
0.02439999999999999       342196.1973322379
0.02445000000000002       354999.2860379397
0.024549999999999995      381896.94601144583
0.024600000000000018      385219.80637551664
0.0247                    391261.07225297915
0.024750000000000022      397531.3561529783
0.024849999999999997      421239.89470645733
0.024900000000000012      440667.1980837947
0.024999999999999988      491214.2476333664
0.025050000000000017      497275.0517375773
0.025149999999999992      478902.04591952375
0.025200000000000014      557390.6579950516
0.025299999999999996      774622.4965054624
0.02535000000000001       793074.5982641927
0.025449999999999987      845982.4182494996
0.02550000000000003       1010458.2110908158
0.025599999999999984      1361714.7547937483
0.025650000000000013      1452494.0962884757
0.02574999999999998       1714010.0523748908
0.02580000000000001       1933009.425398518
0.025899999999999992      2342489.622409785
0.02595000000000002       2513855.551203096
0.02604999999999999       2970069.3659825413
0.026100000000000026      3244702.4278168967
0.026199999999999987      3634845.170830992
0.026250000000000023      3939143.2533171163
0.02634999999999999       4584350.623093515
0.02640000000000002       5032642.760043416
0.02649999999999999       5786374.393785692
0.02655000000000001       6239417.833282113
0.02664999999999998       7012902.489304105
0.026700000000000015      7634936.629561867
0.026799999999999977      9154312.875578715
0.026850000000000013      9810240.648955224
0.02694999999999998       1.0842463212660521E7
0.02700000000000003       1.1897928386778826E7
0.027099999999999985      1.4125058462473366E7
0.02715000000000002       1.5135684973710813E7
0.027249999999999983      1.774348044411089E7
0.027300000000000012      1.8602430460502516E7
0.027399999999999987      2.1553064696434744E7
0.027450000000000016      2.3501995259699736E7
0.027549999999999984      2.698108649498653E7
0.02760000000000002       2.8908994985690363E7
0.02769999999999998       3.2463917060584098E7
0.02775000000000003       3.495412303853405E7
0.02784999999999998       3.911512840594635E7
0.027900000000000022      4.114708890539215E7
0.027999999999999997      4.569308277354073E7
0.02803333333333336       4.818387297522255E7
0.028100000000000007      5.2257883697505236E7
0.02813333333333337       5.436840702645612E7
0.028199999999999996      5.8640162628322616E7
0.02823333333333336       6.06260917931423E7
0.028300000000000006      6.464494558127858E7
0.028333333333333356      6.644164690787547E7
0.028399999999999995      7.019876560851124E7
0.028433333333333352      7.212937674291278E7
0.028500000000000004      7.617846248514116E7
0.028533333333333376      7.841558498672572E7
0.028600000000000007      8.29176142536071E7
0.028633333333333365      8.509091669699681E7
0.028700000000000003      8.934108455506277E7
0.028733333333333354      9.097074786538303E7
0.028800000000000006      9.422165278520192E7
0.02883333333333335       9.535949610678086E7
0.028900000000000002      9.780997242780241E7
0.028933333333333366      9.89740965265954E7
0.029000000000000005      1.0148968057942098E8
0.029033333333333376      1.0298625074265741E8
0.029099999999999994      1.0600866831178969E8
0.02913333333333336       1.0763111011857373E8
0.029200000000000004      1.1077857063182196E8
0.029233333333333347      1.1211745032134816E8
0.029300000000000007      1.1471459638435619E8
0.029333333333333343      1.1558729152984722E8
0.029399999999999996      1.1735311401219718E8
0.029433333333333353      1.1787377395141998E8
0.029500000000000005      1.1899362214547795E8
0.029533333333333356      1.1937302436177336E8
0.029599999999999994      1.2021379320299356E8
0.029633333333333338      1.2063153328521618E8
0.029699999999999997      1.2151297974460298E8
0.02973333333333334       1.2200836266361031E8
0.029799999999999993      1.229727037394419E8
0.029833333333333344      1.2338415139566852E8
0.029899999999999996      1.2412854613305235E8
0.029933333333333347      1.2422830896265003E8
0.030000000000000006      1.2436598971317086E8
0.030033333333333342      1.2410700899927896E8
0.030099999999999995      1.2357187105854914E8
0.03013333333333333       1.230884795860487E8
0.030199999999999998      1.221393777760867E8
0.030233333333333348      1.2147026072538981E8
0.0303                    1.2017322011477433E8
0.030333333333333337      1.1919987229650931E8
0.030400000000000003      1.1726672370037968E8
0.03043333333333334       1.1591557890464926E8
0.030500000000000006      1.1318856957669634E8
0.03053333333333333       1.1163095825992258E8
0.030599999999999995      1.0850758904581383E8
0.030633333333333346      1.0701948294966887E8
0.030699999999999998      1.0409894542844057E8
0.030733333333333335      1.0272609338231553E8
0.0308                    1.0006702080336058E8
0.030833333333333338      9.857063674365422E7
0.030899999999999997      9.56230980281667E7
0.03093333333333334       9.38336538316837E7
0.030999999999999986      9.024348590116246E7
0.031033333333333343      8.83528159948147E7
0.03109999999999999       8.457718810156874E7
0.031133333333333332      8.293831430525307E7
0.03119999999999999       7.975184141448085E7
0.031233333333333335      7.838692664516762E7
0.031299999999999994      7.579275981905767E7
0.03133333333333333       7.429123176158346E7
0.0314                    7.137421671382406E7
0.031433333333333334      6.93907947734096E7
0.0315                    6.543889360093925E7
0.03153333333333332       6.315474984367287E7
0.03159999999999999       5.8621692473383486E7
0.031633333333333326      5.653870793023938E7
0.03169999999999999       5.249317422259325E7
0.031733333333333315      5.080564297691358E7
0.031799999999999995      4.7588196954827406E7
0.03183333333333333       4.601792482121498E7
0.0319                    4.298743545929631E7
0.031933333333333334      4.124857306925301E7
0.032                     3.665626400586474E7
0.03223333333333336       2.8651572777383428E7
0.032700000000000014      1.5778079519515572E7
0.03293333333333331       1.2244063383039739E7
0.033400000000000006      6617642.154591125
0.033633333333333355      5301884.586800197
0.03410000000000001       3133203.1301801237
0.034333333333333264      2541511.195373438
0.03479999999999999       1477456.515920543
0.0350333333333333        1387780.9737346596
0.03550000000000001       1382795.708383958
0.03573333333333332       1333994.3578003177
0.0362                    1046368.0370391306
0.03643333333333341       1010150.0633570269
0.03690000000000001       967541.0472406434
0.0371333333333334        626563.9252356091
0.037600000000000015      244549.0335324651
0.03783333333333332       241898.80843439058
0.03830000000000001       304953.7643271028
0.038533333333333315      212281.9904645226
0.039000000000000014      97090.53208498374
0.03923333333333338       43311.60311293007
0.039700000000000006      7281.793428572112
0.039933333333333314      22527.99929699803
0.04040000000000001       71224.59382841719
0.040633333333333375      97148.70677692797
0.04110000000000002       173902.20137351903
0.04133333333333331       220510.32833583746
0.04180000000000001       371295.57354051754
0.04203333333333326       416944.44566207996
0.04250000000000002       439667.01561437064
0.04273333333333331       371925.4728052784
0.04320000000000002       343690.21426815516
0.04343333333333333       302845.26717306586
0.043900000000000015      185460.53023912167
0.04413333333333338       110656.37316572301
0.04460000000000002       37778.5838643037
0.044833333333333315      15229.844294150804
0.045300000000000014      182673.14312616762
0.04553333333333338       239928.505194642
0.04600000000000002       319477.99710246036
0.04623333333333338       400005.7902716304
0.046700000000000026      704267.4924309999
0.04693333333333339       718082.4763769254
0.04740000000000003       658404.5043245552
0.04763333333333334       424238.2929560843
0.04810000000000004       129147.01349355977
0.0483333333333334        94258.84252789516
0.048800000000000045      41700.78879618631
0.049033333333333325      3177.229528770466
0.04950000000000002       51113.650749387074
0.049733333333333345      45268.655839695726
0.05020000000000004       59459.06938732566
0.05043333333333338       108271.42527071836
0.05090000000000005       209182.77923133105
0.05113333333333334       186036.47331931136
0.05160000000000004       197915.73612871044
0.051833333333333405      279705.4625157947
0.05230000000000005       375227.2236723882
0.05253333333333341       280738.7561875634
0.053000000000000054      233026.98678438395
0.05323333333333342       240709.42032442449
0.05370000000000006       239850.09208681644
0.05393333333333345       119610.80998116148
0.054400000000000066      1185.07567553269
0.05463333333333336       1508.1883413516553
0.05510000000000006       15105.085205481528
0.055333333333333436      6820.721269816259
0.05580000000000008       194655.35699290404
0.056033333333333386      188338.53524543467
0.05650000000000007       200477.4503808478
0.05673333333333339       138067.26869235106
0.05720000000000008       195989.28812190777
0.05743333333333344       253744.72826355556
0.05790000000000007       298629.3443515541
0.05813333333333335       431886.69253682595
0.05860000000000006       745937.9879853574
0.0588333333333334        597818.0454529786
0.05930000000000008       310790.8895233104
0.05953333333333339       133728.03177678926
0.05999999999999999       8147.70793847492
