0                         2380.8919971407136
0.02999999999882262       3655.171573477635
0.0599999999988243        8835.090200329012
0.08999999999882596       15458.470539738804
0.11999999999882759       24113.75880000675
0.1499999999988293        35512.791052518485
0.17999999999883098       48707.81513188871
0.20999999999883262       66440.58150987324
0.23999999999883428       82794.29902975522
0.26999999999883584       103193.95372901316
0.2999999999988376        130603.5129465573
0.32999999999883933       162771.95041040445
0.3599999999988409        193571.37902956997
0.38999999999884255       223281.22952463134
0.4199999999988442        254115.2077829522
0.449999999998846         289042.1281217792
0.4799999999988477        327354.9403323618
0.5099999999988492        373058.2843327453
0.5399999999988506        414987.2548258175
0.5699999999988523        470929.1713922846
0.5999999999988542        526580.6103479366
0.6299999999988559        578240.3711633617
0.6599999999988574        631082.5346603226
0.6899999999988591        683545.3415917946
0.7199999999988607        744667.2091532757
0.7499999999988622        808895.2586574806
0.779999999998864         866191.5584708968
0.8099999999988655        933140.581075135
0.8399999999988674        1001502.05203821
0.869999999998869         1073461.7945396989
0.8999999999988707        1163025.2582692928
0.9299999999988725        1237171.8044825348
0.9599999999988741        1323552.6557006107
0.9899999999988761        1406090.7696242006
1.0199999999988771        1486053.8621394888
1.049999999998879         1579368.2171386972
1.0799999999988805        1672106.336702099
1.1099999999988828        1750293.1057011008
1.1399999999988837        1838244.396728854
1.1699999999988857        1937626.2011835696
1.1999999999988875        2049470.6438332994
1.2299999999988893        2158254.9564596377
1.259999999998891         2271714.3630238273
1.2899999999988925        2363998.2979497714
1.3199999999988938        2466367.6861241343
1.3499999999988959        2585403.8628164204
1.3799999999988972        2701089.1923448835
1.4099999999988995        2810163.6497237873
1.439999999998901         2918666.736396973
1.4699999999989029        3042784.4421401154
1.4999999999989047        3184530.911570624
1.5299999999989058        3317666.8329836596
1.5599999999989071        3453471.771122513
1.5899999999989096        3591550.421329027
1.6199999999989112        3711420.4014363852
1.6499999999989126        3843810.97375882
1.6799999999989144        3956864.056922478
1.7099999999989164        4087970.734781794
1.739999999998918         4230347.316908403
1.7699999999989193        4385479.133628886
1.799999999998921         4547554.675667518
1.8299999999989234        4709425.396704839
1.8599999999989245        4864023.665835043
1.8899999999989259        5009579.067339509
1.9199999999989283        5151089.262242047
1.9499999999989301        5315526.133690283
1.9799999999989317        5457596.244865543
2.0099999999989326        5622399.643519827
2.039999999998934         5797335.699208046
2.0699999999989362        5971043.5682642255
2.0999999999989387        6163510.659286915
2.1299999999989394        6339945.72663923
2.1599999999989414        6488184.970118586
2.189999999998943         6640082.443011529
2.2199999999989455        6803847.775052748
2.2499999999989475        6996849.594705571
2.2799999999989473        7182069.711762305
2.3099999999989507        7347786.46170998
2.3399999999989514        7541374.033159027
2.369999999998954         7737487.506817877
2.3999999999989545        7964053.925190172
2.429999999998957         8165116.911105026
2.4599999999989595        8344529.258985744
2.4899999999989597        8523485.527812306
2.5199999999989613        8714651.303402396
2.5499999999989633        8899017.501098702
2.579999999998965         9095540.968076656
2.6099999999989665        9297753.589602755
2.6399999999989676        9503535.768461565
2.66999999999897          9705274.664875438
2.6999999999989726        9935981.552174522
2.7299999999989732        1.0147497464490695E7
2.7599999999989757        1.0357982650364257E7
2.789999999998977         1.0569018454189185E7
2.8199999999989798        1.0781868513264392E7
2.8499999999989813        1.1004609755765632E7
2.8799999999989825        1.1218983596604928E7
2.9099999999989836        1.142917866141667E7
2.939999999998986         1.1650081426589206E7
2.969999999998987         1.1870859239845429E7
2.999999999998988         1.2121163547841456E7
3.0299999999989904        1.2365788914379528E7
3.059999999998993         1.2574219373900991E7
3.0899999999989936        1.2815421026009459E7
3.119999999998996         1.304174081981723E7
3.1499999999989967        1.3272039113495775E7
3.179999999999            1.3481177054603642E7
3.2099999999990008        1.3682700143543532E7
3.239999999999002         1.3916869161546273E7
3.269999999999005         1.4203475989942743E7
3.2999999999990064        1.448545217713996E7
3.329999999999008         1.4745647070443826E7
3.3599999999990096        1.4974266214195162E7
3.3899999999990107        1.5210360754641108E7
3.419999999999013         1.5433253676282898E7
3.449999999999014         1.5681121261333121E7
3.4799999999990163        1.5926188413488679E7
3.5099999999990175        1.6161295943897236E7
3.5399999999990204        1.641787146489779E7
3.5699999999990215        1.6693046178375673E7
3.5999999999990226        1.6966156979674894E7
3.629999999999024         1.723993955064128E7
3.6599999999990267        1.7483764338183478E7
3.6899999999990274        1.77212314789147E7
3.71999999999903          1.7962252421476483E7
3.749999999999031         1.821324077917097E7
3.779999999999034         1.8491504698547844E7
3.809999999999036         1.8748528157331903E7
3.839999999999036         1.9031420656532105E7
3.8699999999990373        1.9331684780530892E7
3.8999999999990393        1.9629386262243796E7
3.929999999999041         1.9891852215610586E7
3.9599999999990425        2.0145703426668897E7
3.9899999999990445        2.0382058683758773E7
4.019999999999046         2.0633343851432774E7
4.049999999999047         2.0896811906974778E7
4.079999999999051         2.1168258550016664E7
4.109999999999051         2.143484369470095E7
4.139999999999055         2.1752391219985314E7
4.169999999999054         2.2059549315172117E7
4.199999999999058         2.234829143684804E7
4.229999999999058         2.2617580483014613E7
4.259999999999061         2.286938117229742E7
4.289999999999062         2.3144179668672603E7
4.319999999999063         2.344549325131702E7
4.349999999999066         2.372610546935903E7
4.379999999999068         2.400326787954649E7
4.4099999999990676        2.426542265541542E7
4.43999999999907          2.4550592762925256E7
4.469999999999073         2.486101676700348E7
4.499999999999072         2.5159036393658776E7
4.529999999999075         2.547141370132872E7
4.559999999999079         2.5739757550194796E7
4.589999999999078         2.600021253354936E7
4.619999999999082         2.6281516941395678E7
4.649999999999081         2.6573002501291286E7
4.679999999999083         2.685049727350109E7
4.709999999999085         2.713308080388726E7
4.739999999999086         2.741893753176435E7
4.769999999999089         2.7748074198425964E7
4.799999999999091         2.8075460362515904E7
4.829999999999094         2.8393703790323343E7
4.8599999999990935        2.8666538969070755E7
4.8899999999990955        2.8944005222835127E7
4.919999999999097         2.9230878247554857E7
4.949999999999102         2.9512388722430594E7
4.9799999999991           2.9789101639719445E7
5.009999999999101         3.0075824175084174E7
5.039999999999106         3.0371975667228233E7
5.069999999999106         3.0695174021147866E7
5.099999999999107         3.1009041617562994E7
5.129999999999108         3.1316165000361066E7
5.15999999999911          3.160420049825541E7
5.189999999999112         3.189544199803076E7
5.2199999999991125        3.2192956775832124E7
5.2499999999991145        3.2451553383430112E7
5.279999999999118         3.273482159027955E7
5.30999999999912          3.3047506224891633E7
5.339999999999121         3.3382106367442604E7
5.369999999999122         3.3722010694508225E7
5.399999999999127         3.4053883616230585E7
5.429999999999126         3.433543850411267E7
5.459999999999129         3.458547233539875E7
5.489999999999129         3.48303346090339E7
5.519999999999133         3.511695697653256E7
5.549999999999132         3.540571936435576E7
5.579999999999134         3.5716466663436614E7
5.609999999999136         3.6015408036019355E7
5.639999999999137         3.634247814867811E7
5.669999999999142         3.669812603856468E7
5.699999999999141         3.7021351138236865E7
5.729999999999144         3.7301496885558985E7
5.759999999999145         3.756855644250645E7
5.7899999999991465        3.782843578292834E7
5.819999999999148         3.813138888770825E7
5.84999999999915          3.84293434350467E7
5.87999999999915          3.872220039938447E7
5.909999999999154         3.90195653093408E7
5.939999999999152         3.931744664266418E7
5.969999999999155         3.9645486275639035E7
5.999999999999159         3.9948684419229165E7
6.02999999999916          4.022220450827672E7
6.059999999999162         4.0499224796082996E7
6.089999999999163         4.0782675793865174E7
6.119999999999165         4.1054662893627115E7
6.149999999999167         4.134819842060659E7
6.179999999999168         4.164871674048129E7
6.209999999999169         4.196278639992411E7
6.239999999999171         4.2275393703345716E7
6.269999999999174         4.259812283581891E7
6.2999999999991765        4.2882993595392756E7
6.329999999999176         4.316308931824848E7
6.359999999999178         4.3434436787200525E7
6.389999999999181         4.370855230951045E7
6.419999999999183         4.399355025384091E7
6.449999999999184         4.427143069885714E7
6.479999999999186         4.452335595396319E7
6.509999999999187         4.479466724421715E7
6.53999999999919          4.5091278816550136E7
6.569999999999189         4.542322930491223E7
6.5999999999991905        4.573473275044751E7
6.629999999999193         4.6020006819216266E7
6.659999999999194         4.629935128224651E7
6.689999999999197         4.656930490563031E7
6.719999999999199         4.6850527548153825E7
6.749999999999201         4.711454231151061E7
6.779999999999203         4.73591319765651E7
6.809999999999203         4.762211144652238E7
6.839999999999206         4.7928030913340814E7
6.86999999999921          4.8242402302384E7
6.899999999999209         4.85365348116454E7
6.929999999999211         4.8785765299604736E7
6.959999999999214         4.902546795389811E7
6.989999999999212         4.924967237344985E7
7.019999999999214         4.95056778792181E7
7.049999999999217         4.977397315089895E7
7.079999999999218         5.0057385861030914E7
7.109999999999223         5.03587588135407E7
7.1399999999992225        5.066226645153994E7
7.169999999999223         5.094954565052574E7
7.199999999999227         5.123034879074403E7
7.229999999999228         5.14713999190184E7
7.259999999999231         5.169863466239754E7
7.289999999999231         5.1915013749318674E7
7.319999999999235         5.21455681526242E7
7.349999999999237         5.238730486454128E7
7.379999999999235         5.263739556577298E7
7.409999999999237         5.292056801650952E7
7.439999999999241         5.3219114382690296E7
7.469999999999242         5.350244476705528E7
7.499999999999244         5.37555442729982E7
7.529999999999244         5.3968557116482325E7
7.559999999999248         5.4167495807581425E7
7.589999999999248         5.440536931119247E7
7.619999999999249         5.465557490279772E7
7.64999999999925          5.490065732565519E7
7.679999999999253         5.514268096307321E7
7.709999999999254         5.541419559004758E7
7.739999999999258         5.5678786694768995E7
7.769999999999258         5.593246755103248E7
7.799999999999261         5.614669259987597E7
7.829999999999261         5.633327921751585E7
7.859999999999261         5.652911763021846E7
7.889999999999264         5.675395434266819E7
7.9199999999992645        5.698577201302353E7
7.949999999999272         5.722078269881791E7
7.979999999999269         5.7430107531246744E7
8.009999999999273         5.765393202500701E7
8.039999999999274         5.7890281033425674E7
8.069999999999272         5.813776647361164E7
8.099999999999277         5.838764734976136E7
8.12999999999928          5.8602534681623496E7
8.159999999999277         5.879367807467371E7
8.189999999999282         5.898589965037826E7
8.219999999999281         5.9172723131039634E7
8.249999999999284         5.9364508782156594E7
8.279999999999287         5.955997690596904E7
8.309999999999286         5.975773917191597E7
8.339999999999291         5.998321759211209E7
8.36999999999929          6.02094477022647E7
8.399999999999293         6.041496391669388E7
8.429999999999293         6.0586141728781424E7
8.459999999999294         6.0772504072877474E7
8.489999999999299         6.096218046464488E7
8.519999999999305         6.114058920759153E7
8.5499999999993           6.1315854039117955E7
8.579999999999304         6.150270568303271E7
8.609999999999307         6.170576363170412E7
8.639999999999304         6.19343860074896E7
8.669999999999312         6.213762888579749E7
8.699999999999312         6.231253960182024E7
8.729999999999311         6.245661469100887E7
8.759999999999314         6.25994529933077E7
8.789999999999313         6.274692820962843E7
8.819999999999318         6.2891096441796854E7
8.849999999999321         6.304045813236072E7
8.879999999999319         6.320846543452662E7
8.909999999999318         6.340283210236843E7
8.939999999999323         6.362201267709608E7
8.969999999999327         6.382220837939955E7
8.999999999999329         6.397243164707486E7
9.029999999999328         6.408282795676868E7
9.059999999999334         6.41829036926011E7
9.089999999999337         6.4308360234760106E7
9.119999999999331         6.446050796129908E7
9.149999999999338         6.4635199536217205E7
9.179999999999339         6.479102733801026E7
9.209999999999338         6.4950196102830835E7
9.239999999999341         6.5116052039401315E7
9.269999999999344         6.525653950618892E7
9.299999999999343         6.5360529716339044E7
9.329999999999345         6.545025248856677E7
9.359999999999348         6.5541085667812586E7
9.389999999999345         6.566015925400214E7
9.419999999999352         6.578141001016968E7
9.449999999999353         6.591497730007364E7
9.479999999999356         6.605583745040502E7
9.509999999999353         6.620675074345052E7
9.53999999999936          6.6359456200237215E7
9.569999999999359         6.648347275059259E7
9.599999999999357         6.65782379466198E7
9.629999999999363         6.6666882867854096E7
9.659999999999362         6.674950749283617E7
9.689999999999362         6.6839857254787706E7
9.71999999999937          6.6926798208678015E7
9.749999999999371         6.70037624321967E7
9.779999999999367         6.7095918384697594E7
9.809999999999373         6.720580860618378E7
9.839999999999373         6.732044472327437E7
9.869999999999376         6.741566938195407E7
9.899999999999377         6.749940932819064E7
9.92999999999938          6.756897973314832E7
9.959999999999384         6.76448858436532E7
9.989999999999386         6.773931198760876E7
10.019999999999383        6.783154168323523E7
10.049999999999386        6.789404001906888E7
10.079999999999385        6.794817750282851E7
10.109999999999392        6.801451580233651E7
10.139999999999391        6.8109000978765E7
10.169999999999394        6.819226629544747E7
10.199999999999395        6.824851821727842E7
10.229999999999404        6.827722308565003E7
10.259999999999398        6.829761954745218E7
10.289999999999399        6.833048839392382E7
10.319999999999405        6.837157474291693E7
10.349999999999403        6.841280131303051E7
10.379999999999406        6.847669832368702E7
10.409999999999409        6.855995650816748E7
10.439999999999408        6.864560718415104E7
10.469999999999411        6.871069041897511E7
10.499999999999416        6.874118476790771E7
10.529999999999413        6.874453522031648E7
10.55999999999941         6.87371187937685E7
10.58999999999942         6.874006162011908E7
10.619999999999422        6.874649793703762E7
10.64999999999942         6.87714382610378E7
10.679999999999424        6.881593790864271E7
10.709999999999425        6.886038041158485E7
10.739999999999425        6.889472241018844E7
10.769999999999428        6.891056091563492E7
10.799999999999429        6.889173957235138E7
10.82999999999943         6.886807521021688E7
10.859999999999431        6.88518343466687E7
10.889999999999437        6.885455373628733E7
10.919999999999439        6.886347579292332E7
10.949999999999434        6.887288022142296E7
10.97999999999944         6.889496836579019E7
11.00999999999944         6.893122983120158E7
11.039999999999438        6.895702816243543E7
11.069999999999444        6.894757315248981E7
11.099999999999444        6.888400432873811E7
11.12999999999945         6.88037233552436E7
11.159999999999451        6.874754006271887E7
11.18999999999945         6.87183877704653E7
11.219999999999452        6.870029770606045E7
11.249999999999453        6.868414674463807E7
11.279999999999454        6.867242803473002E7
11.309999999999455        6.866321420610736E7
11.339999999999456        6.865390982450034E7
11.36999999999946         6.862271657889141E7
11.399999999999462        6.856723699181923E7
11.42999999999946         6.850844168854193E7
11.45999999999947         6.845716174432682E7
11.489999999999467        6.840791521434823E7
11.519999999999468        6.836093227620077E7
11.549999999999471        6.830109389258756E7
11.579999999999472        6.823634566284999E7
11.609999999999474        6.817187672914234E7
11.639999999999478        6.811642721737766E7
11.669999999999478        6.805860265200633E7
11.699999999999484        6.798716491659941E7
11.729999999999482        6.791077187812075E7
11.759999999999481        6.783522472905472E7
11.789999999999484        6.775411553720763E7
11.819999999999485        6.767644861570883E7
11.849999999999493        6.760003436965911E7
11.879999999999487        6.753564089832902E7
11.90999999999949         6.748468322779918E7
11.939999999999491        6.742547327483654E7
11.969999999999496        6.73371138085205E7
11.999999999999497        6.72188234711487E7
12.029999999999502        6.7096761827020295E7
12.059999999999503        6.698396234734854E7
12.089999999999497        6.6876317803792745E7
12.119999999999504        6.676535931429036E7
12.149999999999501        6.665284311113653E7
12.179999999999508        6.6558843225349784E7
12.209999999999507        6.648848899577456E7
12.23999999999951         6.640956334029688E7
12.269999999999511        6.630747040575262E7
12.29999999999951         6.617548750156283E7
12.329999999999517        6.6029303364090085E7
12.35999999999952         6.5884702612238094E7
12.389999999999516        6.5752432650845885E7
12.41999999999952         6.5634225912926055E7
12.449999999999523        6.552307920225702E7
12.47999999999952         6.541806033309352E7
12.509999999999525        6.532142298576655E7
12.539999999999525        6.520657532382932E7
12.569999999999526        6.5058948559194185E7
12.599999999999534        6.488084409781733E7
12.629999999999534        6.469009378791934E7
12.659999999999531        6.451236834287316E7
12.689999999999536        6.4364305546313606E7
12.719999999999537        6.423936097525589E7
12.749999999999538        6.4120649312541E7
12.77999999999954         6.400458574183088E7
12.80999999999954         6.388010460453402E7
12.839999999999542        6.3732907554216705E7
12.869999999999543        6.356216516026199E7
12.89999999999955         6.3374653502716325E7
12.929999999999552        6.3188954468906894E7
12.959999999999551        6.3019331158682905E7
12.989999999999553        6.284842118196344E7
13.019999999999552        6.267387596368592E7
13.049999999999555        6.2501563151262715E7
13.079999999999556        6.234067194392434E7
13.109999999999559        6.2183760207778744E7
13.139999999999562        6.201118149077301E7
13.169999999999565        6.182008980556782E7
13.199999999999564        6.162105014585205E7
13.229999999999565        6.142375964976757E7
13.259999999999568        6.1242233275397785E7
13.28999999999957         6.1066481087067224E7
13.319999999999572        6.088496981898889E7
13.349999999999572        6.069827686059625E7
13.379999999999576        6.05130191854417E7
13.409999999999574        6.03300398848743E7
13.439999999999575        6.014033584889021E7
13.469999999999581        5.993491176096936E7
13.499999999999583        5.971164162804075E7
13.52999999999958         5.948521566994314E7
13.559999999999587        5.927098134637328E7
13.58999999999959         5.906254022585581E7
13.619999999999585        5.885112103537035E7
13.64999999999959         5.863890246869529E7
13.679999999999588        5.8430814345510915E7
13.70999999999959         5.823665447623412E7
13.739999999999597        5.804471225691954E7
13.769999999999598        5.783788666511945E7
13.799999999999597        5.7610746972086E7
13.829999999999602        5.737396496437617E7
13.859999999999602        5.713601451602992E7
13.889999999999604        5.689746722023944E7
13.919999999999602        5.6664750754905365E7
13.949999999999607        5.64484965194009E7
13.97999999999961         5.6241263065930896E7
14.009999999999607        5.602939229766815E7
14.03999999999961         5.579683149036085E7
14.069999999999617        5.5538981968662985E7
14.09999999999961         5.526773092127197E7
14.129999999999615        5.500213701104428E7
14.159999999999616        5.475173800199653E7
14.189999999999614        5.45137648836699E7
14.21999999999962         5.428835880480616E7
14.249999999999623        5.407433553967137E7
14.279999999999626        5.3863848944620855E7
14.309999999999627        5.364654778607791E7
14.339999999999627        5.340448362283878E7
14.36999999999963         5.312972786024062E7
14.39999999999963         5.283886236438827E7
14.429999999999634        5.255049016250757E7
14.459999999999635        5.227948716677452E7
14.489999999999636        5.202200549374585E7
14.51999999999964         5.176939794920051E7
14.54999999999964         5.1521957739410445E7
14.57999999999964         5.128201567516039E7
14.609999999999644        5.10446338743321E7
14.639999999999645        5.079392034503848E7
14.669999999999648        5.051768707502221E7
14.699999999999646        5.0231106217595525E7
14.72999999999965         4.99513728403615E7
14.759999999999652        4.968512374853724E7
14.789999999999653        4.942979757381072E7
14.819999999999654        4.9175326145936854E7
14.849999999999657        4.891474375726497E7
14.879999999999658        4.864783178848867E7
14.909999999999663        4.8372103576100044E7
14.939999999999662        4.808316303226523E7
14.969999999999667        4.7786945143508986E7
14.999999999999666        4.749568981263477E7
15.029999999999667        4.7212575897939175E7
15.059999999999667        4.693607121585195E7
15.089999999999668        4.6663452809674226E7
15.11999999999967         4.639077455731362E7
15.14999999999967         4.612200830537525E7
15.179999999999673        4.5856731934222594E7
15.20999999999967         4.559042515623046E7
15.239999999999673        4.5314876295383394E7
15.269999999999671        4.502599535913484E7
15.29999999999968         4.472977381040956E7
15.329999999999677        4.44330608205944E7
15.359999999999674        4.413724287663222E7
15.38999999999968         4.384139567006616E7
15.419999999999675        4.354418057368065E7
15.449999999999678        4.3255113884840064E7
15.47999999999968         4.297932656479511E7
15.50999999999968         4.270603014154125E7
15.539999999999681        4.242036733302374E7
15.56999999999968         4.211901816284612E7
15.599999999999683        4.1812830505229935E7
15.62999999999969         4.151379255153772E7
15.659999999999688        4.122627393221278E7
15.689999999999687        4.094399072225818E7
15.719999999999693        4.0659532161958426E7
15.749999999999687        4.037746646448934E7
15.77999999999969         4.009849541590497E7
15.809999999999686        3.981286518483946E7
15.83999999999969         3.951365300442481E7
15.869999999999694        3.919702757466366E7
15.899999999999695        3.8870858152489506E7
15.92999999999969         3.854759331971704E7
15.959999999999694        3.8236694498832576E7
15.989999999999695        3.79431307992977E7
16.019999999999698        3.766510237661822E7
16.0499999999997          3.739650808349596E7
16.079999999999693        3.7128287291047044E7
16.10999999999969         3.68478427264105E7
16.139999999999702        3.654875636347095E7
16.169999999999696        3.623146810365603E7
16.1999999999997          3.590737443387023E7
16.229999999999706        3.559201504604478E7
16.2599999999997          3.528995113256E7
16.289999999999704        3.499638960756387E7
16.319999999999705        3.4707626272544704E7
16.349999999999707        3.44224721954793E7
16.379999999999704        3.4134570036338195E7
16.40999999999971         3.383592520709507E7
16.43999999999971         3.3524795110485926E7
16.46999999999971         3.320670922012487E7
16.499999999999716        3.2895254779163606E7
16.52999999999971         3.2599273197127882E7
16.559999999999707        3.2312096334652964E7
16.589999999999712        3.2024838174247377E7
16.61999999999971         3.1734359589399204E7
16.649999999999714        3.1445174787936896E7
16.679999999999715        3.115780694321015E7
16.709999999999717        3.0865395097605094E7
16.739999999999718        3.0562917177717336E7
16.769999999999715        3.0251777927447047E7
16.79999999999972         2.994023751822758E7
16.829999999999718        2.963740052673757E7
16.85999999999972         2.9342681263649926E7
16.889999999999723        2.905226612224772E7
16.919999999999714        2.876235835224351E7
16.949999999999726        2.8471665258866105E7
16.979999999999727        2.8182835811046228E7
17.009999999999724        2.7895256758376397E7
17.039999999999726        2.7604598846222922E7
17.06999999999973         2.730940041221253E7
17.099999999999728        2.701469934063579E7
17.129999999999725        2.6724340292347737E7
17.159999999999723        2.643629260680763E7
17.189999999999735        2.614898384148836E7
17.219999999999736        2.58623928223139E7
17.249999999999726        2.5577524427048177E7
17.27999999999973         2.5295402603395455E7
17.309999999999743        2.5010351039831486E7
17.339999999999737        2.4717500418661803E7
17.369999999999738        2.441851166963902E7
17.399999999999736        2.4120157473154202E7
17.42999999999974         2.382770004335493E7
17.459999999999734        2.3541847774723403E7
17.48999999999974         2.326348924396529E7
17.51999999999974         2.2995493518654946E7
17.549999999999738        2.273607999351909E7
17.579999999999742        2.247750387004213E7
17.60999999999974         2.2207944938084897E7
17.639999999999738        2.192167969956103E7
17.66999999999974         2.162519794185845E7
17.699999999999743        2.1330177902565796E7
17.72999999999974         2.1044410464639574E7
17.75999999999974         2.0769124818022635E7
17.789999999999747        2.0501734180947684E7
17.819999999999744        2.0238264944025494E7
17.84999999999975         1.997722251341782E7
17.87999999999975         1.9716932944129195E7
17.909999999999748        1.94511117447426E7
17.939999999999753        1.917625793448094E7
17.969999999999754        1.889677751929036E7
17.99999999999975         1.8620482206925243E7
18.02999999999976         1.835496785598248E7
18.059999999999757        1.8100235882241126E7
18.089999999999755        1.7850917133012034E7
18.119999999999745        1.7602317270768087E7
18.149999999999757        1.7352141611824807E7
18.179999999999758        1.70983897612652E7
18.209999999999763        1.6837826867537435E7
18.23999999999976         1.6569718295625966E7
18.26999999999976         1.6300260050930595E7
18.299999999999763        1.6036440222536499E7
18.329999999999764        1.5782075075302664E7
18.359999999999765        1.5536101202746214E7
18.389999999999766        1.5294899712538233E7
18.41999999999977         1.505657155887431E7
18.44999999999977         1.4819374470447272E7
18.479999999999766        1.458033490602197E7
18.509999999999767        1.4337550904927386E7
18.539999999999768        1.4093141111945147E7
18.569999999999773        1.3851225186833937E7
18.59999999999977         1.361394489397955E7
18.629999999999775        1.3380457500046808E7
18.65999999999977         1.314729203614901E7
18.68999999999977         1.2911945761812365E7
18.71999999999978         1.2677053504666913E7
18.749999999999773        1.2445538908284917E7
18.779999999999777        1.2217392221742634E7
18.809999999999782        1.1989863419277139E7
18.83999999999977         1.1761058134737292E7
18.869999999999788        1.1532641992522255E7
18.899999999999782        1.1308799450361513E7
18.92999999999978         1.1092125808546117E7
18.959999999999788        1.0881092823151806E7
18.98999999999978         1.0672070114746457E7
19.019999999999783        1.046482648440491E7
19.049999999999788        1.0259688982710484E7
19.079999999999785        1.0054215198083157E7
19.109999999999783        9844520.39437358
19.13999999999979         9628986.70533716
19.16999999999979         9410953.92745724
19.199999999999786        9196218.443562174
19.229999999999787        8988808.880391654
19.259999999999792        8789016.769546365
19.28999999999979         8595617.965919884
19.31999999999979         8407557.828232061
19.349999999999792        8222500.769993635
19.379999999999793        8037408.71822102
19.409999999999794        7849918.368315049
19.439999999999795        7658890.580323316
19.46999999999979         7466860.588930728
19.499999999999797        7277337.774075268
19.529999999999795        7092488.687604877
19.559999999999796        6913111.174874376
19.589999999999794        6738990.841077051
19.61999999999981         6568948.334944957
19.649999999999793        6400307.6119019175
19.6799999999998          6229414.752657115
19.709999999999802        6054764.86432905
19.739999999999796        5877710.947061988
19.7699999999998          5703198.6260127
19.799999999999816        5536448.5583283445
19.8299999999998          5378411.735526441
19.859999999999804        5226270.79379974
19.889999999999816        5076946.323368666
19.919999999999806        4928934.034485474
19.949999999999807        4781303.888795019
19.979999999999816        4632685.387410422
20.009999999999806        4481874.695654235
20.039999999999804        4329941.491864754
20.069999999999812        4180639.5735612996
20.099999999999817        4036835.3508476764
20.12999999999981         3898207.2451316095
20.15999999999982         3763018.5943611627
20.189999999999817        3629589.414394178
20.21999999999982         3497890.524201814
20.24999999999982         3368651.8501518476
20.279999999999816        3241813.078835619
20.309999999999825        3116648.6273385826
20.339999999999826        2993119.4788811384
20.36999999999982         2872297.7726966576
20.39999999999982         2755262.3363466267
20.429999999999822        2641742.283952825
20.459999999999823        2531036.4662252436
20.489999999999828        2422161.735732716
20.519999999999825        2314461.408452721
20.549999999999827        2207852.959322207
20.579999999999824        2102391.1798996027
20.60999999999983         1998280.9425136028
20.639999999999834        1896288.4910204716
20.669999999999824        1797707.2591896057
20.699999999999832        1703257.3921057018
20.729999999999837        1612561.0678357584
20.75999999999983         1524990.4121537649
20.789999999999832        1440342.157213423
20.819999999999837        1358847.945823303
20.849999999999824        1280198.302193763
20.87999999999984         1202846.46759038
20.909999999999837        1125723.5272115627
20.93999999999983         1049262.3576456215
20.969999999999835        974907.3461454882
20.999999999999844        903919.0352397866
21.029999999999834        836673.3623171076
21.059999999999842        772935.9450259336
21.089999999999844        712504.2119636699
21.119999999999834        655121.6036657253
21.14999999999983         600179.3238693036
21.179999999999843        546604.4916423726
21.20999999999984         493979.0066457537
21.239999999999846        443027.5629349357
21.269999999999847        395012.7236160201
21.29999999999984         350859.1064401518
21.329999999999842        310655.63440894865
21.35999999999985         273732.3393927407
21.389999999999844        239269.58596163557
21.419999999999845        206803.53285467924
21.449999999999854        176156.39449662718
21.479999999999848        147284.5277351167
21.50999999999985         120408.00630543144
21.539999999999857        95989.49747677753
21.569999999999855        74524.26644764717
21.599999999999852        56276.91899646988
21.629999999999857        41083.56194879615
21.65999999999986         28633.46919349412
21.689999999999856        18696.758050075547
21.71999999999987         11147.175943494372
21.74999999999986         5947.179556961568
21.77999999999986         3189.431612145207
21.809999999999864        3076.108119007106
21.83999999999986         5729.209838822071
21.86999999999987         11049.449257496333
21.899999999999867        18808.49012496516
21.929999999999865        28908.1318580434
21.959999999999866        41483.60971743407
21.989999999999867        56705.05727910999
22.019999999999868        74658.12293490855
22.04999999999987         95454.2057916868
22.079999999999867        119229.700225815
22.10999999999987         145969.63343509872
22.13999999999987         175352.0424518808
22.169999999999877        206867.68981609753
22.199999999999875        240169.4431299439
22.229999999999873        275438.22700512793
22.259999999999877        313161.0148346995
22.28999999999988         353555.5575806976
22.319999999999872        396546.5333316935
22.34999999999988         442041.611836435
22.379999999999875        490340.3449423164
22.409999999999886        542038.2452208981
22.43999999999988         597305.0842796623
22.469999999999885        655569.7395177147
22.499999999999883        716031.1254721242
22.52999999999988         778249.9923876635
22.55999999999989         842291.7835612706
22.589999999999886        908237.9121984413
22.61999999999988         976278.9416023307
22.64999999999989         1046860.9651763771
22.679999999999886        1120704.9671681179
22.70999999999988         1198273.1772354639
22.73999999999989         1279117.027456966
22.769999999999882        1362053.1124730716
22.799999999999887        1446249.234277882
22.829999999999878        1531655.8152934792
22.859999999999882        1618517.0788655372
22.88999999999989         1707146.4614400482
22.919999999999888        1798451.5191046887
22.94999999999989         1893787.4228148067
22.979999999999894        1994325.6569227488
23.009999999999888        2100182.489573972
23.039999999999885        2209703.421404551
23.06999999999989         2320541.524993527
23.099999999999888        2431073.7231554613
23.129999999999896        2540927.5875546876
23.159999999999883        2650661.7798769535
23.18999999999989         2761116.061481479
23.219999999999892        2873500.8130004467
23.249999999999886        2989768.079732035
23.279999999999895        3111802.2886735913
23.309999999999896        3240075.7680191845
23.339999999999886        3372499.0090818685
23.369999999999887        3505966.4598926664
23.399999999999896        3638764.6972207422
23.429999999999904        3771566.7429162846
23.459999999999898        3906421.02212054
23.489999999999892        4044859.2498507113
23.51999999999989         4186952.706097901
23.549999999999898        4332353.014400593
23.5799999999999          4480902.267411039
23.609999999999904        4631851.7145751
23.639999999999905        4783303.690363284
23.6699999999999          4933783.583199419
23.699999999999903        5083587.652218452
23.729999999999905        5234410.906611086
23.759999999999895        5388342.282065366
23.789999999999903        5546644.030867236
23.819999999999904        5709719.487784757
23.849999999999902        5877683.908961183
23.879999999999903        6050224.3559312355
23.909999999999894        6226139.78364896
23.939999999999902        6403417.602644369
23.969999999999906        6580277.54270633
23.9999999999999          6756330.897717098
24.029999999999898        6932198.343676971
24.059999999999906        7108896.481685483
24.0899999999999          7286963.85140461
24.11999999999991         7466990.994082772
24.149999999999906        7650334.119725892
24.1799999999999          7838308.950987769
24.209999999999905        8030592.7826239085
24.239999999999913        8225306.403790005
24.269999999999907        8420542.58824202
24.299999999999905        8616042.064766167
24.329999999999906        8813034.17787618
24.35999999999991         9012539.331403842
24.38999999999991         9213841.35048633
24.419999999999916        9416241.873037985
24.449999999999903        9621273.49734887
24.479999999999905        9831255.448509581
24.50999999999991         1.0046613589391114E7
24.539999999999907        1.0264733239272747E7
24.569999999999904        1.0481598800140748E7
24.59999999999991         1.0694839396572357E7
24.629999999999914        1.0904708367739758E7
24.659999999999915        1.1113139643461257E7
24.689999999999916        1.1322790539500322E7
24.719999999999917        1.1536569754727252E7
24.749999999999908        1.175757509788952E7
24.77999999999991         1.1987383798462821E7
24.80999999999992         1.222462157237018E7
24.839999999999915        1.2465050442778863E7
24.869999999999923        1.2703698894771459E7
24.899999999999917        1.2937701912072254E7
24.929999999999918        1.3167585397867385E7
24.959999999999916        1.3395750120659163E7
24.98999999999992         1.3625013968252089E7
25.01999999999991         1.385797530560888E7
25.049999999999912        1.4096468353195075E7
25.07999999999992         1.4340409004992569E7
25.109999999999918        1.4587639439743644E7
25.139999999999922        1.4834593660583565E7
25.169999999999924        1.5078525598265164E7
25.199999999999918        1.5320028768510364E7
25.22999999999992         1.5562029076952524E7
25.259999999999923        1.580696092424883E7
25.289999999999925        1.6055979631524429E7
25.31999999999991         1.630995008441589E7
25.34999999999993         1.6569886402712975E7
25.379999999999924        1.6835215910781678E7
25.409999999999926        1.7102191799694598E7
25.439999999999923        1.7365543635566816E7
25.469999999999924        1.762216099054011E7
25.499999999999915        1.787383002616579E7
25.52999999999993         1.812523708411558E7
25.559999999999928        1.838014683828989E7
25.589999999999925        1.863979204799449E7
25.61999999999993         1.8903899753252875E7
25.649999999999938        1.9172025657508716E7
25.679999999999925        1.9443702112724327E7
25.70999999999993         1.971723716349273E7
25.739999999999934        1.999005594322176E7
25.769999999999936        2.0260564891819187E7
25.79999999999993         2.0529766152621E7
25.82999999999994         2.0799972760310408E7
25.85999999999993         2.1072757630669832E7
25.889999999999937        2.1348187011560764E7
25.919999999999938        2.1625380113208495E7
25.949999999999932        2.1904223640501775E7
25.97999999999993         2.2185456427240234E7
26.009999999999934        2.2468477086669598E7
26.039999999999928        2.275085915662789E7
26.069999999999936        2.303017424603195E7
26.09999999999994         2.330584161553734E7
26.12999999999993         2.357905309204545E7
26.15999999999993         2.3851611867798153E7
26.189999999999934        2.412607106325647E7
26.219999999999935        2.4405794369759746E7
26.24999999999994         2.4694010237427153E7
26.27999999999994         2.49912591833608E7
26.309999999999935        2.5293618815466244E7
26.339999999999936        2.5594775140056748E7
26.369999999999937        2.5890334931104645E7
26.39999999999994         2.617936697262498E7
26.42999999999994         2.6463079268749997E7
26.459999999999937        2.674307401307545E7
26.489999999999945        2.7021610218587752E7
26.51999999999994         2.73023367330754E7
26.549999999999944        2.758966981834532E7
26.579999999999945        2.788540325250087E7
26.609999999999946        2.81864551900602E7
26.639999999999947        2.8487115104100563E7
26.669999999999956        2.8782953264963206E7
26.699999999999946        2.9073432589181285E7
26.729999999999947        2.9361722412172537E7
26.759999999999962        2.965164737690086E7
26.789999999999942        2.9945708948240995E7
26.819999999999947        3.024523556071065E7
26.84999999999995         3.0550644835255567E7
26.879999999999953        3.0860168548532013E7
26.909999999999954        3.1168467107438818E7
26.939999999999962        3.1469131803700875E7
26.96999999999995         3.175908169685256E7
26.999999999999947        3.204082109251011E7
27.029999999999962        3.2320826948800385E7
27.059999999999953        3.260544140556862E7
27.08999999999995         3.289797049979751E7
27.11999999999996         3.3198904855411924E7
27.149999999999956        3.350653723528875E7
27.179999999999957        3.3817155854676574E7
27.20999999999996         3.412582831852127E7
27.23999999999996         3.442910459352678E7
27.26999999999995         3.4726856753967784E7
27.299999999999958        3.502180723838443E7
27.329999999999963        3.531692549815114E7
27.359999999999964        3.561312191798586E7
27.38999999999996         3.591017410721158E7
27.41999999999996         3.6208468876678124E7
27.44999999999996         3.6508183227969415E7
27.479999999999965        3.680797956489047E7
27.50999999999997         3.71050990703381E7
27.539999999999953        3.7397360739698075E7
27.56999999999997         3.768541680605042E7
27.599999999999966        3.797282155772411E7
27.629999999999967        3.8263535681043506E7
27.659999999999965        3.855902779860991E7
27.689999999999973        3.885868667203937E7
27.71999999999996         3.9162151298190236E7
27.749999999999968        3.9469496462741844E7
27.779999999999983        3.977912634040317E7
27.809999999999967        4.0086674043819584E7
27.83999999999997         4.0386876588276155E7
27.86999999999998         4.067726870363206E7
27.899999999999963        4.095957213827169E7
27.929999999999982        4.1237656304396674E7
27.95999999999998         4.151457481490911E7
27.98999999999997         4.179279918112024E7
28.01999999999998         4.20756278108536E7
28.049999999999986        4.2366519212165385E7
28.079999999999973        4.266653056189412E7
28.109999999999975        4.2972182747429125E7
28.13999999999998         4.327688877342015E7
28.16999999999998         4.357520055097162E7
28.199999999999978        4.3865026448886305E7
28.229999999999976        4.414740322612404E7
28.259999999999977        4.442555556229302E7
28.289999999999974        4.4703989793475844E7
28.31999999999998         4.498686501476978E7
28.34999999999998         4.52754264524805E7
28.379999999999985        4.556678668253693E7
28.409999999999982        4.585514529615754E7
28.439999999999987        4.613529763538972E7
28.469999999999978        4.640641363478207E7
28.499999999999986        4.66723342438538E7
28.529999999999987        4.693850057499845E7
28.55999999999998         4.720939814149135E7
28.589999999999982        4.748773624065361E7
28.619999999999987        4.7774402062327325E7
28.649999999999984        4.806754892881659E7
28.679999999999986        4.836176627781658E7
28.709999999999987        4.864925263299949E7
28.739999999999988        4.89242975682015E7
28.769999999999985        4.918724323183951E7
28.8                      4.944346553040499E7
28.82999999999999         4.969902223253411E7
28.859999999999992        4.995746783228723E7
28.889999999999993        5.021982699481495E7
28.919999999999987        5.0486437389465034E7
28.949999999999992        5.0756771264423855E7
28.98                     5.1027723993549176E7
29.009999999999987        5.129414813255962E7
29.039999999999992        5.1552566904538274E7
29.07                     5.18044119569344E7
29.099999999999994        5.2054866630779505E7
29.129999999999992        5.2308940272016615E7
29.16                     5.2568551126471676E7
29.19                     5.2832105890378945E7
29.219999999999995        5.30962309523789E7
29.25                     5.335746932423181E7
29.279999999999998        5.361260282357059E7
29.31                     5.385922393499846E7
29.340000000000003        5.409705185121745E7
29.370000000000005        5.432859468650195E7
29.4                      5.4557670904768154E7
29.429999999999996        5.478757708652478E7
29.459999999999997        5.502024751484179E7
29.490000000000002        5.525677321166053E7
29.52                     5.549832573021089E7
29.550000000000004        5.574510528722734E7
29.580000000000005        5.59943612753169E7
29.610000000000003        5.624101576282911E7
29.640000000000015        5.648038788769108E7
29.67000000000001         5.6710683349718206E7
29.700000000000006        5.693291059704838E7
29.730000000000004        5.714896739530169E7
29.760000000000005        5.73610624161607E7
29.790000000000013        5.757267495108428E7
29.82000000000002         5.778824750281841E7
29.85                     5.801000336524718E7
29.880000000000006        5.823508377161542E7
29.91000000000002         5.845723574743598E7
29.940000000000012        5.867148547745203E7
29.970000000000013        5.887730488517495E7
30                        5.907808424828454E7
