0                         1.3782037879498577E8
0.029999999998822604      1.3780376777896693E8
0.059999999998824285      1.3779748966680261E8
0.08999999999882596       1.377653790894549E8
0.11999999999882759       1.3821008919506967E8
0.14999999999882918       1.3799322031248093E8
0.17999999999883098       1.3771501165415043E8
0.20999999999883262       1.3747950680297968E8
0.23999999999883437       1.3735533778171524E8
0.2699999999988358        1.373634825344243E8
0.29999999999883764       1.3745858378056818E8
0.32999999999883933       1.3757238894736835E8
0.35999999999884086       1.376420661516388E8
0.3899999999988426        1.376099649956774E8
0.41999999999884424       1.3759663914820448E8
0.449999999998846         1.374626999424321E8
0.47999999999884757       1.3726054021889725E8
0.5099999999988493        1.370497957257046E8
0.5399999999988506        1.369037575190804E8
0.5699999999988525        1.368454942029644E8
0.5999999999988541        1.3670284252665982E8
0.629999999998856         1.3677861520553845E8
0.6599999999988573        1.364990872053641E8
0.6899999999988591        1.3642175768981522E8
0.7199999999988609        1.3641384420872632E8
0.7499999999988625        1.363165075104224E8
0.7799999999988639        1.3604221917589715E8
0.8099999999988657        1.3597314539715472E8
0.8399999999988674        1.357882782667751E8
0.8699999999988692        1.3590377397185272E8
0.8999999999988705        1.357801108735334E8
0.9299999999988723        1.354956689534685E8
0.9599999999988736        1.3512703796409398E8
0.9899999999988754        1.3503497410352924E8
1.0199999999988774        1.3494819283136773E8
1.0499999999988792        1.3471300131330588E8
1.0799999999988807        1.3445912816415042E8
1.1099999999988825        1.3430182997101143E8
1.139999999998884         1.3416846121841627E8
1.169999999998886         1.3407522912134446E8
1.1999999999988875        1.338017411392178E8
1.2299999999988893        1.334761350023155E8
1.259999999998891         1.3319030409291722E8
1.2899999999988927        1.3307506814918944E8
1.319999999998894         1.3312559116221365E8
1.349999999998896         1.3293523801165332E8
1.3799999999988977        1.3278138671011241E8
1.4099999999988995        1.3237697161088875E8
1.439999999998901         1.319389230687868E8
1.4699999999989029        1.3162518454127096E8
1.4999999999989042        1.3138835415831228E8
1.5299999999989058        1.3099137837698309E8
1.5599999999989071        1.3090507961115214E8
1.5899999999989092        1.3071096931417644E8
1.6199999999989108        1.3064566888768981E8
1.6499999999989126        1.3047126281769043E8
1.6799999999989141        1.3010755480466048E8
1.709999999998916         1.2962409929620732E8
1.7399999999989175        1.2931385000335878E8
1.7699999999989193        1.2904075831716558E8
1.799999999998921         1.2876996314473668E8
1.8299999999989225        1.2838444638069569E8
1.8599999999989243        1.2814655935378829E8
1.8899999999989259        1.2802420411804272E8
1.9199999999989275        1.2780766073179154E8
1.9499999999989295        1.273777394523526E8
1.979999999998931         1.2690388927323686E8
2.0099999999989326        1.2643700162016463E8
2.039999999998934         1.261240890009637E8
2.0699999999989362        1.2594791028196682E8
2.099999999998938         1.2554676414786617E8
2.1299999999989394        1.2525116412215097E8
2.159999999998941         1.2506697854275449E8
2.1899999999989426        1.2478858266579446E8
2.2199999999989446        1.2437601395135666E8
2.249999999998947         1.2398822120471635E8
2.2799999999989473        1.2333191089815572E8
2.3099999999989507        1.2289498558058341E8
2.3399999999989514        1.225643107989463E8
2.369999999998954         1.2235819266632852E8
2.3999999999989554        1.221103764591339E8
2.429999999998957         1.2176029969457904E8
2.4599999999989595        1.2128252774872024E8
2.489999999998961         1.2089814546350323E8
2.519999999998962         1.2052667386938703E8
2.5499999999989633        1.201451553825149E8
2.579999999998965         1.1963274563912594E8
2.6099999999989665        1.1920450671399333E8
2.6399999999989676        1.1883719688574968E8
2.6699999999989696        1.184877604923359E8
2.6999999999989717        1.1800154537537263E8
2.7299999999989732        1.1745380774635258E8
2.7599999999989757        1.17020658264126E8
2.789999999998977         1.166643079577193E8
2.8199999999989798        1.1637242263984193E8
2.84999999999898          1.1598201574533895E8
2.8799999999989816        1.1546656076115485E8
2.909999999998983         1.1506645884177488E8
2.939999999998985         1.147123399385027E8
2.969999999998987         1.141072354758204E8
2.999999999998988         1.1361779816122268E8
3.0299999999989904        1.1307513900965653E8
3.059999999998992         1.1261215027757546E8
3.0899999999989936        1.1222042724717833E8
3.119999999998995         1.1184585365966937E8
3.1499999999989967        1.1136512651599227E8
3.1799999999989987        1.1086371650312863E8
3.2099999999990008        1.1032668159304665E8
3.239999999999002         1.0985623729593277E8
3.269999999999005         1.0937790715545265E8
3.299999999999006         1.0890682235214208E8
3.329999999999008         1.0836128582545304E8
3.3599999999990082        1.079360581589832E8
3.3899999999990102        1.0760920616995893E8
3.4199999999990123        1.0727937512227862E8
3.449999999999014         1.0673773355878639E8
3.4799999999990154        1.0602212244112621E8
3.5099999999990175        1.0535922285560209E8
3.539999999999019         1.0475763042001252E8
3.5699999999990206        1.042423352095501E8
3.599999999999022         1.0380967337563787E8
3.629999999999024         1.033070299185452E8
3.6599999999990263        1.0288131693388633E8
3.6899999999990274        1.0257854335077974E8
3.7199999999990294        1.0205516482187521E8
3.749999999999031         1.01465797169138E8
3.779999999999034         1.0079031186106513E8
3.809999999999034         1.0020175624123828E8
3.839999999999036         9.969925966645238E7
3.8699999999990373        9.922310779760793E7
3.8999999999990393        9.872297815792492E7
3.929999999999041         9.821585181210549E7
3.9599999999990425        9.765929182096468E7
3.9899999999990445        9.710902932870886E7
4.019999999999046         9.647204347103643E7
4.049999999999049         9.584725252152702E7
4.079999999999051         9.52250087576729E7
4.109999999999053         9.468782545848021E7
4.139999999999053         9.42246370151075E7
4.169999999999055         9.380627078909056E7
4.199999999999056         9.33042800607974E7
4.22999999999906          9.27120858897902E7
4.259999999999061         9.218210104118094E7
4.289999999999062         9.167951644812334E7
4.319999999999063         9.106101420561332E7
4.3499999999990635        9.04166833173468E7
4.379999999999068         8.973826284051318E7
4.4099999999990676        8.908486901894575E7
4.43999999999907          8.861975686114696E7
4.469999999999073         8.809285255832614E7
4.499999999999072         8.746038939540453E7
4.529999999999076         8.680841326977143E7
4.559999999999077         8.626654772220238E7
4.589999999999078         8.578648081385414E7
4.61999999999908          8.531155831853595E7
4.649999999999083         8.475363682592316E7
4.679999999999083         8.417362192808689E7
4.709999999999085         8.360202653462352E7
4.739999999999086         8.301871402345496E7
4.76999999999909          8.23474899519283E7
4.799999999999091         8.16697307917942E7
4.829999999999093         8.100353159028333E7
4.8599999999990935        8.044485439620325E7
4.889999999999096         7.993007977113721E7
4.919999999999097         7.940485817980987E7
4.9499999999991005        7.885949124972336E7
4.9799999999991           7.822286472761738E7
5.009999999999104         7.754287565823324E7
5.039999999999104         7.695975190644099E7
5.069999999999104         7.636450059448192E7
5.099999999999107         7.578398970121428E7
5.129999999999109         7.527434140417807E7
5.15999999999911          7.473873244272988E7
5.189999999999114         7.422696395461348E7
5.219999999999115         7.364235761368278E7
5.249999999999116         7.29174952368576E7
5.279999999999118         7.216381550841638E7
5.30999999999912          7.151895024118264E7
5.339999999999122         7.093579603251646E7
5.369999999999122         7.037053494104555E7
5.3999999999991255        6.979003985259016E7
5.429999999999128         6.925581928613448E7
5.459999999999127         6.875995947114995E7
5.48999999999913          6.825361773007892E7
5.519999999999133         6.764087274868101E7
5.549999999999134         6.6944378116404705E7
5.579999999999134         6.624601385968997E7
5.609999999999136         6.563707012041618E7
5.639999999999139         6.5071961809301704E7
5.669999999999142         6.450634788440187E7
5.699999999999142         6.3947502076529E7
5.729999999999144         6.33940538125627E7
5.759999999999145         6.279568196734449E7
5.7899999999991465        6.220249199079407E7
5.8199999999991485        6.157461209011403E7
5.8499999999991505        6.089524592547602E7
5.87999999999915          6.026695116081707E7
5.909999999999155         5.969692379402001E7
5.939999999999153         5.91845242362222E7
5.969999999999159         5.868448764027577E7
5.999999999999158         5.812073648446906E7
6.029999999999161         5.748719753182279E7
6.059999999999163         5.686248048627182E7
6.089999999999163         5.626543370436972E7
6.119999999999166         5.56684260026667E7
6.149999999999168         5.5044765292473465E7
6.179999999999169         5.4461218411755644E7
6.20999999999917          5.3912581118629925E7
6.2399999999991715        5.3359111764756694E7
6.2699999999991745        5.276061802669559E7
6.2999999999991765        5.214101914971186E7
6.329999999999176         5.1552442784329206E7
6.359999999999178         5.102064366342794E7
6.389999999999181         5.050937373599694E7
6.419999999999183         4.995201290141225E7
6.449999999999182         4.933808852185017E7
6.479999999999187         4.87564916571937E7
6.509999999999186         4.8168934850226246E7
6.539999999999192         4.7578025736610465E7
6.56999999999919          4.699730576041152E7
6.599999999999193         4.639012705354296E7
6.629999999999195         4.583953624363927E7
6.6599999999991955        4.535324664772707E7
6.689999999999197         4.485111484214623E7
6.7199999999991995        4.4321691796889246E7
6.7499999999992015        4.375364593231514E7
6.7799999999992036        4.314797502151071E7
6.809999999999203         4.255820932479621E7
6.839999999999207         4.199506791962522E7
6.8699999999992105        4.144489065850718E7
6.89999999999921          4.088395792643025E7
6.92999999999921          4.034707689378724E7
6.959999999999214         3.98582110707059E7
6.989999999999217         3.9378045301317856E7
7.019999999999217         3.88354167257044E7
7.049999999999217         3.8236599673295625E7
7.0799999999992185        3.764677030566337E7
7.109999999999224         3.709433215025378E7
7.139999999999222         3.659432034820822E7
7.169999999999222         3.612456573013209E7
7.199999999999227         3.5633222955609515E7
7.229999999999227         3.516733696713851E7
7.25999999999923          3.468886018726179E7
7.28999999999923          3.413893135305547E7
7.319999999999235         3.3552462888329357E7
7.349999999999235         3.295249257784285E7
7.379999999999236         3.23948768202365E7
7.409999999999237         3.1911703951515093E7
7.439999999999242         3.145302250776006E7
7.469999999999242         3.0988345597055968E7
7.499999999999241         3.0525399600525092E7
7.529999999999244         3.006801105726382E7
7.559999999999244         2.959671289356427E7
7.589999999999248         2.9098158712181695E7
7.619999999999248         2.858867369776883E7
7.649999999999251         2.8072726439465646E7
7.679999999999251         2.7578603482241787E7
7.709999999999254         2.7119376349817548E7
7.739999999999254         2.6668620360007513E7
7.769999999999258         2.619700595523774E7
7.799999999999257         2.5696590041850414E7
7.829999999999261         2.5213445016115706E7
7.85999999999926          2.4762449128073115E7
7.889999999999264         2.4315336659673497E7
7.919999999999268         2.3864242079106186E7
7.94999999999927          2.339979695766943E7
7.97999999999927          2.2963559710551213E7
8.009999999999271         2.257095947300058E7
8.039999999999274         2.2161726007715624E7
8.069999999999274         2.1719392707726475E7
8.099999999999278         2.1266391611318063E7
8.129999999999278         2.0820152720147476E7
8.159999999999277         2.0392830517531846E7
8.189999999999282         1.9974093192940164E7
8.219999999999281         1.9545745733387966E7
8.249999999999284         1.911360984619548E7
8.279999999999287         1.8694108605765343E7
8.309999999999288         1.8280475330740318E7
8.339999999999291         1.786134721195494E7
8.36999999999929          1.7451798285129495E7
8.399999999999295         1.706959417658331E7
8.429999999999295         1.671656890351371E7
8.459999999999297         1.63761403965908E7
8.489999999999299         1.602615694399084E7
8.519999999999305         1.5652878031091064E7
8.5499999999993           1.5246245289618298E7
8.579999999999302         1.4837752366720658E7
8.609999999999305         1.4446071052603586E7
8.639999999999304         1.4060973945789395E7
8.669999999999312         1.3693981070475774E7
8.699999999999308         1.3344703967413837E7
8.729999999999311         1.301142707554946E7
8.759999999999316         1.2698037166211287E7
8.789999999999315         1.2366112170711445E7
8.819999999999318         1.2001973929523805E7
8.849999999999321         1.1640080184492286E7
8.879999999999324         1.1305519296372177E7
8.909999999999322         1.1000931171530327E7
8.939999999999324         1.0708285273687754E7
8.969999999999327         1.0407561014844265E7
8.999999999999329         1.0103198942059489E7
9.029999999999326         9802872.820025321
9.059999999999333         9499200.290678656
9.08999999999933          9178477.956838073
9.119999999999333         8842718.607823944
9.149999999999338         8517196.964892963
9.17999999999934          8220840.821620925
9.209999999999338         7953448.830131689
9.239999999999341         7701958.943313067
9.269999999999342         7459117.78708519
9.299999999999343         7211931.878438162
9.329999999999345         6958928.905332447
9.35999999999935          6704144.698537166
9.389999999999347         6439247.851604795
9.41999999999935          6169178.4862997765
9.449999999999353         5913647.873456929
9.479999999999356         5672339.604214753
9.509999999999353         5445275.155167073
9.539999999999356         5224558.045202921
9.569999999999359         4995297.659796315
9.59999999999936          4763182.552677239
9.629999999999367         4542701.443262725
9.65999999999937          4334224.644401836
9.689999999999364         4131970.52569211
9.71999999999937          3933183.98503115
9.749999999999371         3742339.170387702
9.779999999999372         3562179.564631805
9.809999999999373         3385812.5447542462
9.839999999999373         3201620.5596615467
9.86999999999937          3011235.400238106
9.899999999999377         2830858.84508482
9.92999999999938          2666799.5103917317
9.959999999999383         2513525.36195575
9.989999999999386         2357973.3381480323
10.019999999999387        2200690.407215313
10.049999999999386        2049045.4916542436
10.079999999999389        1904777.1808789491
10.10999999999939         1769014.430288473
10.139999999999393        1639575.1999754915
10.169999999999392        1512104.9566375655
10.199999999999395        1394122.7557115557
10.229999999999393        1284986.9866986051
10.259999999999396        1179494.5907980085
10.289999999999399        1074852.6522082598
10.319999999999405        968853.7649314762
10.349999999999403        864472.9691527968
10.379999999999402        767934.4706934276
10.409999999999409        680617.9707752633
10.43999999999941         601153.2504394333
10.46999999999941         527741.4430831802
10.499999999999416        461044.00346182165
10.529999999999413        400266.33106627583
10.55999999999942         342416.8148471265
10.58999999999942         285411.4858048459
10.619999999999422        230232.50757967355
10.64999999999942         181482.89305413762
10.679999999999424        141443.8023306096
10.709999999999425        109050.71697532313
10.739999999999425        81321.83457516124
10.769999999999428        58230.33376927954
10.799999999999429        40008.633280718546
10.82999999999943         25464.089153406065
10.859999999999431        14924.300262453213
10.889999999999437        10162.977162038023
10.919999999999437        12225.68363457872
10.949999999999434        20872.160922905878
10.97999999999944         33690.262217409785
11.00999999999944         49597.9718170334
11.039999999999441        69551.76631867966
11.069999999999444        94972.98245981302
11.099999999999444        126466.8130840263
11.12999999999945         163951.8980911344
11.15999999999945         207617.9965102477
11.18999999999945         257880.1969171003
11.219999999999452        314743.3461691457
11.249999999999451        375653.3364155316
11.279999999999458        438129.117729724
11.309999999999457        502583.96512976714
11.339999999999458        572034.0552844377
11.369999999999461        649487.2603803488
11.399999999999464        733246.1438568506
11.429999999999467        821069.828056481
11.45999999999947         912355.7118627314
11.489999999999466        1010064.4994970929
11.519999999999465        1117179.326243228
11.549999999999475        1229170.3578792901
11.579999999999474        1342468.2430226803
11.609999999999472        1463148.4019869843
11.639999999999478        1591941.5617807768
11.669999999999476        1727440.685270975
11.699999999999482        1865512.359128218
11.729999999999482        2001631.8364842117
11.759999999999483        2138271.7767908513
11.789999999999486        2281609.7922164174
11.819999999999485        2431223.1427697716
11.849999999999488        2586455.0972735225
11.879999999999491        2748586.1850985084
11.90999999999949         2920129.881902376
11.939999999999491        3100401.0465168334
11.969999999999496        3285389.318261026
11.999999999999497        3468540.3986481107
12.029999999999504        3650563.5216656425
12.059999999999498        3839596.0658879345
12.089999999999502        4043713.519878808
12.119999999999504        4263396.624341585
12.149999999999508        4486357.146770479
12.179999999999506        4703553.527990009
12.209999999999507        4913961.522609138
12.239999999999512        5120655.850498245
12.269999999999511        5330339.338462659
12.299999999999512        5545213.112271353
12.329999999999513        5763204.518905181
12.35999999999952         5999899.294893428
12.38999999999952         6264026.059025241
12.419999999999522        6546476.641103005
12.449999999999521        6828803.366032752
12.47999999999952         7098792.559300113
12.509999999999525        7357473.347680751
12.539999999999528        7617249.129712637
12.569999999999526        7881431.813847659
12.599999999999534        8148578.117374257
12.629999999999532        8420924.193821307
12.659999999999535        8708300.438297892
12.689999999999536        9010177.40780492
12.719999999999539        9316505.998901552
12.749999999999533        9616815.17718719
12.77999999999954         9909121.70539037
12.809999999999542        1.0201035192886213E7
12.839999999999549        1.0502658583432836E7
12.869999999999548        1.081976026034528E7
12.899999999999546        1.1151581519224782E7
12.929999999999549        1.1496832429072563E7
12.959999999999551        1.1855531799139481E7
12.989999999999554        1.2219303566399066E7
13.019999999999555        1.2572717838140184E7
13.049999999999558        1.291007543230707E7
13.079999999999558        1.3228740579697894E7
13.109999999999555        1.3547858496972073E7
13.139999999999562        1.3888979906169103E7
13.169999999999565        1.4249923566196846E7
13.199999999999562        1.4614648157303365E7
13.229999999999562        1.4979906897057345E7
13.259999999999568        1.5350702334786791E7
13.28999999999957         1.5736451797030887E7
13.319999999999572        1.6131564791055363E7
13.349999999999572        1.6526396478308698E7
13.379999999999578        1.691938446664933E7
13.409999999999576        1.7324004256343532E7
13.439999999999579        1.774255419751125E7
13.469999999999583        1.8158133439139787E7
13.499999999999586        1.8552664022254847E7
13.529999999999582        1.8931228810212415E7
13.559999999999585        1.931462937351948E7
13.589999999999586        1.9715233338939857E7
13.619999999999585        2.0132611897975482E7
13.649999999999592        2.056166625512207E7
13.67999999999959         2.0993652505471714E7
13.709999999999592        2.143008286916749E7
13.739999999999597        2.1873272931145225E7
13.7699999999996          2.23120723528597E7
13.799999999999597        2.2750743518140767E7
13.829999999999602        2.3192236498154458E7
13.859999999999602        2.364254298303828E7
13.889999999999604        2.41117281372576E7
13.919999999999602        2.4592185977524206E7
13.949999999999608        2.506239159513008E7
13.979999999999604        2.551810410288979E7
14.009999999999607        2.596243868433078E7
14.03999999999961         2.6403022210035376E7
14.069999999999618        2.683968379110148E7
14.09999999999961         2.7280144462825213E7
14.129999999999615        2.7739699191394307E7
14.159999999999618        2.8238270819772847E7
14.189999999999616        2.8774696495578907E7
14.219999999999619        2.932003209608264E7
14.249999999999623        2.9839384971025907E7
14.279999999999623        3.0324417267753847E7
14.309999999999631        3.079243024544458E7
14.339999999999629        3.1259700211119976E7
14.36999999999963         3.17275569455192E7
14.399999999999634        3.2206499405914795E7
14.429999999999636        3.2710208111003593E7
14.459999999999635        3.3243891532231856E7
14.489999999999636        3.379895597726939E7
14.519999999999637        3.433933490565684E7
14.549999999999642        3.484654729107014E7
14.579999999999641        3.533338659841117E7
14.609999999999644        3.5823158333937705E7
14.639999999999649        3.6333786181700915E7
14.669999999999645        3.687167105565965E7
14.699999999999648        3.74215616582001E7
14.72999999999965         3.7971799606470406E7
14.75999999999965         3.852042531451464E7
14.789999999999653        3.906868420146653E7
14.819999999999656        3.960350642714045E7
14.849999999999657        4.012267524325137E7
14.879999999999658        4.063560162185345E7
14.909999999999663        4.1161803616703615E7
14.939999999999662        4.171139116206456E7
14.969999999999667        4.227599813796747E7
14.999999999999666        4.2839916712940715E7
15.029999999999667        4.339957764056829E7
15.05999999999967         4.396150999191746E7
15.089999999999668        4.452997305707694E7
15.11999999999967         4.508836390238973E7
15.14999999999967         4.563258756013101E7
15.179999999999673        4.617991698797226E7
15.20999999999968         4.674209576217007E7
15.239999999999673        4.731909389439427E7
15.269999999999675        4.788882456065187E7
15.299999999999683        4.843823272066847E7
15.329999999999677        4.898667845331897E7
15.359999999999678        4.955678203725616E7
15.38999999999968         5.014589767017965E7
15.41999999999968         5.07446052963309E7
15.449999999999683        5.134273935039623E7
15.47999999999968         5.193895589608932E7
15.50999999999968         5.25302439318194E7
15.539999999999685        5.311111404791665E7
15.569999999999677        5.3667845720836505E7
15.599999999999683        5.420384526052063E7
15.62999999999969         5.4744000503134884E7
15.659999999999688        5.532009530635863E7
15.689999999999687        5.5935261714978084E7
15.719999999999693        5.6564306947281204E7
15.749999999999687        5.717604627573021E7
15.77999999999969         5.7759476563104466E7
15.809999999999693        5.8325099738010526E7
15.839999999999687        5.8895052036510855E7
15.869999999999694        5.94716259295631E7
15.899999999999695        6.005664346694102E7
15.929999999999694        6.066829677943014E7
15.959999999999697        6.130903235510902E7
15.989999999999695        6.195690631658204E7
16.019999999999698        6.2577303682044156E7
16.04999999999969         6.314688114010853E7
16.079999999999693        6.3678981195709415E7
16.109999999999697        6.42087282597172E7
16.139999999999702        6.475237608559275E7
16.169999999999703        6.5317487695114926E7
16.1999999999997          6.591428538108247E7
16.229999999999702        6.6553889719375394E7
16.2599999999997          6.722401418790558E7
16.2899999999997          6.789446725418502E7
16.319999999999702        6.853075188336338E7
16.349999999999707        6.912310570996016E7
16.379999999999708        6.968737195700976E7
16.409999999999712        7.02492415283308E7
16.43999999999971         7.081899262078655E7
16.46999999999971         7.13953323066207E7
16.49999999999971         7.197571866429174E7
16.52999999999971         7.256804133387421E7
16.559999999999707        7.316880568886073E7
16.589999999999716        7.37672148082893E7
16.619999999999713        7.43495220987076E7
16.649999999999707        7.491297735920668E7
16.67999999999972         7.548805980530305E7
16.709999999999717        7.610628893507014E7
16.739999999999714        7.675731336690731E7
16.76999999999972         7.740776308887032E7
16.799999999999716        7.803100416811877E7
16.829999999999714        7.862255017165786E7
16.859999999999722        7.920017977886854E7
16.88999999999972         7.976914389874686E7
16.919999999999714        8.032345265628289E7
16.949999999999722        8.086770404813194E7
16.979999999999727        8.142371233815508E7
17.00999999999972         8.199957801388112E7
17.039999999999722        8.258461497741838E7
17.069999999999727        8.31630428274978E7
17.09999999999972         8.373736232112001E7
17.12999999999973         8.432504449870135E7
17.159999999999727        8.494083855345345E7
17.189999999999724        8.557527925977571E7
17.219999999999736        8.620662804553674E7
17.249999999999734        8.681466465259022E7
17.27999999999973         8.739868489336362E7
17.30999999999973         8.795563748153889E7
17.339999999999737        8.84822063558011E7
17.369999999999738        8.899025347462347E7
17.399999999999732        8.949943752617967E7
17.429999999999744        9.003366476780735E7
17.459999999999734        9.061077407811949E7
17.489999999999736        9.121508812425454E7
17.519999999999737        9.181530517472246E7
17.549999999999734        9.239480261385587E7
17.57999999999974         9.29566992535154E7
17.60999999999974         9.3513944364481E7
17.639999999999738        9.406714785327537E7
17.66999999999974         9.46136099480823E7
17.69999999999975         9.516267350283158E7
17.729999999999745        9.573811668769906E7
17.759999999999746        9.634191127450888E7
17.789999999999743        9.693780919616337E7
17.819999999999744        9.748195156454682E7
17.849999999999746        9.796617455553836E7
17.879999999999747        9.841845631080389E7
17.909999999999748        9.887943806051727E7
17.939999999999763        9.9371578567012E7
17.96999999999975         9.990314454618339E7
17.99999999999975         1.0047168305842023E8
18.02999999999975         1.0107497396723327E8
18.059999999999754        1.016909007180621E8
18.089999999999755        1.0227558211185478E8
18.119999999999756        1.0280292907174152E8
18.149999999999753        1.032824834652979E8
18.179999999999758        1.0374113573725504E8
18.209999999999763        1.0421091164290954E8
18.239999999999757        1.0470368380665495E8
18.26999999999976         1.0520903504878926E8
18.299999999999763        1.0571613526859732E8
18.32999999999976         1.0622103158511955E8
18.35999999999976         1.0672207140890749E8
18.389999999999766        1.0721312505112743E8
18.41999999999977         1.0769215245509167E8
18.44999999999977         1.0816788927938971E8
18.47999999999976         1.0866118651381324E8
18.50999999999977         1.0917953929279236E8
18.539999999999768        1.0970301441812909E8
18.569999999999766        1.1020479131422395E8
18.599999999999763        1.1068094730113067E8
18.629999999999768        1.111457174571065E8
18.659999999999773        1.1160732650494926E8
18.689999999999774        1.1205364365873212E8
18.71999999999977         1.1248369178821008E8
18.74999999999977         1.1291233404042943E8
18.779999999999777        1.1336038637757958E8
18.809999999999782        1.1383311802264708E8
18.839999999999772        1.1430602261287586E8
18.869999999999777        1.14754732854771E8
18.899999999999785        1.1518958590122005E8
18.929999999999776        1.1563086377153763E8
18.95999999999978         1.1608679573153518E8
18.989999999999778        1.1654796754150176E8
19.01999999999978         1.1699567059434557E8
19.04999999999979         1.1742093750039472E8
19.079999999999785        1.1782735117164277E8
19.109999999999776        1.1821864131006198E8
19.139999999999787        1.1859450426085196E8
19.16999999999979         1.1896411788509554E8
19.199999999999783        1.1934841216207035E8
19.22999999999979         1.1976928960034691E8
19.259999999999796        1.2022816155566359E8
19.289999999999782        1.2069590585107599E8
19.319999999999787        1.2113055568396571E8
19.349999999999795        1.215124126845392E8
19.37999999999979         1.2185239593029456E8
19.40999999999979         1.2217557328550841E8
19.4399999999998          1.224976430431505E8
19.469999999999786        1.2283611321235965E8
19.499999999999794        1.2320929347482127E8
19.529999999999795        1.2361854673019326E8
19.559999999999793        1.240403229638579E8
19.5899999999998          1.2443788603854853E8
19.619999999999802        1.2478496540899016E8
19.649999999999796        1.2509489032975197E8
19.679999999999794        1.2540004478643417E8
19.709999999999813        1.2571836513108632E8
19.739999999999803        1.2605069592126897E8
19.7699999999998          1.2639616625305688E8
19.799999999999812        1.2675556983230521E8
19.829999999999803        1.2712119974275316E8
19.859999999999804        1.2747009352175245E8
19.889999999999812        1.2777409138384312E8
19.91999999999981         1.280273780804475E8
19.94999999999981         1.2825734551401323E8
19.979999999999816        1.2850291304793577E8
20.009999999999806        1.2878597900470342E8
20.03999999999981         1.2910346249244398E8
20.069999999999816        1.2943749231153318E8
20.09999999999981         1.2977326979010808E8
20.12999999999981         1.3009983945272826E8
20.159999999999823        1.304064837074726E8
20.189999999999813        1.3067726791176453E8
20.219999999999818        1.3090876911823365E8
20.249999999999815        1.311240996104946E8
20.279999999999816        1.3135145376535241E8
20.30999999999982         1.3159625070456696E8
20.33999999999983         1.3184407830766402E8
20.369999999999816        1.3207307877933477E8
20.399999999999814        1.3228217883378796E8
20.429999999999826        1.3249039664950816E8
20.459999999999823        1.3270939468581742E8
20.489999999999817        1.3293762596639872E8
20.519999999999822        1.3317507112088993E8
20.549999999999827        1.3342472897379856E8
20.579999999999824        1.3368024017253515E8
20.609999999999822        1.3392130140236847E8
20.639999999999837        1.3412820954025467E8
20.66999999999983         1.343005512173214E8
20.699999999999832        1.3445817208093446E8
20.729999999999837        1.3462057533988383E8
20.759999999999827        1.3478825525326034E8
20.789999999999836        1.3494831754221192E8
20.819999999999837        1.3509275596025488E8
20.849999999999827        1.3522809857141098E8
20.87999999999984         1.353623138887259E8
20.90999999999984         1.3550010554214993E8
20.939999999999834        1.3564459640311432E8
20.96999999999983         1.3580153773199025E8
20.999999999999837        1.359840027349921E8
21.029999999999838        1.3619615051978803E8
21.05999999999984         1.3641097799923083E8
21.08999999999984         1.3658950663303655E8
21.119999999999845        1.3670581099499848E8
21.149999999999846        1.3676322381181854E8
21.17999999999985         1.3678885759456316E8
21.209999999999837        1.3680887484983462E8
21.239999999999842        1.3683705144131732E8
21.26999999999985         1.3688816856484246E8
21.29999999999984         1.3698176299082834E8
21.329999999999842        1.3712009560231084E8
21.359999999999857        1.3727389643619636E8
21.389999999999844        1.3740278109362295E8
21.41999999999985         1.374857136802375E8
21.44999999999985         1.375333062762638E8
21.479999999999848        1.375710606259173E8
21.509999999999856        1.3761610813555488E8
21.539999999999853        1.3767279179069668E8
21.569999999999855        1.377367734559669E8
21.59999999999986         1.3779948973391715E8
21.629999999999853        1.378434652501971E8
21.65999999999986         1.3784756616746286E8
21.689999999999852        1.3780752386964676E8
21.719999999999857        1.377435001978421E8
21.74999999999986         1.3769024559299037E8
21.77999999999986         1.3767869646510512E8
21.809999999999864        1.377108875047926E8
21.83999999999986         1.377667558820502E8
21.86999999999986         1.3782523949438953E8
21.899999999999864        1.378713466413129E8
21.929999999999865        1.378925151698651E8
21.959999999999862        1.378785740261565E8
21.989999999999867        1.378259960094813E8
22.019999999999868        1.3774594296223566E8
22.049999999999866        1.3766321807720208E8
22.079999999999867        1.375952868907434E8
22.10999999999987         1.3753482990622586E8
22.139999999999866        1.374645877584538E8
22.169999999999877        1.3738171266652483E8
22.19999999999987         1.373009510855378E8
22.22999999999987         1.372342489387738E8
22.259999999999874        1.3717652475995415E8
22.28999999999988         1.3711661221448395E8
22.319999999999872        1.370513725308032E8
22.34999999999988         1.3698681465165824E8
22.379999999999878        1.3692263530080178E8
22.409999999999886        1.3684251735618797E8
22.439999999999884        1.3673212086670703E8
22.46999999999988         1.365954277159415E8
22.49999999999989         1.3644835671259433E8
22.529999999999887        1.3630720550315803E8
22.559999999999885        1.36173979364057E8
22.58999999999989         1.3603851704789135E8
22.61999999999989         1.358937074922289E8
22.64999999999989         1.3574011239070213E8
22.679999999999886        1.3557925346031404E8
22.709999999999884        1.3541329535244393E8
22.73999999999989         1.3524979639509857E8
22.769999999999886        1.351012084915047E8
22.799999999999887        1.3497581798228255E8
22.829999999999888        1.3486613546957526E8
22.859999999999882        1.3474482848978767E8
22.889999999999887        1.345811569555404E8
22.919999999999888        1.3436467321275464E8
22.949999999999886        1.3411137047582236E8
22.97999999999988         1.3384735324403135E8
23.0099999999999          1.3359264072210166E8
23.039999999999885        1.333617307753274E8
23.069999999999887        1.3316520206992036E8
23.09999999999989         1.3300171701457997E8
23.129999999999892        1.328502624627504E8
23.159999999999886        1.326741866058005E8
23.189999999999895        1.3244746601938644E8
23.219999999999892        1.3217806858970031E8
23.24999999999989         1.31894209056473E8
23.279999999999895        1.316189644366007E8
23.309999999999896        1.3135952469609576E8
23.339999999999886        1.3111177171178989E8
23.369999999999894        1.3087071661634852E8
23.3999999999999          1.3063243915275536E8
23.42999999999989         1.3038546398902906E8
23.459999999999898        1.3011309686564612E8
23.4899999999999          1.2980994928446831E8
23.5199999999999          1.2949060558122368E8
23.54999999999989         1.2917923709325145E8
23.579999999999902        1.2889194603906658E8
23.609999999999904        1.2862520556826441E8
23.639999999999898        1.2836102828734325E8
23.669999999999895        1.28081937474608E8
23.699999999999903        1.27779505890326E8
23.729999999999905        1.2745206335903528E8
23.759999999999902        1.2710060188586947E8
23.789999999999903        1.2673394510748106E8
23.819999999999897        1.2637276263355686E8
23.849999999999905        1.2603576860570797E8
23.879999999999903        1.2572506043722361E8
23.909999999999894        1.2542446444908439E8
23.939999999999912        1.2511245642361768E8
23.969999999999903        1.2478187584040019E8
23.999999999999904        1.244383821988454E8
24.029999999999905        1.2408465840990902E8
24.05999999999991         1.2371827324099006E8
24.089999999999907        1.2333974017906637E8
24.1199999999999          1.229549250345117E8
24.14999999999991         1.2256859253879537E8
24.179999999999907        1.2217713655762495E8
24.20999999999991         1.2177343117646524E8
24.239999999999903        1.213611408913032E8
24.2699999999999          1.2095840269796826E8
24.29999999999991         1.2058110760735063E8
24.32999999999991         1.2022644289125971E8
24.359999999999907        1.1987510771364985E8
24.389999999999908        1.1950656146235456E8
24.419999999999916        1.1911188697250739E8
24.449999999999903        1.1869405044850783E8
24.479999999999908        1.1825971305923599E8
24.50999999999991         1.1781364538218802E8
24.53999999999991         1.1736203370099953E8
24.569999999999904        1.1691770919791955E8
24.599999999999905        1.1648989855120863E8
24.629999999999917        1.1607206560652342E8
24.65999999999991         1.156462645944237E8
24.689999999999912        1.1519751388806595E8
24.719999999999924        1.1472772466435936E8
24.749999999999915        1.1425416521218821E8
24.779999999999912        1.1379306693785502E8
24.80999999999992         1.1335075233873546E8
24.839999999999918        1.1292745593960081E8
24.869999999999923        1.1251977078395635E8
24.89999999999992         1.121153162808437E8
24.92999999999991         1.1169069039846064E8
24.95999999999992         1.112222488233128E8
24.989999999999924        1.1070337556199533E8
25.01999999999991         1.1015209939262405E8
25.04999999999992         1.095984753072685E8
25.07999999999992         1.0906557465077233E8
25.109999999999918        1.08563270294325E8
25.139999999999922        1.0809159064248571E8
25.169999999999927        1.076427726372681E8
25.199999999999918        1.0719998692482527E8
25.22999999999992         1.0674232735342355E8
25.259999999999923        1.0625727668085165E8
25.28999999999992         1.0574806692097281E8
25.31999999999991         1.0523208714227194E8
25.349999999999923        1.0472596243073529E8
25.379999999999924        1.04229226438659E8
25.409999999999926        1.0372759617264576E8
25.43999999999993         1.032076526899548E8
25.469999999999928        1.026660546181782E8
25.499999999999922        1.0210902055363864E8
25.529999999999923        1.0154443742931277E8
25.559999999999935        1.0097876554318163E8
25.58999999999992         1.0042211495326035E8
25.619999999999926        9.988843420406076E7
25.649999999999924        9.93842453294464E7
25.679999999999925        9.889995426751481E7
25.70999999999993         9.841543316161314E7
25.739999999999938        9.791438400737269E7
25.76999999999993         9.739314175669663E7
25.799999999999923        9.685547253924297E7
25.82999999999994         9.630230690788107E7
25.85999999999993         9.573170289330672E7
25.889999999999933        9.514620987358403E7
25.919999999999934        9.455522964572254E7
25.949999999999932        9.396721105915786E7
25.97999999999993         9.338392192392804E7
26.00999999999994         9.28064004103714E7
26.039999999999928        9.223979604140167E7
26.069999999999933        9.169109377161318E7
26.09999999999994         9.116273028748955E7
26.12999999999993         9.064625339115249E7
26.159999999999936        9.012562322787653E7
26.18999999999994         8.958758385411932E7
26.219999999999935        8.902627343066378E7
26.249999999999932        8.844194218320982E7
26.279999999999944        8.783929907678516E7
26.30999999999994         8.72277268781504E7
26.33999999999994         8.662088987307708E7
26.369999999999937        8.603165469467627E7
26.39999999999994         8.546185638630751E7
26.429999999999932        8.489833226729117E7
26.45999999999994         8.432357414606568E7
26.489999999999945        8.373109060862462E7
26.519999999999943        8.312964971544334E7
26.54999999999994         8.253440270642059E7
26.57999999999995         8.195468448887983E7
26.60999999999994         8.139092861522758E7
26.639999999999944        8.083890385066262E7
26.669999999999945        8.02917096743329E7
26.69999999999995         7.973684397706498E7
26.72999999999995         7.915701655962712E7
26.759999999999945        7.854240772930364E7
26.789999999999942        7.790141667232521E7
26.81999999999995         7.725586982428232E7
26.849999999999962        7.662711728952788E7
26.879999999999946        7.602494066812022E7
26.90999999999995         7.544612904378691E7
26.939999999999962        7.48816558724984E7
26.96999999999995         7.432159077233824E7
26.99999999999995         7.375514255970193E7
27.029999999999962        7.317276442586228E7
27.05999999999996         7.257190451738118E7
27.08999999999995         7.195973531773508E7
27.11999999999996         7.134916353145109E7
27.149999999999956        7.07498289055017E7
27.17999999999996         7.016152763348702E7
27.20999999999996         6.957628203856935E7
27.23999999999996         6.89862381211834E7
27.26999999999995         6.838785063910079E7
27.29999999999996         6.778098371023725E7
27.329999999999963        6.716748857388227E7
27.35999999999996         6.655307479818164E7
27.38999999999996         6.594745711073433E7
27.419999999999966        6.5358520788582906E7
27.449999999999964        6.4785083500823036E7
27.47999999999996         6.421553718222793E7
27.509999999999966        6.3636805841791645E7
27.53999999999997         6.304538502472373E7
27.56999999999997         6.24464903235193E7
27.599999999999966        6.184562571842153E7
27.629999999999963        6.124465643658593E7
27.65999999999997         6.064376282910724E7
27.68999999999998         6.004500215521604E7
27.71999999999996         5.945135780238359E7
27.749999999999964        5.8862336716738485E7
27.779999999999983        5.827406120202344E7
27.809999999999974        5.768527110115299E7
27.83999999999997         5.7100379746837966E7
27.86999999999998         5.652462765602066E7
27.899999999999974        5.5956806484518E7
27.929999999999982        5.5388116142878495E7
27.95999999999998         5.4808339980241455E7
27.989999999999977        5.4213928901651554E7
28.01999999999997         5.360980222058103E7
28.049999999999986        5.30050577578577E7
28.079999999999973        5.2407858014741495E7
28.10999999999997         5.1824069607997514E7
28.13999999999998         5.125735667601064E7
28.169999999999977        5.070666131992491E7
28.199999999999978        5.016397808973615E7
28.229999999999983        4.961667543113252E7
28.25999999999998         4.905414865403928E7
28.289999999999985        4.847506900180468E7
28.31999999999998         4.788708296209621E7
28.34999999999998         4.729952872586065E7
28.379999999999985        4.671895356645729E7
28.40999999999999         4.6149283640358366E7
28.439999999999984        4.55918392960066E7
28.469999999999978        4.5043436601877995E7
28.499999999999986        4.449591737421419E7
28.529999999999987        4.394048523271815E7
28.55999999999998         4.3375318414392985E7
28.589999999999996        4.280858345444066E7
28.619999999999987        4.225221168191973E7
28.649999999999984        4.171267095231187E7
28.679999999999986        4.118780228948268E7
28.71                     4.0669832957616076E7
28.739999999999988        4.014998693216079E7
28.769999999999985        3.96203565482569E7
28.799999999999994        3.907524341233881E7
28.82999999999999         3.851415199469389E7
28.859999999999992        3.794456067075717E7
28.890000000000004        3.738041945332693E7
28.919999999999987        3.6834694257304534E7
28.949999999999992        3.631154130363791E7
28.98                     3.580552596621387E7
29.00999999999999         3.5306899681754425E7
29.039999999999992        3.480824279427618E7
29.07                     3.430703239764468E7
29.099999999999994        3.3802856710549094E7
29.129999999999992        3.329528674976198E7
29.16                     3.2785301888589624E7
29.189999999999998        3.2275954509129662E7
29.219999999999995        3.1769590327319458E7
29.25                     3.1265197871139128E7
29.28                     3.0759631453713212E7
29.31                     3.0251745324210383E7
29.339999999999996        2.9744791117123883E7
29.369999999999994        2.924412093498435E7
29.4                      2.8752932800447438E7
29.430000000000003        2.8271431547039863E7
29.460000000000004        2.7798854141143564E7
29.490000000000006        2.7334593230896316E7
29.52000000000001         2.6876631032135677E7
29.550000000000008        2.642085626994491E7
29.58                     2.5963386760379873E7
29.610000000000007        2.5503379293504898E7
29.640000000000015        2.504301533564743E7
29.67                     2.458428466396855E7
29.700000000000006        2.4125987895111993E7
29.730000000000018        2.3665280191301916E7
29.760000000000005        2.3201386719176732E7
29.790000000000006        2.2737167379703593E7
29.82000000000002         2.2277827754702963E7
29.85                     2.1828362622149803E7
29.880000000000013        2.1392111313955028E7
29.91000000000002         2.0971076321705196E7
29.940000000000005        2.0565406321747635E7
29.970000000000002        2.0170949608630296E7
30                        1.9778555295052618E7
