0                         2380.891993593005
0.029999999998822614      3655.1715754385577
0.059999999998824285      8835.090203728187
0.08999999999882595       15458.47054562197
0.11999999999882763       24113.75881063917
0.14999999999882926       35512.79106394254
0.17999999999883098       48707.81514150055
0.20999999999883265       66440.58152413942
0.23999999999883428       82794.29903699804
0.269999999998836         103193.9537366755
0.2999999999988376        130603.5129664692
0.32999999999883933       162771.95040526355
0.35999999999884086       193571.3790582992
0.38999999999884266       223281.2295282899
0.41999999999884435       254115.20781191436
0.449999999998846         289042.12813812465
0.47999999999884757       327354.94037001056
0.5099999999988492        373058.28432944434
0.5399999999988507        414987.25488503504
0.5699999999988523        470929.17144796206
0.5999999999988541        526580.6103535091
0.6299999999988559        578240.3711813499
0.6599999999988575        631082.5347116836
0.6899999999988591        683545.341651137
0.7199999999988608        744667.2092153581
0.7499999999988624        808895.2587214996
0.7799999999988639        866191.5585168642
0.8099999999988657        933140.5811813313
0.8399999999988673        1001502.0521987566
0.8699999999988693        1073461.794722707
0.8999999999988705        1163025.258398456
0.9299999999988724        1237171.804574069
0.9599999999988739        1323552.6557780919
0.9899999999988759        1406090.7697605072
1.0199999999988771        1486053.86228505
1.049999999998879         1579368.2172261968
1.0799999999988805        1672106.3368298693
1.1099999999988823        1750293.1057748515
1.1399999999988837        1838244.3968159046
1.1699999999988857        1937626.2012053153
1.1999999999988873        2049470.6439122336
1.229999999998889         2158254.9564604014
1.2599999999988907        2271714.3631522646
1.2899999999988927        2363998.2980513466
1.3199999999988938        2466367.6861623586
1.3499999999988959        2585403.862853133
1.3799999999988974        2701089.192379159
1.409999999998899         2810163.649760033
1.439999999998901         2918666.736411842
1.4699999999989029        3042784.442162444
1.4999999999989047        3184530.911617634
1.5299999999989058        3317666.833109554
1.5599999999989078        3453471.771277082
1.5899999999989096        3591550.4214859763
1.6199999999989112        3711420.401514071
1.6499999999989126        3843810.9738820214
1.6799999999989144        3956864.057053023
1.709999999998916         4087970.7349463203
1.739999999998918         4230347.317048878
1.7699999999989198        4385479.133761976
1.7999999999989214        4547554.675892872
1.8299999999989234        4709425.396898779
1.8599999999989243        4864023.665976895
1.8899999999989263        5009579.067429334
1.919999999998928         5151089.262453807
1.9499999999989297        5315526.1338154515
1.9799999999989315        5457596.245151033
2.009999999998933         5622399.6437160475
2.0399999999989347        5797335.699371173
2.0699999999989362        5971043.568442581
2.0999999999989383        6163510.659366594
2.12999999999894          6339945.726690518
2.159999999998941         6488184.970215783
2.1899999999989426        6640082.443187373
2.219999999998945         6803847.775161809
2.2499999999989475        6996849.594789619
2.279999999998948         7182069.711855478
2.3099999999989507        7347786.4618452145
2.339999999998952         7541374.033258149
2.3699999999989534        7737487.50696514
2.399999999998955         7964053.925331123
2.4299999999989566        8165116.911336568
2.459999999998959         8344529.259162839
2.48999999999896          8523485.528010221
2.5199999999989617        8714651.303636659
2.5499999999989633        8899017.501219269
2.5799999999989653        9095540.968137736
2.609999999998967         9297753.589740941
2.6399999999989685        9503535.768677041
2.6699999999989696        9705274.664919188
2.699999999998972         9935981.552317208
2.7299999999989746        1.0147497464519655E7
2.759999999998976         1.035798265039715E7
2.789999999998977         1.0569018454216603E7
2.8199999999989798        1.078186851328461E7
2.84999999999898          1.1004609755855888E7
2.8799999999989816        1.1218983596777014E7
2.9099999999989836        1.1429178661657624E7
2.939999999998986         1.165008142665211E7
2.9699999999989877        1.1870859239892777E7
2.999999999998988         1.212116354797391E7
3.0299999999989904        1.2365788914626064E7
3.059999999998993         1.2574219374136886E7
3.0899999999989936        1.2815421026223104E7
3.119999999998995         1.3041740819976812E7
3.1499999999989967        1.3272039113835799E7
3.1799999999989987        1.3481177055005467E7
3.209999999999001         1.3682700143982418E7
3.239999999999003         1.3916869161986114E7
3.269999999999005         1.4203475990326617E7
3.299999999999006         1.4485452177484829E7
3.329999999999008         1.4745647070959676E7
3.3599999999990096        1.4974266214736786E7
3.3899999999990102        1.5210360754865168E7
3.4199999999990123        1.5433253676544199E7
3.449999999999014         1.5681121261529326E7
3.4799999999990163        1.5926188413656313E7
3.509999999999018         1.6161295944017455E7
3.5399999999990204        1.6417871465054238E7
3.5699999999990206        1.6693046178587016E7
3.599999999999022         1.696615697992763E7
3.6299999999990247        1.7239939550840594E7
3.6599999999990263        1.748376433822722E7
3.6899999999990274        1.772123147909607E7
3.7199999999990294        1.7962252421664156E7
3.749999999999031         1.8213240779385764E7
3.779999999999034         1.8491504698763814E7
3.809999999999034         1.8748528157627013E7
3.839999999999036         1.903142065673233E7
3.8699999999990373        1.933168478071325E7
3.8999999999990393        1.9629386262323193E7
3.9299999999990427        1.9891852215725724E7
3.9599999999990425        2.0145703426916897E7
3.9899999999990445        2.038205868413704E7
4.019999999999046         2.063334385176435E7
4.049999999999048         2.0896811907423794E7
4.079999999999051         2.1168258550438777E7
4.109999999999051         2.143484369488404E7
4.139999999999053         2.175239122025624E7
4.169999999999055         2.2059549315464497E7
4.199999999999058         2.2348291437101103E7
4.22999999999906          2.2617580483216833E7
4.259999999999061         2.2869381172574293E7
4.289999999999062         2.3144179668943003E7
4.319999999999063         2.3445493251564816E7
4.349999999999066         2.3726105469519418E7
4.379999999999068         2.4003267879523683E7
4.4099999999990676        2.426542265544188E7
4.43999999999907          2.4550592762958586E7
4.469999999999072         2.486101676708418E7
4.499999999999072         2.515903639369526E7
4.529999999999075         2.5471413701457385E7
4.559999999999077         2.5739757550142054E7
4.58999999999908          2.6000212533457827E7
4.61999999999908          2.628151694138458E7
4.649999999999082         2.6573002501436617E7
4.679999999999083         2.6850497273795083E7
4.709999999999085         2.713308080425522E7
4.739999999999086         2.7418937531964105E7
4.769999999999088         2.7748074198800746E7
4.799999999999091         2.8075460362944067E7
4.829999999999093         2.8393703790594086E7
4.8599999999990935        2.8666538969415657E7
4.889999999999095         2.8944005223160915E7
4.919999999999097         2.923087824786301E7
4.949999999999102         2.951238872278352E7
4.9799999999991           2.9789101640192196E7
5.009999999999102         3.007582417538821E7
5.039999999999104         3.03719756674012E7
5.069999999999104         3.0695174021392778E7
5.099999999999107         3.100904161784587E7
5.129999999999109         3.1316165000634175E7
5.15999999999911          3.1604200498447116E7
5.189999999999114         3.1895441998274885E7
5.219999999999115         3.219295677608775E7
5.249999999999115         3.2451553383776277E7
5.279999999999118         3.2734821590388753E7
5.3099999999991185        3.3047506224915884E7
5.339999999999121         3.3382106367532138E7
5.369999999999122         3.372201069465781E7
5.3999999999991255        3.40538836163595E7
5.429999999999126         3.433543850421075E7
5.459999999999129         3.458547233535629E7
5.489999999999129         3.48303346090697E7
5.5199999999991345        3.511695697652154E7
5.549999999999134         3.5405719364245474E7
5.579999999999137         3.571646666341857E7
5.609999999999136         3.6015408036056824E7
5.639999999999137         3.6342478148653544E7
5.66999999999914          3.669812603841029E7
5.69999999999914          3.702135113812363E7
5.729999999999143         3.730149688531332E7
5.759999999999145         3.75685564422453E7
5.789999999999146         3.78284357827316E7
5.8199999999991485        3.813138888753945E7
5.8499999999991505        3.8429343434821956E7
5.87999999999915          3.8722200399109066E7
5.909999999999153         3.901956530908831E7
5.939999999999153         3.931744664236972E7
5.969999999999159         3.964548627537078E7
5.999999999999158         3.994868441873908E7
6.029999999999161         4.02222045078239E7
6.059999999999161         4.049922479580209E7
6.089999999999162         4.0782675793653294E7
6.119999999999164         4.1054662893358596E7
6.149999999999166         4.1348198420295864E7
6.1799999999991675        4.16487167400992E7
6.209999999999169         4.196278639960633E7
6.239999999999172         4.227539370311956E7
6.2699999999991745        4.2598122835701376E7
6.299999999999177         4.288299359545033E7
6.329999999999177         4.316308931838309E7
6.359999999999178         4.3434436787296765E7
6.389999999999181         4.370855230952351E7
6.419999999999183         4.399355025389522E7
6.449999999999182         4.4271430698844485E7
6.479999999999186         4.452335595394318E7
6.509999999999187         4.4794667244141586E7
6.53999999999919          4.5091278816485725E7
6.56999999999919          4.542322930477585E7
6.599999999999193         4.573473275030086E7
6.629999999999193         4.602000681903052E7
6.659999999999194         4.629935128189549E7
6.689999999999195         4.656930490538749E7
6.719999999999199         4.685052754794846E7
6.749999999999201         4.711454231148465E7
6.7799999999992036        4.735913197655916E7
6.809999999999203         4.7622111446551874E7
6.839999999999207         4.792803091335745E7
6.8699999999992105        4.824240230244109E7
6.899999999999207         4.8536534811568014E7
6.929999999999209         4.878576529949193E7
6.959999999999212         4.902546795384454E7
6.989999999999217         4.924967237350499E7
7.019999999999215         4.950567787936023E7
7.049999999999217         4.977397315097103E7
7.0799999999992185        5.00573858610002E7
7.109999999999224         5.035875881349083E7
7.139999999999222         5.066226645153166E7
7.169999999999223         5.0949545650482416E7
7.199999999999227         5.123034879070062E7
7.229999999999229         5.147139991900358E7
7.2599999999992315        5.1698634662486315E7
7.289999999999231         5.191501374923442E7
7.319999999999235         5.214556815237645E7
7.349999999999236         5.238730486415152E7
7.379999999999236         5.263739556533993E7
7.409999999999238         5.292056801616445E7
7.439999999999241         5.321911438236517E7
7.4699999999992395        5.3502444766784936E7
7.4999999999992415        5.3755544272605665E7
7.529999999999245         5.3968557116056636E7
7.559999999999244         5.416749580723281E7
7.589999999999248         5.440536931091583E7
7.6199999999992505        5.465557490235317E7
7.649999999999251         5.49006573253072E7
7.679999999999254         5.514268096280626E7
7.709999999999252         5.541419558984888E7
7.739999999999254         5.567878669469164E7
7.769999999999258         5.59324675509593E7
7.799999999999259         5.614669259975331E7
7.829999999999263         5.633327921742848E7
7.85999999999926          5.6529117630265355E7
7.8899999999992625        5.6753954342890136E7
7.919999999999266         5.69857720134016E7
7.94999999999927          5.7220782699287236E7
7.979999999999267         5.743010753172657E7
8.009999999999271         5.765393202534506E7
8.039999999999273         5.7890281033699386E7
8.069999999999274         5.813776647380969E7
8.099999999999275         5.8387647350014575E7
8.129999999999278         5.8602534681927994E7
8.159999999999277         5.8793678074947044E7
8.189999999999285         5.8985899650649615E7
8.219999999999283         5.917272313127567E7
8.24999999999928          5.93645087823444E7
8.279999999999287         5.955997690612246E7
8.309999999999288         5.975773917199761E7
8.33999999999929          5.998321759203586E7
8.36999999999929          6.020944770232818E7
8.399999999999292         6.041496391672929E7
8.429999999999293         6.058614172864831E7
8.459999999999297         6.0772504072676495E7
8.489999999999299         6.096218046441107E7
8.519999999999303         6.1140589207256876E7
8.549999999999303         6.131585403873406E7
8.579999999999302         6.150270568280018E7
8.609999999999305         6.170576363155062E7
8.639999999999306         6.1934386007299624E7
8.669999999999312         6.2137628885555066E7
8.69999999999931          6.231253960155987E7
8.729999999999311         6.2456614690848805E7
8.759999999999316         6.259945299335607E7
8.789999999999315         6.274692820973757E7
8.819999999999316         6.289109644203608E7
8.849999999999321         6.304045813266993E7
8.879999999999324         6.320846543477015E7
8.90999999999932          6.340283210258251E7
8.939999999999324         6.3622012677285485E7
8.969999999999324         6.382220837950397E7
8.999999999999327         6.397243164721467E7
9.029999999999326         6.4082827957050286E7
9.059999999999333         6.4182903692946374E7
9.089999999999337         6.430836023521226E7
9.11999999999933          6.446050796166424E7
9.149999999999338         6.463519953641853E7
9.179999999999339         6.479102733816516E7
9.209999999999338         6.49501961030754E7
9.239999999999341         6.511605203949329E7
9.269999999999342         6.525653950613412E7
9.299999999999343         6.5360529716324575E7
9.329999999999345         6.545025248857275E7
9.359999999999348         6.554108566773391E7
9.389999999999347         6.5660159253901E7
9.41999999999935          6.57814100099547E7
9.449999999999354         6.591497729981949E7
9.479999999999354         6.605583745026375E7
9.509999999999355         6.620675074344437E7
9.539999999999358         6.635945620029832E7
9.569999999999359         6.6483472750696845E7
9.599999999999358         6.657823794662064E7
9.629999999999363         6.6666882867805056E7
9.659999999999364         6.674950749276433E7
9.689999999999364         6.683985725465746E7
9.719999999999368         6.692679820859884E7
9.749999999999371         6.7003762432303876E7
9.779999999999372         6.709591838474873E7
9.809999999999373         6.720580860619567E7
9.839999999999376         6.732044472319114E7
9.869999999999376         6.741566938185431E7
9.899999999999379         6.749940932811162E7
9.929999999999378         6.756897973325089E7
9.959999999999383         6.764488584373415E7
9.989999999999384         6.773931198769179E7
10.019999999999385        6.783154168342885E7
10.049999999999388        6.789404001914915E7
10.079999999999387        6.794817750270556E7
10.10999999999939         6.801451580214316E7
10.13999999999939         6.81090009786166E7
10.169999999999392        6.819226629526061E7
10.199999999999395        6.824851821718639E7
10.229999999999396        6.827722308566743E7
10.259999999999396        6.829761954743586E7
10.289999999999397        6.833048839394E7
10.319999999999403        6.837157474285181E7
10.349999999999403        6.841280131301413E7
10.379999999999404        6.847669832374817E7
10.40999999999941         6.855995650816528E7
10.43999999999941         6.864560718419816E7
10.46999999999941         6.871069041908094E7
10.499999999999414        6.874118476792282E7
10.529999999999415        6.874453522021137E7
10.559999999999416        6.87371187936026E7
10.589999999999419        6.87400616199134E7
10.619999999999422        6.874649793676205E7
10.64999999999942         6.877143826085895E7
10.679999999999424        6.881593790840413E7
10.709999999999422        6.886038041129845E7
10.739999999999425        6.889472240988892E7
10.769999999999428        6.89105609152276E7
10.799999999999429        6.889173957182902E7
10.82999999999943         6.886807520976298E7
10.859999999999431        6.885183434628533E7
10.889999999999437        6.88545537358119E7
10.919999999999437        6.886347579256235E7
10.949999999999434        6.887288022113267E7
10.979999999999439        6.88949683655436E7
11.009999999999442        6.893122983101012E7
11.039999999999438        6.895702816218768E7
11.069999999999446        6.894757315232292E7
11.099999999999444        6.888400432880448E7
11.129999999999452        6.880372335534649E7
11.15999999999945         6.874754006282091E7
11.189999999999452        6.871838777054082E7
11.219999999999452        6.870029770606597E7
11.249999999999453        6.868414674455027E7
11.279999999999454        6.867242803466643E7
11.309999999999452        6.866321420598675E7
11.339999999999456        6.865390982436617E7
11.369999999999463        6.862271657878129E7
11.399999999999462        6.856723699171768E7
11.429999999999465        6.85084416883326E7
11.45999999999947         6.845716174404186E7
11.489999999999467        6.840791521406181E7
11.519999999999463        6.836093227591339E7
11.549999999999471        6.830109389239979E7
11.579999999999476        6.823634566264357E7
11.609999999999474        6.817187672882877E7
11.639999999999478        6.81164272171543E7
11.669999999999478        6.805860265175886E7
11.699999999999484        6.798716491628042E7
11.729999999999482        6.791077187781858E7
11.759999999999485        6.783522472874646E7
11.789999999999486        6.775411553695084E7
11.819999999999487        6.76764486156057E7
11.849999999999492        6.760003436950096E7
11.879999999999491        6.753564089818063E7
11.909999999999492        6.74846832277042E7
11.939999999999495        6.742547327467152E7
11.969999999999493        6.733711380826445E7
11.999999999999496        6.721882347102831E7
12.029999999999502        6.7096761826907136E7
12.0599999999995          6.69839623472589E7
12.0899999999995          6.687631780376414E7
12.119999999999504        6.6765359314241625E7
12.149999999999507        6.665284311092459E7
12.179999999999504        6.655884322506055E7
12.209999999999507        6.64884889955403E7
12.239999999999513        6.640956334009369E7
12.26999999999951         6.63074704056748E7
12.29999999999951         6.6175487501523614E7
12.329999999999517        6.602930336403016E7
12.35999999999952         6.588470261225574E7
12.389999999999517        6.5752432650786825E7
12.41999999999952         6.563422591280311E7
12.449999999999523        6.55230792021719E7
12.479999999999519        6.541806033304969E7
12.509999999999525        6.532142298573972E7
12.539999999999525        6.5206575323794805E7
12.569999999999526        6.505894855900487E7
12.599999999999534        6.488084409762067E7
12.629999999999534        6.469009378781254E7
12.659999999999535        6.45123683427579E7
12.689999999999536        6.436430554619686E7
12.719999999999537        6.4239360975330524E7
12.749999999999535        6.412064931262075E7
12.77999999999954         6.4004585741844736E7
12.80999999999954         6.388010460451239E7
12.839999999999549        6.373290755418015E7
12.869999999999543        6.356216516011078E7
12.899999999999547        6.337465350262417E7
12.92999999999955         6.318895446887122E7
12.959999999999546        6.301933115861948E7
12.989999999999553        6.2848421181978956E7
13.019999999999552        6.267387596372458E7
13.049999999999557        6.2501563151178114E7
13.079999999999558        6.234067194377433E7
13.10999999999956         6.2183760207586996E7
13.13999999999956         6.201118149066278E7
13.169999999999565        6.1820089805594064E7
13.19999999999956         6.16210501459009E7
13.229999999999567        6.142375964976602E7
13.25999999999957         6.124223327540802E7
13.28999999999957         6.106648108706854E7
13.319999999999572        6.088496981894568E7
13.349999999999572        6.0698276860573374E7
13.379999999999578        6.0513019185322024E7
13.409999999999581        6.033003988473259E7
13.439999999999575        6.014033584888135E7
13.469999999999581        5.993491176097634E7
13.499999999999583        5.9711641627991356E7
13.529999999999584        5.9485215669901684E7
13.559999999999587        5.92709813463316E7
13.589999999999584        5.9062540225772075E7
13.619999999999587        5.885112103536809E7
13.64999999999959         5.863890246872407E7
13.679999999999593        5.843081434551214E7
13.709999999999592        5.8236654476289645E7
13.739999999999597        5.804471225699231E7
13.769999999999598        5.7837886665198825E7
13.799999999999597        5.7610746972212784E7
13.829999999999602        5.7373964964561895E7
13.859999999999603        5.713601451628437E7
13.889999999999604        5.689746722053393E7
13.919999999999602        5.666475075515721E7
13.949999999999608        5.6448496519515835E7
13.97999999999961         5.624126306599057E7
14.009999999999607        5.602939229767286E7
14.039999999999612        5.57968314902722E7
14.069999999999617        5.553898196861456E7
14.099999999999612        5.5267730921237774E7
14.129999999999615        5.500213701105991E7
14.159999999999618        5.47517380020691E7
14.18999999999962         5.451376488368683E7
14.219999999999619        5.42883588047402E7
14.249999999999623        5.407433553966449E7
14.279999999999628        5.386384894466678E7
14.309999999999627        5.364654778611109E7
14.339999999999625        5.3404483622903876E7
14.36999999999963         5.3129727860299386E7
14.399999999999634        5.283886236444034E7
14.429999999999634        5.255049016257873E7
14.459999999999635        5.227948716683231E7
14.489999999999636        5.202200549372316E7
14.519999999999639        5.176939794925313E7
14.54999999999964         5.1521957739533655E7
14.579999999999636        5.128201567526908E7
14.609999999999644        5.104463387440761E7
14.639999999999645        5.079392034507747E7
14.669999999999646        5.051768707497739E7
14.699999999999646        5.023110621759991E7
14.72999999999965         4.995137284036813E7
14.759999999999655        4.968512374853791E7
14.789999999999653        4.9429797573941715E7
14.819999999999656        4.917532614612931E7
14.849999999999657        4.891474375740537E7
14.879999999999658        4.864783178859664E7
14.909999999999663        4.837210357621832E7
14.939999999999662        4.808316303236305E7
14.969999999999667        4.7786945143670656E7
14.999999999999666        4.749568981283954E7
15.029999999999667        4.7212575898141466E7
15.05999999999967         4.6936071216070555E7
15.08999999999967         4.666345280986993E7
15.11999999999967         4.639077455746393E7
15.149999999999666        4.6122008305499114E7
15.179999999999668        4.585673193435212E7
15.20999999999967         4.5590425156394415E7
15.23999999999967         4.5314876295650594E7
15.269999999999671        4.50259953593812E7
15.299999999999683        4.472977381061454E7
15.329999999999673        4.443306082075781E7
15.359999999999678        4.41372428767942E7
15.38999999999968         4.384139567019592E7
15.41999999999968         4.3544180573861636E7
15.449999999999681        4.325511388501858E7
15.47999999999968         4.2979326565006085E7
15.509999999999678        4.2706030141805716E7
15.539999999999685        4.24203673332187E7
15.569999999999684        4.2119018162876055E7
15.599999999999683        4.1812830505139224E7
15.62999999999969         4.1513792551498435E7
15.659999999999688        4.122627393210167E7
15.689999999999687        4.094399072214551E7
15.719999999999693        4.065953216182845E7
15.749999999999684        4.037746646435496E7
15.77999999999969         4.009849541579926E7
15.809999999999695        3.981286518477387E7
15.83999999999969         3.9513653004298836E7
15.869999999999694        3.919702757458394E7
15.899999999999695        3.887085815245933E7
15.929999999999694        3.8547593319724485E7
15.959999999999694        3.823669449886327E7
15.989999999999698        3.794313079930616E7
16.019999999999698        3.766510237666466E7
16.049999999999695        3.7396508083553545E7
16.079999999999693        3.712828729106838E7
16.1099999999997          3.684784272645096E7
16.139999999999702        3.654875636361465E7
16.169999999999696        3.62314681038108E7
16.199999999999694        3.590737443407057E7
16.229999999999706        3.55920150463112E7
16.2599999999997          3.528995113274614E7
16.289999999999704        3.499638960773907E7
16.319999999999705        3.4707626272742644E7
16.349999999999714        3.4422472195726655E7
16.379999999999708        3.413457003652295E7
16.409999999999705        3.383592520731433E7
16.43999999999971         3.3524795110673387E7
16.46999999999971         3.3206709220251556E7
16.499999999999712        3.289525477917404E7
16.52999999999971         3.259927319715364E7
16.55999999999971         3.2312096334614802E7
16.589999999999716        3.2024838174227674E7
16.619999999999713        3.17343595894248E7
16.64999999999971         3.144517478796446E7
16.67999999999972         3.115780694326643E7
16.709999999999717        3.0865395097635876E7
16.739999999999718        3.0562917177763987E7
16.769999999999712        3.025177792749372E7
16.79999999999972         2.9940237518283974E7
16.82999999999972         2.9637400526841745E7
16.85999999999972         2.9342681263872236E7
16.889999999999723        2.9052266122506347E7
16.91999999999972         2.8762358352532227E7
16.949999999999722        2.847166525914225E7
16.979999999999727        2.8182835811283916E7
17.009999999999728        2.789525675861922E7
17.039999999999726        2.7604598846473135E7
17.06999999999973         2.7309400412524126E7
17.099999999999728        2.701469934088407E7
17.12999999999973         2.6724340292649236E7
17.15999999999973         2.6436292607067727E7
17.189999999999724        2.6148983841677137E7
17.219999999999732        2.586239282245958E7
17.249999999999737        2.557752442721739E7
17.27999999999974         2.529540260353142E7
17.309999999999732        2.5010351040015385E7
17.33999999999973         2.4717500418801848E7
17.369999999999738        2.4418511669764034E7
17.399999999999736        2.41201574733353E7
17.429999999999733        2.382770004348243E7
17.459999999999734        2.354184777481755E7
17.48999999999974         2.3263489244037773E7
17.51999999999974         2.2995493518734157E7
17.54999999999974         2.273607999361247E7
17.579999999999742        2.2477503870170318E7
17.60999999999974         2.220794493820309E7
17.639999999999738        2.1921679699734055E7
17.66999999999974         2.162519794206819E7
17.699999999999747        2.1330177902806785E7
17.729999999999745        2.1044410464925107E7
17.759999999999746        2.0769124818337463E7
17.789999999999743        2.050173418130701E7
17.819999999999744        2.0238264944335967E7
17.849999999999746        1.9977222513723195E7
17.879999999999747        1.9716932944372084E7
17.909999999999748        1.9451111744974695E7
17.939999999999753        1.9176257934726022E7
17.969999999999754        1.88967775195491E7
17.99999999999975         1.8620482207227807E7
18.029999999999763        1.835496785633561E7
18.059999999999757        1.8100235882545236E7
18.089999999999755        1.7850917133247495E7
18.119999999999763        1.7602317270942193E7
18.149999999999753        1.73521416119761E7
18.179999999999758        1.7098389761421032E7
18.209999999999763        1.683782686772947E7
18.239999999999757        1.6569718295886274E7
18.26999999999976         1.6300260051169034E7
18.299999999999763        1.6036440222813444E7
18.329999999999764        1.5782075075543327E7
18.359999999999758        1.5536101203005645E7
18.389999999999766        1.5294899712810822E7
18.419999999999767        1.5056571559143012E7
18.44999999999977         1.4819374470701136E7
18.479999999999762        1.4580334906330638E7
18.50999999999977         1.4337550905258348E7
18.53999999999977         1.4093141112261903E7
18.569999999999766        1.3851225187156197E7
18.599999999999774        1.3613944894277088E7
18.629999999999775        1.3380457500332912E7
18.65999999999977         1.3147292036444288E7
18.689999999999774        1.2911945762121603E7
18.719999999999775        1.2677053504958743E7
18.749999999999776        1.2445538908538148E7
18.779999999999777        1.221739222192952E7
18.809999999999782        1.1989863419410558E7
18.839999999999772        1.1761058134808604E7
18.869999999999777        1.1532641992566358E7
18.899999999999782        1.1308799450397743E7
18.929999999999776        1.1092125808615973E7
18.959999999999788        1.088109282319699E7
18.98999999999979         1.0672070114736138E7
19.019999999999783        1.0464826484403074E7
19.04999999999979         1.0259688982688984E7
19.07999999999978         1.0054215198096793E7
19.109999999999786        9844520.394400254
19.13999999999979         9628986.705397658
19.16999999999979         9410953.927520586
19.199999999999786        9196218.443663595
19.22999999999979         8988808.880510362
19.259999999999796        8789016.76963529
19.289999999999782        8595617.966005916
19.31999999999979         8407557.828334317
19.349999999999795        8222500.770097794
19.379999999999786        8037408.718318318
19.409999999999798        7849918.368437383
19.439999999999795        7658890.5804440575
19.469999999999786        7466860.589031315
19.499999999999797        7277337.774166968
19.5299999999998          7092488.687679065
19.559999999999796        6913111.174940419
19.589999999999794        6738990.841156806
19.61999999999981         6568948.335033811
19.649999999999793        6400307.611996715
19.6799999999998          6229414.752725998
19.7099999999998          6054764.864361281
19.739999999999796        5877710.947098231
19.7699999999998          5703198.626063183
19.799999999999812        5536448.558394756
19.8299999999998          5378411.735582236
19.859999999999808        5226270.793874128
19.889999999999816        5076946.323430993
19.919999999999806        4928934.034538369
19.94999999999981         4781303.888846648
19.979999999999816        4632685.387458645
20.009999999999806        4481874.695706651
20.03999999999981         4329941.491927862
20.06999999999981         4180639.573638072
20.09999999999981         4036835.350924548
20.129999999999804        3898207.245219616
20.15999999999982         3763018.5944461245
20.189999999999813        3629589.4144690377
20.21999999999981         3497890.524279699
20.249999999999815        3368651.850227374
20.279999999999816        3241813.0789138726
20.30999999999981         3116648.6274021044
20.339999999999826        2993119.4789355053
20.36999999999982         2872297.7727276157
20.39999999999982         2755262.3363571395
20.42999999999982         2641742.283959265
20.459999999999823        2531036.466236031
20.489999999999824        2422161.7357417243
20.519999999999825        2314461.4084855295
20.549999999999827        2207852.959362816
20.579999999999828        2102391.1799412165
20.60999999999983         1998280.9425498708
20.639999999999837        1896288.4910427174
20.66999999999983         1797707.2592051139
20.699999999999832        1703257.3921418316
20.729999999999837        1612561.0678740458
20.75999999999983         1524990.4121928168
20.789999999999832        1440342.1572514921
20.819999999999837        1358847.9458507
20.84999999999983         1280198.3022242992
20.879999999999836        1202846.4676167867
20.909999999999837        1125723.5272416505
20.93999999999983         1049262.3576786518
20.96999999999984         974907.3461807242
20.999999999999844        903919.0352812308
21.02999999999983         836673.3623505837
21.059999999999842        772935.9450659076
21.08999999999984         712504.2120025204
21.119999999999838        655121.6036984032
21.149999999999835        600179.3239062518
21.17999999999984         546604.4916876225
21.20999999999984         493979.00668094534
21.239999999999846        443027.56297251995
21.26999999999985         395012.7236579437
21.299999999999848        350859.1064753651
21.32999999999985         310655.63443596294
21.35999999999985         273732.33942175366
21.389999999999844        239269.5859912347
21.419999999999852        206803.53288695787
21.44999999999985         176156.39452775725
21.479999999999848        147284.5277609406
21.509999999999845        120408.00632690373
21.539999999999857        95989.49749224953
21.569999999999858        74524.26646040079
21.599999999999856        56276.91900710508
21.62999999999986         41083.561959690545
21.65999999999986         28633.46920099824
21.689999999999856        18696.758055776943
21.719999999999853        11147.175947466509
21.74999999999986         5947.179557735222
21.779999999999863        3189.4316123716617
21.809999999999864        3076.1081183669653
21.83999999999986         5729.209836427624
21.869999999999862        11049.449254320489
21.899999999999867        18808.49011926046
21.929999999999865        28908.13185046894
21.95999999999986         41483.60970788496
21.989999999999867        56705.05726735566
22.019999999999868        74658.12292535767
22.04999999999987         95454.20578479678
22.07999999999987         119229.70021361788
22.10999999999987         145969.63342000503
22.139999999999873        175352.04243247514
22.169999999999874        206867.68979037457
22.199999999999875        240169.4430990194
22.229999999999873        275438.2269769611
22.259999999999877        313161.014801582
22.28999999999988         353555.55754190736
22.319999999999883        396546.53328653646
22.34999999999988         442041.6117863067
22.37999999999988         490340.34489249554
22.409999999999886        542038.2451732754
22.439999999999888        597305.0842283537
22.469999999999885        655569.7394706274
22.49999999999989         716031.1254314175
22.52999999999988         778249.9923444648
22.55999999999989         842291.7835180645
22.589999999999886        908237.9121674362
22.61999999999988         976278.941567892
22.64999999999989         1046860.9651448716
22.679999999999886        1120704.967139693
22.709999999999877        1198273.1772098604
22.739999999999885        1279117.0274389538
22.76999999999989         1362053.1124484173
22.799999999999887        1446249.234245778
22.829999999999888        1531655.815263609
22.85999999999988         1618517.0788373603
22.889999999999887        1707146.4614092016
22.919999999999888        1798451.5190622003
22.949999999999886        1893787.4227782162
22.97999999999989         1994325.6568693905
23.009999999999888        2100182.489494923
23.03999999999989         2209703.421316424
23.069999999999887        2320541.5248910855
23.09999999999989         2431073.723037744
23.12999999999989         2540927.587453454
23.159999999999894        2650661.7797752433
23.189999999999895        2761116.061380575
23.219999999999892        2873500.8129057647
23.24999999999989         2989768.0795993945
23.279999999999895        3111802.288519329
23.309999999999896        3240075.7678709817
23.339999999999886        3372499.0089121764
23.36999999999989         3505966.4597201576
23.399999999999896        3638764.6970596807
23.42999999999989         3771566.7427429897
23.45999999999989         3906421.0219248775
23.4899999999999          4044859.249649899
23.5199999999999          4186952.705912485
23.549999999999898        4332353.014223737
23.5799999999999          4480902.267246271
23.6099999999999          4631851.714408469
23.639999999999905        4783303.690199393
23.6699999999999          4933783.583079072
23.699999999999903        5083587.652090005
23.729999999999894        5234410.90647366
23.759999999999906        5388342.281944715
23.789999999999903        5546644.030763949
23.819999999999897        5709719.487699741
23.849999999999895        5877683.908910506
23.879999999999903        6050224.355877225
23.9099999999999          6226139.783600647
23.9399999999999          6403417.602584434
23.969999999999906        6580277.542607162
23.9999999999999          6756330.897611846
24.0299999999999          6932198.343580217
24.059999999999906        7108896.481556648
24.0899999999999          7286963.851279092
24.119999999999916        7466990.993952241
24.149999999999906        7650334.119590143
24.179999999999904        7838308.9507991
24.209999999999905        8030592.782407721
24.23999999999991         8225306.403580479
24.2699999999999          8420542.588009385
24.299999999999905        8616042.064539397
24.329999999999902        8813034.177643342
24.35999999999991         9012539.33116663
24.38999999999991         9213841.350259585
24.41999999999991         9416241.872791128
24.449999999999903        9621273.497097937
24.479999999999915        9831255.448279329
24.50999999999991         1.0046613589201648E7
24.539999999999907        1.0264733239092385E7
24.569999999999915        1.0481598799994564E7
24.599999999999916        1.0694839396457788E7
24.629999999999914        1.090470836763197E7
24.65999999999992         1.1113139643364513E7
24.689999999999912        1.1322790539417105E7
24.71999999999992         1.1536569754673438E7
24.749999999999915        1.1757575097864319E7
24.77999999999992         1.198738379841311E7
24.80999999999992         1.2224621572312716E7
24.839999999999918        1.2465050442718389E7
24.869999999999912        1.270369889468823E7
24.89999999999992         1.293770191195318E7
24.929999999999914        1.3167585397748977E7
24.95999999999992         1.3395750120534245E7
24.98999999999992         1.362501396811756E7
25.01999999999992         1.3857975305493772E7
25.04999999999992         1.409646835306125E7
25.079999999999917        1.4340409004859954E7
25.109999999999925        1.4587639439599287E7
25.139999999999922        1.4834593660455223E7
25.169999999999927        1.5078525598160649E7
25.199999999999918        1.532002876844551E7
25.229999999999922        1.5562029076893928E7
25.259999999999923        1.580696092416658E7
25.28999999999992         1.605597963147174E7
25.319999999999922        1.6309950084372219E7
25.349999999999923        1.6569886402652588E7
25.379999999999924        1.6835215910713103E7
25.409999999999922        1.7102191799624287E7
25.439999999999923        1.736554363552432E7
25.469999999999928        1.762216099045949E7
25.499999999999915        1.787383002602669E7
25.52999999999993         1.8125237083962288E7
25.559999999999935        1.838014683812615E7
25.589999999999925        1.863979204783096E7
25.619999999999926        1.890389975308824E7
25.649999999999938        1.917202565737053E7
25.679999999999925        1.9443702112623096E7
25.709999999999923        1.971723716339535E7
25.739999999999938        1.999005594312682E7
25.76999999999993         2.0260564891702104E7
25.799999999999923        2.0529766152464207E7
25.82999999999994         2.0799972760131657E7
25.859999999999925        2.1072757630566966E7
25.88999999999993         2.1348187011477273E7
25.91999999999994         2.162538011314472E7
25.949999999999932        2.1904223640403558E7
25.97999999999993         2.2185456427111477E7
26.00999999999994         2.2468477086558405E7
26.03999999999993         2.275085915648749E7
26.069999999999933        2.3030174245870207E7
26.09999999999994         2.3305841615357168E7
26.12999999999993         2.3579053091863573E7
26.159999999999933        2.3851611867624894E7
26.189999999999934        2.4126071063069254E7
26.21999999999994         2.440579436955501E7
26.24999999999994         2.469401023726518E7
26.279999999999944        2.499125918321153E7
26.309999999999935        2.529361881531422E7
26.33999999999994         2.5594775139934275E7
26.369999999999937        2.5890334930982277E7
26.39999999999994         2.6179366972482026E7
26.42999999999994         2.646307926861512E7
26.459999999999948        2.6743074012932185E7
26.48999999999994         2.702161021847576E7
26.51999999999994         2.730233673293627E7
26.54999999999994         2.7589669818172164E7
26.579999999999945        2.788540325234874E7
26.609999999999946        2.8186455189905867E7
26.639999999999947        2.848711510393867E7
26.669999999999956        2.8782953264796846E7
26.69999999999994         2.9073432589009833E7
26.729999999999947        2.9361722411954116E7
26.75999999999996         2.9651647376677766E7
26.789999999999942        2.9945708948078696E7
26.819999999999947        3.0245235560558394E7
26.849999999999955        3.0550644835117053E7
26.87999999999995         3.0860168548372284E7
26.909999999999943        3.1168467107237093E7
26.939999999999962        3.146913180351319E7
26.96999999999995         3.17590816966801E7
26.999999999999954        3.2040821092284456E7
27.029999999999962        3.2320826948674347E7
27.059999999999956        3.260544140552001E7
27.089999999999957        3.2897970499745995E7
27.11999999999996         3.3198904855373275E7
27.149999999999956        3.350653723523423E7
27.179999999999957        3.381715585457274E7
27.209999999999958        3.412582831838794E7
27.23999999999996         3.442910459334241E7
27.269999999999953        3.472685675371781E7
27.299999999999958        3.50218072381921E7
27.32999999999996         3.5316925497981176E7
27.359999999999957        3.561312191780189E7
27.389999999999954        3.591017410699768E7
27.419999999999966        3.6208468876475684E7
27.44999999999996         3.650818322768731E7
27.479999999999965        3.680797956461762E7
27.509999999999966        3.710509907007549E7
27.539999999999964        3.739736073939783E7
27.56999999999997         3.768541680574488E7
27.599999999999977        3.797282155746607E7
27.629999999999963        3.826353568078569E7
27.659999999999965        3.855902779835858E7
27.689999999999976        3.885868667179679E7
27.71999999999996         3.916215129794364E7
27.749999999999968        3.946949646253189E7
27.779999999999976        3.97791263402095E7
27.80999999999997         4.0086674043583535E7
27.839999999999968        4.038687658803309E7
27.86999999999998         4.067726870337604E7
27.899999999999967        4.095957213804441E7
27.929999999999975        4.123765630415376E7
27.959999999999983        4.1514574814737454E7
27.989999999999977        4.179279918094498E7
28.019999999999975        4.207562781060969E7
28.049999999999983        4.2366519211935736E7
28.07999999999997         4.26665305617386E7
28.10999999999998         4.297218274725959E7
28.13999999999998         4.327688877324126E7
28.169999999999973        4.357520055078129E7
28.199999999999974        4.386502644866434E7
28.229999999999986        4.414740322596481E7
28.259999999999977        4.442555556219443E7
28.289999999999978        4.470398979333433E7
28.319999999999975        4.4986865014641E7
28.34999999999998         4.52754264523491E7
28.379999999999974        4.556678668236518E7
28.409999999999982        4.585514529601984E7
28.439999999999984        4.613529763533299E7
28.469999999999978        4.640641363467739E7
28.49999999999999         4.667233424371521E7
28.529999999999987        4.6938500574849E7
28.559999999999977        4.720939814133913E7
28.589999999999982        4.7487736240469724E7
28.61999999999999         4.777440206217596E7
28.649999999999988        4.806754892867774E7
28.67999999999999         4.836176627770432E7
28.709999999999987        4.864925263293794E7
28.739999999999984        4.8924297568120085E7
28.769999999999985        4.91872432317653E7
28.799999999999994        4.944346553042285E7
28.829999999999995        4.969902223254596E7
28.859999999999992        4.995746783223083E7
28.890000000000004        5.021982699471289E7
28.919999999999987        5.048643738934815E7
28.949999999999996        5.07567712642533E7
28.98                     5.1027723993443504E7
29.00999999999999         5.129414813243295E7
29.039999999999992        5.155256690435544E7
29.070000000000007        5.180441195677189E7
29.099999999999994        5.205486663063466E7
29.129999999999995        5.2308940271863334E7
29.16                     5.256855112636668E7
29.189999999999998        5.2832105890209146E7
29.219999999999995        5.309623095212748E7
29.25                     5.335746932401375E7
29.279999999999998        5.361260282328855E7
29.310000000000002        5.385922393457307E7
29.340000000000003        5.409705185083016E7
29.37                     5.432859468620347E7
29.400000000000002        5.455767090447217E7
29.43                     5.478757708619877E7
29.460000000000004        5.5020247514463E7
29.489999999999995        5.5256773211386204E7
29.52                     5.5498325730008505E7
29.55                     5.5745105287124E7
29.580000000000005        5.599436127525848E7
29.610000000000007        5.6241015762831956E7
29.640000000000015        5.64803878877255E7
29.67                     5.6710683349699445E7
29.700000000000006        5.693291059703106E7
29.730000000000008        5.7148967395341694E7
29.760000000000005        5.736106241616119E7
29.790000000000013        5.7572674951010585E7
29.820000000000018        5.77882475028099E7
29.85                     5.801000336527525E7
29.880000000000006        5.823508377169991E7
29.91000000000002         5.845723574756627E7
29.940000000000012        5.8671485477610864E7
29.970000000000013        5.887730488539622E7
30                        5.9078084248581655E7
