0                         1.3789167233263502E8
0.07499999999977709       1.37890902284798E8
0.14999999999977798       1.3815848498840207E8
0.22499999999977885       1.3807887991369867E8
0.29999999999977967       1.3752466670836768E8
0.37499999999978045       1.3790822563530633E8
0.4499999999997814        1.3819799942418203E8
0.5249999999997824        1.3799563994746983E8
0.599999999999783         1.3764665254465207E8
0.6749999999997843        1.3718018328051606E8
0.7499999999997847        1.3753057924295732E8
0.8249999999997857        1.3763872311096126E8
0.8999999999997864        1.3743096255899426E8
0.9749999999997875        1.3707736238555434E8
1.0499999999997884        1.3682357468035975E8
1.1249999999997893        1.3680125631639656E8
1.1999999999997901        1.3627841991003817E8
1.2749999999997912        1.357513600214292E8
1.349999999999792         1.3547308373991352E8
1.4249999999997927        1.352024718096674E8
1.4999999999997933        1.3497077677706566E8
1.5749999999997948        1.346812536350084E8
1.6499999999997954        1.3420719386425006E8
1.7249999999997967        1.3388937420251E8
1.7999999999997975        1.3359234009105885E8
1.8749999999997984        1.331998593309331E8
1.9499999999997994        1.3264118309672627E8
2.0249999999998005        1.3224895555983812E8
2.099999999999801         1.3168393935837857E8
2.1749999999998018        1.3121077657940331E8
2.249999999999803         1.3080305602830921E8
2.324999999999804         1.3009494246340775E8
2.399999999999804         1.2974802216622722E8
2.4749999999998056        1.2913616215424466E8
2.5499999999998066        1.2862327973879065E8
2.6249999999998073        1.2814444920157862E8
2.6999999999998074        1.2737421621088567E8
2.7749999999998085        1.2708161864483193E8
2.84999999999981          1.2626769816404489E8
2.9249999999998115        1.2556034975299889E8
2.999999999999812         1.2526240944452001E8
3.0749999999998128        1.2431375942661114E8
3.149999999999814         1.2374031929860754E8
3.2249999999998145        1.231872080609722E8
3.2999999999998155        1.2265636287896962E8
3.3749999999998157        1.2195733209393887E8
3.4499999999998163        1.2120789226788299E8
3.5249999999998174        1.2056103237464401E8
3.59999999999982          1.1971260986977632E8
3.674999999999819         1.1915372626136087E8
3.7499999999998206        1.186536170354634E8
3.8249999999998217        1.1760299980193742E8
3.8999999999998227        1.1682695624190314E8
3.9749999999998242        1.1646001517811988E8
4.049999999999825         1.1548277929621148E8
4.124999999999826         1.1465680935105367E8
4.199999999999826         1.138399145495329E8
4.274999999999827         1.1317393573807763E8
4.349999999999827         1.1255834793855435E8
4.424999999999829         1.1158438223076972E8
4.499999999999831         1.1065426368012746E8
4.574999999999831         1.0989614229321752E8
4.64999999999983          1.0926481493620871E8
4.724999999999833         1.0840410201944873E8
4.799999999999834         1.0730791810524343E8
4.874999999999835         1.0653546009069088E8
4.949999999999835         1.0596741715033838E8
5.024999999999835         1.0504890181970997E8
5.099999999999836         1.0405886252859198E8
5.174999999999837         1.0305400129199225E8
5.2499999999998375        1.022805921469813E8
5.324999999999839         1.0152664072133136E8
5.399999999999841         1.0053593162685665E8
5.4749999999998415        9.956139692146634E7
5.549999999999842         9.873826692741139E7
5.624999999999843         9.797369317619833E7
5.699999999999844         9.684334937360395E7
5.774999999999845         9.567382378240125E7
5.849999999999846         9.475333464944777E7
5.924999999999846         9.391210634974049E7
5.99999999999985          9.301272246891631E7
6.07499999999985          9.170460362442575E7
6.14999999999985          9.066501925480586E7
6.224999999999849         8.974110734513612E7
6.299999999999849         8.870553854926543E7
6.374999999999853         8.7762302694874E7
6.4499999999998545        8.658602123737024E7
6.524999999999855         8.568853055413929E7
6.599999999999853         8.467673116292736E7
6.674999999999857         8.355227978941336E7
6.749999999999857         8.254319737870604E7
6.824999999999858         8.125001898151909E7
6.899999999999857         8.03386662408777E7
6.97499999999986          7.949608430134198E7
7.0499999999998595        7.824521574067017E7
7.124999999999861         7.709021949902979E7
7.199999999999862         7.59993850993498E7
7.274999999999865         7.485161388126065E7
7.349999999999863         7.389254533199142E7
7.424999999999866         7.28436619083721E7
7.499999999999864         7.18447754060689E7
7.574999999999868         7.079115675207552E7
7.649999999999869         6.968810869515419E7
7.72499999999987          6.867424604812863E7
7.79999999999987          6.746153849300684E7
7.874999999999872         6.6436978886645265E7
7.949999999999874         6.5468985773028284E7
8.024999999999874         6.441824142664393E7
8.099999999999877         6.3407357117739536E7
8.17499999999988          6.236766074516393E7
8.249999999999881         6.124195552471822E7
8.324999999999882         6.0216149715873934E7
8.399999999999885         5.914553229234806E7
8.474999999999882         5.810007455413294E7
8.549999999999883         5.708926470838836E7
8.624999999999885         5.6041886128902085E7
8.699999999999891         5.509656662588105E7
8.77499999999989          5.41237996862527E7
8.84999999999989          5.319305093026555E7
8.92499999999989          5.209960180667734E7
8.999999999999893         5.0969234318527244E7
9.07499999999989          5.003514904297346E7
9.149999999999894         4.916101961268672E7
9.224999999999898         4.81250494107234E7
9.299999999999901         4.701715766632291E7
9.374999999999899         4.605085654150761E7
9.449999999999902         4.506906587220617E7
9.524999999999903         4.407203854141848E7
9.599999999999902         4.309061875555427E7
9.674999999999905         4.200129240029904E7
9.749999999999904         4.1152734487358466E7
9.824999999999905         4.026787496114697E7
9.89999999999991          3.920278839594073E7
9.97499999999991          3.8197774772313155E7
10.049999999999908        3.72793018395225E7
10.124999999999915        3.649984468080273E7
10.199999999999912        3.556022505637237E7
10.274999999999913        3.4549236067333676E7
10.349999999999916        3.3600002188358694E7
10.424999999999915        3.2738521579814058E7
10.499999999999922        3.1888667971651185E7
10.574999999999916        3.0904766662420303E7
10.64999999999992         2.997532357770852E7
10.724999999999923        2.9269230019209642E7
10.799999999999919        2.844592174873805E7
10.874999999999929        2.7568252267092414E7
10.949999999999925        2.671001420660143E7
11.024999999999928        2.5803455826278895E7
11.099999999999927        2.5017863555794418E7
11.174999999999931        2.420443153071497E7
11.24999999999993         2.3367356959506627E7
11.324999999999932        2.257012972166271E7
11.399999999999935        2.181172952097139E7
11.47499999999994         2.1064394264088575E7
11.549999999999935        2.0280894518986557E7
11.62499999999994         1.950774463945459E7
11.69999999999994         1.8808302942355335E7
11.77499999999994         1.8109478788211964E7
11.84999999999995         1.737729236481468E7
11.924999999999946        1.6658710428548634E7
11.999999999999947        1.5938678119945038E7
12.074999999999948        1.5289915115132218E7
12.14999999999995         1.460947121809513E7
12.224999999999952        1.3927973814719185E7
12.299999999999955        1.3294901219037749E7
12.374999999999956        1.2669883900882367E7
12.44999999999996         1.211335323192635E7
12.524999999999956        1.1553751907517347E7
12.599999999999959        1.0974152975141888E7
12.674999999999965        1.040970502543058E7
12.749999999999964        9854947.679335402
12.824999999999967        9317761.718155518
12.899999999999965        8786022.290734055
12.974999999999966        8275221.696958877
13.049999999999972        7795695.059129887
13.12499999999997         7337294.060372613
13.19999999999997         6866363.446748899
13.274999999999974        6407263.849287865
13.349999999999971        5991932.429432382
13.424999999999981        5564395.975830247
13.499999999999979        5165047.82111207
13.574999999999978        4772261.632746647
13.649999999999979        4391613.308482684
13.72499999999998         4049096.274050293
13.799999999999983        3703560.007077184
13.874999999999984        3389258.120543699
13.949999999999982        3094578.362878226
14.024999999999991        2788152.6053248905
14.099999999999989        2494280.191599118
14.17499999999999         2225973.3861844447
14.249999999999993        1977318.3711184962
14.324999999999994        1741088.2954646624
14.4                      1497755.1233029338
14.474999999999994        1285200.5800878783
14.549999999999997        1088605.388713037
14.625                    919333.0695923344
14.7                      765831.7799464614
14.775000000000002        606192.1611704357
14.850000000000003        474987.85321949614
14.925000000000002        372462.8082592017
15                        271858.4850764648
15.075000000000365        125440.69419499075
15.150000000000363        90041.8694420885
15.225000000000362        86415.26230467395
15.300000000000363        78645.6646968786
15.375000000000359        70087.78886945918
15.450000000000351        32811.06744789101
15.525000000000349        16250.580450775758
15.60000000000035         21091.270462837947
15.675000000000345        38810.92224363953
15.75000000000034         79920.7571489919
15.825000000000346        94214.75594165939
15.900000000000341        36127.584282321906
15.975000000000339        11093.797087124532
16.050000000000338        10220.73664381852
16.125000000000334        29541.115203603025
16.200000000000333        55528.42919655623
16.27500000000034         61096.826020357774
16.35000000000034         67518.13847009664
16.42500000000033         52600.16790149959
16.500000000000323        42250.20920487023
16.575000000000326        57984.11159958363
16.650000000000333        68305.12319210552
16.72500000000032         39999.68385853117
16.800000000000324        19308.507392870386
16.87500000000032         10984.35682248228
16.950000000000323        5436.955055753665
17.02500000000032         11058.303903463175
17.10000000000031         22896.39948719216
17.175000000000317        21927.074947295387
17.250000000000313        19813.858114645915
17.325000000000305        11605.52505155886
17.400000000000297        7751.660920423136
17.4750000000003          5987.318374981085
17.550000000000296        182.98797888230152
17.625000000000302        21587.877101938946
17.70000000000029         37185.02142264983
17.77500000000029         35155.20830582042
17.850000000000286        4245.401958010245
17.925000000000292        475.71871281934636
18.000000000000284        4663.312278664111
18.075000000000287        3111.1253979889057
18.150000000000283        10198.808620263742
18.225000000000282        10592.093124329971
18.300000000000274        15144.815371104745
18.375000000000274        17907.237250713646
18.450000000000273        22982.96742820588
18.525000000000272        38516.529156245015
18.60000000000027         43148.73139605935
18.675000000000264        8306.204124846687
18.750000000000266        3076.2382467347497
18.825000000000266        413.3142097817561
18.90000000000026         9106.339125409066
18.97500000000026         3223.6905546192925
19.05000000000026         2471.099152030024
19.12500000000025         20061.04906194666
19.20000000000026         23228.30548608844
19.275000000000244        13668.733232532886
19.350000000000247        1357.1988687499363
19.425000000000257        2932.6968697877464
19.50000000000025         2394.816652720245
19.575000000000237        7570.848084424318
19.650000000000233        9786.548423451699
19.725000000000243        7340.040618413346
19.800000000000228        4172.802954129594
19.875000000000234        1467.4575568419311
19.950000000000227        11167.050104189935
20.025000000000226        28223.9667513067
20.100000000000225        13715.096938938741
20.175000000000217        4236.404646619084
20.25000000000022         20585.70132431392
20.325000000000212        23485.12709403073
20.400000000000222        9970.905742587938
20.475000000000215        4442.2043687712985
20.550000000000207        8684.480016774423
20.62500000000021         16799.946739383045
20.700000000000202        23777.125017864317
20.775000000000208        7546.976645580201
20.850000000000197        621.2628697245366
20.925000000000196        214.41959151607745
21.0000000000002          1026.4890091843158
21.0750000000002          14875.215522559973
21.15000000000019         13731.58564957924
21.225000000000197        473.80998423094286
21.30000000000019         5769.437859822653
21.375000000000178        3061.4690657162164
21.45000000000018         782.470342191502
21.525000000000173        2278.122924344
21.600000000000165        14504.624731851774
21.675000000000182        41441.150761449855
21.750000000000167        34235.09625235685
21.82500000000017         26609.596714279483
21.90000000000016         24398.030598651367
21.975000000000165        27864.590909687227
22.050000000000153        24121.76934978887
22.12500000000017         22361.230042610736
22.200000000000145        21554.676276093996
22.27500000000015         9226.581823710703
22.35000000000016         6786.7539292380025
22.425000000000146        15059.799795450064
22.500000000000146        45756.45203467906
22.575000000000152        50785.33062336792
22.650000000000134        30737.728346713382
22.725000000000144        14379.487683952655
22.800000000000132        13141.68591040575
22.875000000000124        9274.621918339839
22.950000000000138        13831.720985851574
23.025000000000137        18628.231024000743
23.100000000000122        23641.070026451518
23.175000000000118        18393.53598525731
23.25000000000012         20907.66465799784
23.32500000000012         39901.77979745501
23.400000000000112        51162.4630361313
23.475000000000104        50920.17119465874
23.55000000000011         23761.551085368876
23.625000000000103        5987.065414095519
23.700000000000102        3462.052958352154
23.77500000000009         9809.339541125531
23.850000000000094        25191.814838748993
23.925000000000082        30895.464707787465
24.000000000000096        27550.28185548014
24.075000000000088        33993.713121587854
24.15000000000007         39946.184912365155
24.225000000000083        45625.90266663672
24.300000000000086        58340.57859177542
24.375000000000078        36666.23266329464
24.450000000000074        18281.691223781476
24.525000000000063        10560.842353893973
24.600000000000065        9710.294636684523
24.675000000000065        23016.080923475867
24.750000000000057        16715.494492704674
24.825000000000056        11956.795048636135
24.900000000000066        15022.993529248159
24.975000000000055        14450.099920620742
25.050000000000043        6147.490490930397
25.12500000000004         3438.3310087506966
25.20000000000005         8513.562818526845
25.27500000000004         20499.297449363796
25.350000000000033        29423.014552406763
25.42500000000004         25704.283784621697
25.500000000000043        26987.38604997902
25.575000000000028        28901.798742520976
25.65000000000002         35389.75682900207
25.72500000000002         41818.97837771896
25.80000000000001         31979.702360755127
25.875000000000014        15455.887326887363
25.950000000000006        8840.92953385643
26.02500000000001         9577.951998553359
26.100000000000005        20321.4711283829
26.175000000000008        23207.989716874
26.25                     19125.723768191878
26.325000000000003        10286.389133299417
26.4                      3688.663048055853
26.474999999999987        3470.344873491019
26.549999999999983        6944.407480598838
26.62499999999999         11748.51741233123
26.69999999999999         23039.48666304334
26.774999999999984        34973.632628476276
26.84999999999997         44362.51996803843
26.924999999999976        51467.94463246695
26.99999999999997         55863.27339489099
27.074999999999967        64427.09345707879
27.14999999999997         46477.59100697332
27.224999999999966        26436.677874805195
27.299999999999958        23556.584527737905
27.374999999999964        16512.430030090913
27.449999999999957        12432.540675582648
27.524999999999956        11767.228772533077
27.599999999999948        27195.53545387101
27.67499999999996         42851.009108713995
27.749999999999943        36811.13382146065
27.824999999999935        24585.427274173315
27.899999999999935        20990.280057278436
27.974999999999945        23146.768060786257
28.049999999999933        20985.220507476548
28.124999999999925        21201.52144689772
28.19999999999993         19275.725120755986
28.274999999999928        21068.235482821514
28.349999999999923        23955.136248796203
28.424999999999915        36573.210893757736
28.499999999999915        47988.466678714045
28.574999999999918        38974.14967723699
28.649999999999913        22886.11890511314
28.724999999999905        14711.572924961525
28.79999999999991         15573.558385213802
28.874999999999904        15330.637402573619
28.949999999999903        16839.249427833514
29.0249999999999          15461.66558234515
29.099999999999902        17666.144095129242
29.174999999999887        15324.923344375078
29.24999999999988         15253.350546228356
29.32499999999989         15861.724188417853
29.399999999999878        11180.283114862468
29.474999999999877        6674.589710083735
29.549999999999883        4604.89955851022
29.624999999999876        2681.0348741590315
29.699999999999875        2668.0428271638107
29.774999999999867        1623.9629644960603
29.849999999999866        1194.2658463169575
29.92499999999986         934.8366680958472
30                        599.4121026256474
30.075000000002206        2097.3558566658394
30.150000000002194        3341.878639694261
30.22500000000218         29641.311530538955
30.30000000000217         10265.087287678889
30.37500000000219         1436.8704074395957
30.450000000002177        1207.7443543602733
30.52500000000216         3894.8975022593118
30.600000000002186        9434.4841101147
30.675000000002154        18602.16339608935
30.750000000002156        3309.183250920629
30.825000000002156        546.7184701586607
30.90000000000215         6538.5585584778255
30.975000000002137        8039.979317928583
31.050000000002147        7221.854769099249
31.12500000000214         1855.3248237001192
31.200000000002134        4596.434852533221
31.275000000002112        3263.4853067663275
31.35000000000212         5091.745578602929
31.425000000002125        5379.349000598392
31.500000000002125        7061.417093951565
31.575000000002117        163.74842410263665
31.650000000002102        7461.173732913088
31.725000000002098        10391.07238492155
31.800000000002104        2464.259609561934
31.875000000002103        9379.225390613268
31.950000000002095        1553.221661799754
32.02500000000209         8200.270828997333
32.10000000000208         10464.18924650233
32.17500000000208         15893.539804558899
32.25000000000207         1807.999059552244
32.325000000002085        5322.373835195759
32.400000000002066        2023.1030357492014
32.47500000000206         3086.4674401868
32.550000000002065        2461.629323597434
32.62500000000206         2927.3714383037086
32.70000000000205         6740.9027251924535
32.77500000000203         10704.28726885797
32.85000000000204         5066.4890992951905
32.925000000002036        1628.106954284025
33.00000000000202         9175.11177848574
33.075000000002035        11176.367684673249
33.150000000002024        7288.6621300132865
33.22500000000203         363.0581999619679
33.300000000002015        2742.7443554074207
33.375000000002004        4843.146573973993
33.450000000002014        4551.962188828313
33.525000000001995        3235.20558240113
33.600000000002           816.6837348440332
33.675000000002           3715.369027725223
33.75000000000198         10967.566610847804
33.82500000000199         7721.151391246561
33.90000000000199         580.3587039585119
33.975000000001984        669.2614878225025
34.050000000001965        7721.325046993821
34.12500000000196         4485.4300209298135
34.20000000000197         12007.640477297431
34.27500000000197         10459.357702260011
34.350000000001955        3808.6528443723932
34.42500000000196         8300.736456380779
34.50000000000194         13161.62011650139
34.57500000000195         9508.492207115598
34.65000000000193         5139.166953550891
34.72500000000193         3768.3769359684647
34.80000000000194         11007.363763269293
34.875000000001904        9645.258663515784
34.950000000001914        9340.790867256806
35.0250000000019          1432.1211357120822
35.100000000001906        3628.7009822290197
35.175000000001894        1032.3789225104688
35.2500000000019          1223.6610113810032
35.32500000000189         5213.304217415935
35.400000000001874        4623.617268384753
35.47500000000189         3297.957926022978
35.550000000001866        1890.7218467205446
35.62500000000186         845.1804810757377
35.70000000000188         2655.6664156852053
35.77500000000185         6018.331148861863
35.85000000000187         6367.133644193818
35.92500000000184         1258.2530849864017
36.00000000000185         1110.2123730580834
36.07500000000186         10371.973392971857
36.150000000001825        7208.690463455179
36.22500000000184         1124.6244954205654
36.30000000000184         1831.9622140805018
36.37500000000183         1167.2364501655854
36.45000000000182         3175.23403588349
36.525000000001825        5009.247925858265
36.60000000000181         6823.569473383973
36.67500000000181         703.5540270469087
36.75000000000182         3228.436010876857
36.82500000000181         667.9335333642388
36.90000000000178         2706.727512092934
36.97500000000179         7189.726773391558
37.05000000000178         7154.999882149651
37.12500000000178         1830.8301907919003
37.20000000000178         2707.701266248085
37.27500000000179         773.3772069175037
37.35000000000178         6222.591288402653
37.425000000001766        6044.568533450211
37.50000000000176         6971.759890157061
37.57500000000176         268.2714983783391
37.650000000001754        1825.4728963138289
37.72500000000176         3112.3731330163455
37.800000000001766        5424.243244396774
37.875000000001734        7649.131898743435
37.950000000001744        1772.5079320780337
38.025000000001725        269.29526719994465
38.10000000000172         4036.27069728825
38.17500000000171         10385.091863291462
38.25000000000172         7186.862033247003
38.32500000000172         382.1912753424315
38.4000000000017          3545.0978011442903
38.4750000000017          8232.685316065681
38.55000000000168         3988.9996792890797
38.625000000001684        1927.3406819875336
38.70000000000168         172.022800368705
38.775000000001675        4139.563951517401
38.850000000001685        14025.96175452351
38.92500000000167         8498.960924199135
39.00000000000168         2660.8955858599866
39.07500000000166         3176.024739490133
39.150000000001654        6001.122849636234
39.22500000000167         2856.3418471820587
39.30000000000164         5320.093420284273
39.37500000000165         1894.0799714883206
39.45000000000162         126.82412905677583
39.525000000001626        1726.3034956157128
39.60000000000162         4435.675157896305
39.67500000000161         2131.864908684184
39.750000000001606        3445.438732529041
39.8250000000016          1222.7082622190594
39.9000000000016          470.31553841242305
39.97500000000161         1653.8620586840375
40.0500000000016          3798.0305360628913
40.125000000001585        2312.363814312327
40.20000000000157         2387.7482687260276
40.27500000000159         3445.6589853650185
40.350000000001586        348.17645300821727
40.42500000000156         1239.8389894559418
40.50000000000156         3893.9686495663195
40.575000000001545        5617.8874215506185
40.650000000001555        1973.6102374232548
40.725000000001565        674.4207917237055
40.80000000000153         1143.8282932565005
40.875000000001535        2834.95992674826
40.95000000000153         6968.729963138318
41.025000000001526        5433.555836032663
41.10000000000152         1229.2618415405905
41.1750000000015          4651.741847738721
41.25000000000149         7367.424878337877
41.325000000001516        3137.676135041386
41.40000000000151         1964.9139606664135
41.4750000000015          904.6890693493543
41.55000000000149         409.09322796047024
41.625000000001485        7155.7453665591565
41.700000000001474        6388.994211171378
41.775000000001484        2515.321707189063
41.850000000001494        1077.0820549679136
41.92500000000146         98.18448485162956
42.000000000001464        932.8521017340157
42.07500000000146         7172.958959831887
42.15000000000146         9171.997189425885
42.22500000000144         5204.515090277124
42.300000000001454        1444.679767122103
42.37500000000145         2339.0435825401582
42.45000000000143         6080.6630307455725
42.52500000000144         8860.467061145682
42.60000000000142         4904.365218754525
42.67500000000143         1236.1724044432428
42.75000000000141         956.1966105869103
42.825000000001424        3764.57094522045
42.90000000000143         4228.343958973246
42.97500000000141         1882.850825401781
43.050000000001404        717.892324943384
43.12500000000139         1028.5212681987907
43.20000000000137         1072.5553298169464
43.275000000001405        2804.0248793195783
43.35000000000139         2512.2908367062223
43.425000000001376        370.5541441581173
43.500000000001386        3054.985415948852
43.57500000000135         4461.757678793003
43.65000000000138         1636.4740774290403
43.725000000001366        684.8665107466302
43.800000000001376        514.585417146282
43.87500000000135         1382.4273354424936
43.95000000000134         3630.8543650345437
44.02500000000133         6615.054385392235
44.10000000000132         1105.0064970005042
44.17500000000133         2026.3662140202882
44.25000000000132         2224.067122612865
44.32500000000131         2012.9028690346074
44.4000000000013          446.92478097427477
44.4750000000013          2332.5651549363693
44.5500000000013          3456.758999756798
44.62500000000128         3020.119178995692
44.700000000001296        589.2127015567008
44.77500000000129         592.7436100883937
44.8500000000013          4306.222840901769
44.92500000000129         7656.244798085754
45.00000000000127         4968.5722157157925
45.07500000000126         644.0435856459018
45.150000000001256        1816.4158816160534
45.225000000001266        7149.048018522274
45.30000000000126         3191.270361768203
45.37500000000126         1804.2271519136443
45.45000000000124         4862.235219527448
45.52500000000124         2927.0285333574097
45.600000000001224        8657.958221790528
45.675000000001226        16571.978042503644
45.75000000000121         2856.642804079497
45.825000000001225        352.9372183844023
45.900000000001235        1356.4686914215238
45.97500000000121         5269.063078401776
46.050000000001205        7313.125973326278
46.125000000001194        5762.711362992233
46.2000000000012          3585.520514108851
46.2750000000012          4321.49674630182
46.350000000001195        8364.152006285292
46.4250000000012          11770.613444717199
46.50000000000117         6123.881175448881
46.575000000001175        2019.3394493890967
46.650000000001185        965.9766570950255
46.72500000000116         5346.065633946631
46.80000000000116         2937.2941727053894
46.87500000000115         1269.0249670527235
46.950000000001154        1901.17556291793
47.025000000001164        3144.2665522411453
47.100000000001145        315.82630871111746
47.17500000000115         1269.8400749213426
47.250000000001144        885.3571099701988
47.325000000001154        254.46886286682147
47.40000000000114         6588.963598294733
47.475000000001124        6183.934529694239
47.55000000000114         4192.151688347647
47.62500000000113         2918.4316879584608
47.70000000000111         5157.131701537685
47.775000000001114        4191.468556399562
47.85000000000112         2351.1178545059656
47.92500000000112         1828.0553613867507
48.00000000000111         595.2355805494464
48.0750000000011          5221.2927231563835
48.150000000001114        10812.108147803336
48.22500000000109         5686.288104671873
48.30000000000109         640.6706711551542
48.375000000001094        3008.8931047718843
48.450000000001076        6235.3974346387795
48.52500000000107         4337.516182876009
48.600000000001074        2349.7922083758
48.675000000001056        522.4864973476433
48.75000000000109         1782.844620577414
48.825000000001076        11387.835637491016
48.90000000000106         13765.689940233162
48.97500000000106         5198.373799732446
49.050000000001056        839.1095683626451
49.12500000000104         2602.241944689561
49.20000000000103         9522.92238676769
49.27500000000106         8067.746880450618
49.350000000001025        3662.792721975754
49.425000000001035        2194.0557553527387
49.50000000000103         3280.787329957099
49.57500000000101         1814.7598173766303
49.650000000001036        6139.067081043257
49.725000000001           4352.728043145474
49.80000000000103         361.53536662295954
49.875000000001           4028.6879676107515
49.950000000001           3853.539283899536
50.02500000000099         2588.976092189553
50.10000000000101         1282.263457202419
50.175000000000985        7981.606774430785
50.25000000000098         4426.679419171421
50.32500000000099         343.69298162932256
50.40000000000097         6839.804347588656
50.47500000000097         5991.546541851853
50.55000000000096         2045.5547586308683
50.62500000000097         5068.640412191095
50.70000000000098         1120.912191320112
50.77500000000095         3709.3630285973845
50.85000000000095         8486.38949728734
50.92500000000095         6288.461213960772
51.00000000000096         2143.5781457590792
51.07500000000093         3500.6423078940634
51.150000000000944        2542.185538716006
51.225000000000946        6017.678197238544
51.30000000000092         14733.545311831638
51.37500000000091         8784.752806243408
51.45000000000091         356.61780109511864
51.52500000000091         6635.463339895149
51.60000000000091         17716.467435627048
51.67500000000091         15690.529372326777
51.75000000000091         7106.661467710018
51.82500000000089         166.61503365494423
51.90000000000089         7092.637558362372
51.97500000000088         15783.633388568906
52.05000000000089         19987.961433171276
52.12500000000092         6592.010682878154
52.20000000000088         535.3936331065875
52.27500000000088         9322.077781238984
52.35000000000086         19234.36465130881
52.425000000000864        17519.614540677965
52.50000000000087         2532.0876375849257
52.57500000000084         5167.557622102231
52.650000000000844        17729.273250473245
52.72500000000084         11692.452123612393
52.80000000000085         3865.441516582469
52.87500000000085         10825.535637589841
52.95000000000084         5190.3809131546595
53.025000000000844        9508.659341966333
53.10000000000083         13320.89276325586
53.175000000000836        4851.950077174757
53.2500000000008          6505.352449730533
53.325000000000806        13578.506729326933
53.400000000000816        10993.349388840134
53.4750000000008          5012.363333527222
53.5500000000008          6718.251228853132
53.625000000000796        15126.145096472646
53.70000000000079         10535.31161496121
53.77500000000077         10240.168814960643
53.85000000000079         4925.282028988541
53.92500000000078         7050.124667689936
54.000000000000774        20505.515568069266
54.07500000000078         17558.13115053142
54.15000000000077         3845.085655998571
54.22500000000078         9001.530429517066
54.30000000000075         15711.423684154013
54.375000000000746        16701.27826640519
54.450000000000735        11279.930307853876
54.52500000000073         4588.702971432131
54.60000000000073         8353.005739239814
54.67500000000072         22298.577066043606
54.75000000000073         26236.57204280596
54.82500000000073         12155.915580001698
54.900000000000716        2278.5623076624465
54.97500000000072         12523.0378607838
55.05000000000072         30749.471603306294
55.125000000000696        25349.70110971776
55.2000000000007          8559.281172431723
55.2750000000007          6387.536690461664
55.35000000000068         11387.810023328677
55.425000000000686        14183.75920727174
55.50000000000067         23885.398218894512
55.57500000000068         19441.396594241447
55.65000000000066         7880.3672870688115
55.72500000000065         7923.166880019824
55.80000000000067         21520.940440973867
55.87500000000065         17446.517670225207
55.950000000000664        12424.564575822315
56.02500000000066         15042.743548072996
56.100000000000634        11457.458806735829
56.175000000000665        12185.60172808205
56.25000000000065         19641.508594197003
56.32500000000063         14083.452222777321
56.40000000000062         11036.093880737719
56.47500000000062         20536.027190207653
56.55000000000063         13651.037682494534
56.62500000000062         15192.299060532
56.70000000000061         14911.995265004107
56.7750000000006          15690.433350811283
56.8500000000006          16666.666737233845
56.92500000000059         15765.906273486788
57.00000000000059         12790.142350765896
57.07500000000057         19749.211533364847
57.150000000000595        25402.211221853693
57.2250000000006          16772.939608646553
57.300000000000566        5110.449258281567
57.375000000000576        19824.906455622517
57.45000000000056         33827.93430456149
57.52500000000055         28495.812991972096
57.600000000000534        12516.50448415101
57.675000000000544        5522.731361680272
57.75000000000056         23650.812887063057
57.82500000000054         34829.08952078795
57.900000000000524        25013.634482566773
57.97500000000053         12667.157865829104
58.050000000000516        9147.367314655428
58.12500000000055         17805.010831525902
58.200000000000514        37143.88299597345
58.27500000000052         28478.98581067725
58.35000000000051         7434.8416713539755
58.425000000000495        14192.67176062762
58.50000000000049         31774.73199770173
58.57500000000048         21776.98718167339
58.6500000000005          15606.9018551818
58.72500000000048         16213.055768915336
58.80000000000048         15472.45964474458
58.875000000000455        23453.10342576222
58.95000000000047         27256.44685035625
59.02500000000045         15898.24029488293
59.10000000000045         11727.578895423454
59.17500000000048         23110.690251702934
59.250000000000455        23756.093824593667
59.32500000000044         17256.298395126538
59.400000000000446        17650.173598232584
59.47500000000043         17551.00744820706
59.550000000000445        20634.235211854822
59.6250000000004          21507.58685986692
59.70000000000043         15221.685476083134
59.77500000000039         19999.63448996902
59.85000000000041         28731.28803388743
59.9250000000004          17873.165410599544
60                        12391.054217590156
