0                         2289.98642497977
0.07500000000052875       12120.518416714855
0.15000000000052796       34347.33601126975
0.2250000000005271        74254.8709510356
0.30000000000052635       126728.74226531829
0.3750000000005254        187754.75976368837
0.4500000000005246        294402.39876370283
0.5250000000005239        371381.6786573494
0.6000000000005229        500127.3967871919
0.6750000000005223        650944.2033529818
0.7500000000005212        796815.4483879186
0.8250000000005208        979003.4895816194
0.9000000000005197        1143596.232294506
0.9750000000005193        1377206.3176840465
1.0500000000005185        1611230.033528238
1.1250000000005174        1813161.9232276524
1.2000000000005164        2059444.397382048
1.275000000000516         2332978.6996414424
1.3500000000005152        2640468.925822041
1.425000000000514         2943151.407299593
1.5000000000005143        3203633.078173474
1.5750000000005124        3534665.439972609
1.6500000000005122        3859797.3496523555
1.7250000000005112        4258513.975019262
1.8000000000005105        4634034.976253871
1.8750000000005098        5027644.967368078
1.9500000000005089        5432591.356088397
2.025000000000508         5816409.154388836
2.1000000000005072        6272201.994162603
2.1750000000005065        6655542.018000453
2.250000000000506         7137577.8407950075
2.325000000000505         7583344.677856064
2.400000000000505         8080598.6336055845
2.4750000000005032        8640416.429498853
2.5500000000005025        9086840.351572152
2.6250000000005014        9687349.799049053
2.700000000000501         1.0261203727604166E7
2.7750000000005004        1.0695541539126318E7
2.8500000000004997        1.1291535846349103E7
2.9250000000005008        1.1829358628552347E7
3.0000000000004987        1.2435077657933746E7
3.0750000000004976        1.300157844418734E7
3.1500000000004964        1.3624851814018784E7
3.2250000000004957        1.4279942568733921E7
3.300000000000496         1.486016400047156E7
3.3750000000004943        1.5584765624329073E7
3.4500000000004936        1.6254841555733027E7
3.5250000000004933        1.694286529681781E7
3.600000000000492         1.760767135664609E7
3.6750000000004914        1.8369359310878072E7
3.7500000000004903        1.9033726048080802E7
3.8250000000004896        1.9764186982708465E7
3.900000000000489         2.0499257957821075E7
3.9750000000004886        2.123187092503075E7
4.050000000000487         2.1920890885065105E7
4.125000000000487         2.264780646291731E7
4.200000000000484         2.3607333284079786E7
4.275000000000485         2.4344566535762057E7
4.3500000000004855        2.5134568295503583E7
4.425000000000485         2.5970224202610906E7
4.500000000000485         2.681383398789002E7
4.5750000000004825        2.7746715472312577E7
4.650000000000481         2.854419776607628E7
4.72500000000048          2.9271691367264405E7
4.800000000000479         3.0250919004164185E7
4.875000000000478         3.117106884883396E7
4.950000000000478         3.211671952435507E7
5.025000000000481         3.2885834535095938E7
5.100000000000477         3.371593768101185E7
5.175000000000475         3.479573112271485E7
5.250000000000476         3.5753420188474685E7
5.3250000000004745        3.67686230417722E7
5.400000000000472         3.760469684852207E7
5.475000000000475         3.858023456820007E7
5.550000000000473         3.967676174587619E7
5.6250000000004725        4.067945840790782E7
5.700000000000472         4.15530599910057E7
5.775000000000472         4.251616784058589E7
5.8500000000004695        4.3630044868308954E7
5.925000000000468         4.460670106035453E7
6.000000000000468         4.549943367703644E7
6.075000000000466         4.64618390563317E7
6.150000000000465         4.755525449032802E7
6.225000000000465         4.870789794292586E7
6.300000000000465         4.9639826650378495E7
6.375000000000464         5.0738285735285655E7
6.450000000000462         5.172325271226717E7
6.525000000000464         5.257916442867545E7
6.600000000000461         5.375123999431203E7
6.675000000000461         5.462655349871351E7
6.75000000000046          5.570351128825082E7
6.825000000000461         5.685326353726346E7
6.900000000000459         5.793696940166776E7
6.975000000000458         5.893847917519673E7
7.050000000000459         5.987636003765176E7
7.125000000000456         6.088351284080074E7
7.200000000000453         6.194293066668456E7
7.275000000000455         6.291560821333192E7
7.350000000000453         6.3920456796070255E7
7.425000000000453         6.512997641894004E7
7.500000000000451         6.6071271793110594E7
7.575000000000453         6.714768352473135E7
7.6500000000004515        6.810111192677243E7
7.725000000000452         6.89950641301406E7
7.800000000000453         7.001655069747198E7
7.875000000000448         7.108744940901288E7
7.950000000000448         7.22362570015667E7
8.025000000000444         7.340437809891066E7
8.100000000000446         7.433550680674076E7
8.175000000000448         7.529169256973788E7
8.250000000000444         7.620233801588938E7
8.325000000000443         7.716248177324021E7
8.400000000000446         7.831483916737339E7
8.475000000000444         7.925973350255065E7
8.550000000000445         8.035035063152409E7
8.625000000000442         8.127944854265125E7
8.70000000000044          8.231979135556096E7
8.775000000000437         8.34750090066763E7
8.850000000000437         8.447734109947073E7
8.92500000000044          8.534955269671613E7
9.000000000000437         8.632912132609986E7
9.075000000000436         8.736089896889134E7
9.150000000000434         8.827740016087994E7
9.225000000000437         8.936908516519621E7
9.30000000000043          9.045781839587255E7
9.375000000000435         9.149927572980976E7
9.45000000000043          9.250187701935142E7
9.52500000000043          9.342168461785707E7
9.600000000000428         9.449299242950432E7
9.675000000000434         9.557711100389017E7
9.75000000000043          9.655293460097666E7
9.82500000000043          9.758747060364538E7
9.900000000000427         9.836827381889121E7
9.975000000000428         9.938423305996287E7
10.050000000000425        1.003831909545277E8
10.125000000000423        1.0134691373329382E8
10.200000000000427        1.0219485039586273E8
10.275000000000421        1.0312267810258834E8
10.350000000000422        1.043467337048371E8
10.425000000000423        1.0534392873139918E8
10.500000000000423        1.0625942944574182E8
10.575000000000422        1.0717532975044043E8
10.650000000000423        1.0823504823631701E8
10.725000000000417        1.09125404556433E8
10.800000000000418        1.0979974623440503E8
10.875000000000417        1.1038083101606533E8
10.95000000000042         1.1126552026661116E8
11.025000000000416        1.122279045831438E8
11.100000000000417        1.1318247519838412E8
11.175000000000416        1.1405507466206889E8
11.250000000000412        1.1480818760305132E8
11.325000000000415        1.1570711821923144E8
11.40000000000041         1.1659079120425273E8
11.475000000000412        1.1727525131859261E8
11.55000000000041         1.1784590913857287E8
11.625000000000414        1.1865081904410312E8
11.700000000000404        1.194749317478336E8
11.775000000000405        1.2026940303640789E8
11.850000000000406        1.2081243371360107E8
11.925000000000407        1.215302019122845E8
12.000000000000405        1.221911802428074E8
12.075000000000408        1.2278840569826832E8
12.150000000000404        1.234683648870289E8
12.225000000000408        1.240505920674172E8
12.300000000000406        1.2470715815231508E8
12.375000000000403        1.252139181740934E8
12.450000000000404        1.2571541932320805E8
12.5250000000004          1.2624309196374072E8
12.600000000000401        1.2673555159668142E8
12.675000000000399        1.2724930820997983E8
12.750000000000401        1.2784221097588482E8
12.825000000000397        1.2829371025975442E8
12.900000000000395        1.2875747880546564E8
12.975000000000394        1.293204592294086E8
13.050000000000399        1.2986151486908625E8
13.125000000000396        1.3032669512844746E8
13.200000000000395        1.3075541432158417E8
13.27500000000039         1.3096442908306588E8
13.350000000000392        1.313296241797343E8
13.425000000000392        1.3169358182255694E8
13.500000000000393        1.3206677997147548E8
13.57500000000039         1.3263961259828267E8
13.65000000000039         1.3289166206543821E8
13.725000000000392        1.3327882661121887E8
13.800000000000388        1.3368935015849401E8
13.87500000000039         1.3408973149709338E8
13.950000000000388        1.343824477785662E8
14.02500000000039         1.345847186829189E8
14.100000000000383        1.3491926162551436E8
14.175000000000384        1.3533020760901976E8
14.250000000000382        1.355548339719074E8
14.325000000000381        1.3581916506809673E8
14.400000000000382        1.3605094038917747E8
14.475000000000385        1.3618200604507032E8
14.550000000000379        1.3653429982120943E8
14.62500000000038         1.3677283973168284E8
14.70000000000038         1.3692930240108383E8
14.775000000000382        1.3704608555690184E8
14.850000000000376        1.3733367392415702E8
14.925000000000376        1.3755428066314936E8
15.000000000000382        1.3761134491647863E8
15.075000000000374        1.3754773177733314E8
15.15000000000038         1.3813132738984448E8
15.225000000000376        1.3924261465893868E8
15.300000000000374        1.3538325666009483E8
15.375000000000371        1.365418776914021E8
15.45000000000037         1.382594194695429E8
15.525000000000368        1.3884157018516907E8
15.600000000000374        1.380636077032951E8
15.675000000000372        1.3587706306875747E8
15.750000000000371        1.3767048659740415E8
15.825000000000374        1.3734334313652918E8
15.900000000000368        1.3630159502412364E8
15.975000000000371        1.3610603162476024E8
16.050000000000363        1.376477976776928E8
16.125000000000366        1.366514193918497E8
16.20000000000036         1.352367624585179E8
16.27500000000036         1.3505357348503646E8
16.350000000000364        1.3526116717336518E8
16.425000000000363        1.3585681098978755E8
16.50000000000037         1.3517814266841048E8
16.575000000000358        1.352331978069608E8
16.650000000000357        1.3418297634457082E8
16.725000000000357        1.323600959352076E8
16.80000000000036         1.326980693467283E8
16.875000000000355        1.3453698400308305E8
16.950000000000355        1.3309610990000546E8
17.02500000000036         1.3208003312489586E8
17.100000000000357        1.313594048038339E8
17.175000000000352        1.2997226713220727E8
17.25000000000036         1.3154936173465058E8
17.325000000000355        1.2997580880581807E8
17.400000000000347        1.3026501844275737E8
17.47500000000035         1.2936848067643318E8
17.55000000000035         1.279842827298038E8
17.625000000000348        1.2765210251555449E8
17.700000000000344        1.2758792628422129E8
17.775000000000347        1.2714150251327242E8
17.850000000000346        1.2543489104153553E8
17.925000000000352        1.2633137143645793E8
18.000000000000348        1.2595016243916407E8
18.075000000000344        1.2357922587135865E8
18.150000000000347        1.2287886806386802E8
18.225000000000342        1.2250548471685986E8
18.30000000000035         1.2391651655109498E8
18.37500000000034         1.2207557929462479E8
18.45000000000034         1.2020750108875205E8
18.52500000000034         1.196588404340441E8
18.600000000000332        1.2014417372186609E8
18.67500000000034         1.1915123572788084E8
18.75000000000034         1.1771631392047805E8
18.825000000000337        1.1793526885973032E8
18.900000000000336        1.1690145757301565E8
18.975000000000342        1.1558441690242144E8
19.05000000000033         1.1444030860825835E8
19.125000000000334        1.1498243548849797E8
19.200000000000337        1.1472940357170019E8
19.27500000000034         1.1193277013265522E8
19.350000000000332        1.1209847179434055E8
19.425000000000328        1.1191911849935317E8
19.50000000000033         1.10768646772961E8
19.575000000000344        1.089108922655238E8
19.65000000000033         1.0909621092386904E8
19.72500000000032         1.085831381425411E8
19.800000000000328        1.0821774337482119E8
19.87500000000033         1.0569148729529457E8
19.950000000000326        1.0473720303000262E8
20.025000000000325        1.0548799102049538E8
20.100000000000325        1.0432739685746145E8
20.175000000000328        1.0268908033485772E8
20.25000000000032         1.018096751835939E8
20.32500000000032         1.0116209349993356E8
20.400000000000322        1.000181807078092E8
20.47500000000032         9.93184866796517E7
20.55000000000032         9.867485182616165E7
20.62500000000032         9.748149286545938E7
20.70000000000032         9.610542997887018E7
20.77500000000032         9.49669618917372E7
20.85000000000032         9.525705918650404E7
20.925000000000313        9.394124642990167E7
21.000000000000316        9.235970803875546E7
21.075000000000312        9.127375957940678E7
21.15000000000031         9.0532160035424E7
21.225000000000318        8.9754826738679E7
21.300000000000317        8.844216633430578E7
21.37500000000031         8.766182789106624E7
21.450000000000305        8.662473679221852E7
21.525000000000308        8.560087615452714E7
21.600000000000303        8.420336773888113E7
21.675000000000313        8.344908748160096E7
21.750000000000306        8.267383872128159E7
21.825000000000305        8.056639658614515E7
21.900000000000304        8.09138186614251E7
21.97500000000031         7.98075655006185E7
22.050000000000303        7.775126597754943E7
22.125000000000313        7.613129330731104E7
22.2000000000003          7.620926384383059E7
22.275000000000308        7.593115582311627E7
22.3500000000003          7.406289470220502E7
22.42500000000031         7.25433782426234E7
22.5000000000003          7.114165919860275E7
22.57500000000031         7.09693703871209E7
22.650000000000293        6.96493351387319E7
22.7250000000003          6.855722034067358E7
22.800000000000292        6.816527609262802E7
22.87500000000029         6.659036202574845E7
22.95000000000029         6.483026478276641E7
23.025000000000297        6.3951586136301026E7
23.10000000000029         6.369032294200245E7
23.17500000000029         6.276635553050351E7
23.250000000000284        6.107144489994121E7
23.325000000000287        6.014286454169637E7
23.40000000000028         5.9549787205049396E7
23.475000000000286        5.776973879858725E7
23.550000000000278        5.63291623943603E7
23.625000000000277        5.637434284710196E7
23.700000000000276        5.601627821118313E7
23.775000000000272        5.4413472766241804E7
23.850000000000286        5.216145036749626E7
23.925000000000274        5.124332976910821E7
24.000000000000274        5.107929221237999E7
24.075000000000266        5.049902128088068E7
24.150000000000272        4.899407522313604E7
24.22500000000027         4.8081839133501686E7
24.30000000000027         4.700709829510633E7
24.375000000000266        4.5327490249456845E7
24.450000000000273        4.497298576119416E7
24.52500000000027         4.443665871938317E7
24.600000000000268        4.332569902132342E7
24.675000000000267        4.2166285845116645E7
24.75000000000027         4.089469376904962E7
24.82500000000026         4.022260362094348E7
24.900000000000258        3.890087918761606E7
24.97500000000026         3.836252529619272E7
25.050000000000267        3.756194304076131E7
25.125000000000256        3.69544394934279E7
25.20000000000026         3.56528464612751E7
25.275000000000254        3.406194607847127E7
25.350000000000257        3.344046604063655E7
25.425000000000253        3.2715085071680944E7
25.50000000000025         3.2255478378722135E7
25.575000000000248        3.1382398183558874E7
25.65000000000025         3.0056451831248626E7
25.725000000000247        2.887589182397882E7
25.800000000000246        2.7954600387847256E7
25.87500000000025         2.7738486377056666E7
25.950000000000244        2.7220624178836778E7
26.025000000000244        2.6097978728673104E7
26.10000000000024         2.4844257017977405E7
26.17500000000024         2.421774380042359E7
26.25000000000024         2.3380660880115148E7
26.32500000000024         2.255171463158192E7
26.400000000000244        2.1911265534991205E7
26.475000000000247        2.1390523185713354E7
26.55000000000023         2.054398167368466E7
26.625000000000227        1.9467770247227345E7
26.70000000000024         1.8481883664834224E7
26.775000000000237        1.8234828638499163E7
26.85000000000023         1.768687056827231E7
26.925000000000235        1.6747156021018123E7
27.000000000000224        1.619540449348689E7
27.075000000000223        1.5513743677835377E7
27.150000000000226        1.4459632010775749E7
27.22500000000022         1.3858260033726996E7
27.300000000000225        1.3588296658765059E7
27.375000000000224        1.3300186028616408E7
27.45000000000022         1.2216774783246955E7
27.52500000000022         1.1348312661009625E7
27.60000000000022         1.0951952951571032E7
27.675000000000217        1.0636978459399313E7
27.750000000000217        1.0092978357173212E7
27.825000000000212        9330824.976892529
27.90000000000021         8988365.82133993
27.975000000000215        8475708.91044422
28.05000000000021         7855549.701151183
28.125000000000203        7296419.757381509
28.20000000000022         6967683.034350857
28.27500000000021         6683409.863317062
28.350000000000207        6078111.897205898
28.4250000000002          5643804.594281825
28.500000000000206        5238987.440135789
28.575000000000202        4804575.064906809
28.650000000000208        4406170.620829861
28.7250000000002          4227986.317352685
28.800000000000203        3914433.5648468374
28.8750000000002          3419493.036546819
28.950000000000202        3015269.658319548
29.025000000000208        2746136.506003444
29.1000000000002          2617711.239012217
29.17500000000019         2340532.6892806375
29.250000000000195        1947485.7435787574
29.325000000000195        1722057.0315703463
29.400000000000194        1534992.8625452195
29.475000000000197        1313329.019248198
29.55000000000019         1152009.185801967
29.62500000000019         973920.4198959356
29.70000000000019         752811.1273912176
29.77500000000018         608783.4570908314
29.850000000000183        509093.4596682713
29.92500000000019         386718.6887871052
30                        261083.8698565197
30.074999999999772        115718.02955134155
30.14999999999977         79632.0336424603
30.224999999999763        106267.03258979101
30.29999999999977         113988.90976753405
30.374999999999766        99257.21606954608
30.449999999999772        76672.71474666458
30.524999999999764        42054.51959331162
30.599999999999767        36712.47074176858
30.674999999999784        31875.689474912477
30.749999999999766        31620.71685670084
30.82499999999976         35771.78108909685
30.89999999999976         46658.315573159445
30.97499999999976         14312.049376997622
31.04999999999976         15836.431663906602
31.124999999999773        18851.0375312608
31.199999999999754        9549.073853461525
31.274999999999746        1302.987664448263
31.34999999999976         23909.404780756635
31.424999999999745        33207.081645963946
31.499999999999773        8991.645433914176
31.57499999999976         282.9021496447433
31.64999999999974         10068.081371059154
31.724999999999767        41266.554509921894
31.79999999999976         26103.769818383724
31.87499999999975         32696.22498617529
31.94999999999975         8353.465088368463
32.02499999999974         5964.821647569708
32.09999999999974         10020.613334628213
32.174999999999734        33255.39165919352
32.24999999999972         72345.65898337695
32.32499999999974         92457.24481581524
32.399999999999736        63111.924805213996
32.47499999999973         14357.746760871369
32.549999999999734        30807.095545730706
32.62499999999973         80858.9809246643
32.69999999999973         68071.04565770789
32.77499999999972         58717.94687850427
32.84999999999974         17639.19887214798
32.92499999999974         568.6578281715546
32.99999999999972         1167.9344447496164
33.07499999999974         4267.005196127794
33.14999999999973         29254.579165377352
33.224999999999724        43355.47124640486
33.29999999999971         28724.64393917786
33.374999999999716        13459.257574074589
33.44999999999975         4458.928137337086
33.52499999999972         8645.981252999485
33.599999999999724        25151.827699406982
33.6749999999997          42563.825345141304
33.74999999999972         43365.843395917705
33.824999999999726        26520.721163653187
33.899999999999714        9799.157480369977
33.97499999999972         27301.070512804232
34.04999999999972         61025.34887036448
34.124999999999716        98122.71802749274
34.19999999999971         74452.56041815212
34.27499999999969         89052.89990476271
34.34999999999973         43851.721642719545
34.424999999999706        30173.122990745942
34.4999999999997          63387.42295449317
34.574999999999726        70805.20311906311
34.64999999999969         69473.52538206289
34.724999999999696        67736.60078600862
34.79999999999969         39525.21889032591
34.874999999999694        42203.17693076357
34.9499999999997          79738.1683615084
35.0249999999997          131334.5738776215
35.09999999999969         87259.56531565794
35.174999999999706        62583.39774976622
35.2499999999997          30829.566091766053
35.32499999999969         17045.523032430825
35.3999999999997          17042.098607404623
35.47499999999968         17442.998566028742
35.54999999999968         15711.650609780929
35.62499999999969         3597.775111001973
35.69999999999969         2723.9646023428686
35.77499999999968         5849.360559278683
35.849999999999696        1293.5361976081344
35.92499999999968         2655.716790637059
35.99999999999968         7577.744384063226
36.074999999999655        3242.850765895422
36.14999999999968         1481.669403564991
36.22499999999968         9658.02106584156
36.29999999999967         25160.170070788685
36.37499999999969         18260.309337224615
36.449999999999676        15597.404919278537
36.524999999999686        16689.632879896075
36.59999999999969         35343.46716848094
36.674999999999656        43153.32789710034
36.74999999999967         27976.173239983364
36.82499999999967         30371.06927903409
36.899999999999665        47979.13375756028
36.97499999999967         35996.4169395309
37.04999999999966         44213.62581484005
37.12499999999966         38276.632375653826
37.19999999999966         27433.55306437218
37.27499999999966         32596.609422737176
37.34999999999965         43072.49064066732
37.42499999999967         47621.02325785937
37.49999999999966         39797.56912168046
37.574999999999655        40749.14370740276
37.64999999999966         23059.676382703252
37.724999999999646        15410.710604096585
37.79999999999968         29024.89412903635
37.87499999999965         30540.821055206212
37.94999999999965         11632.23783872537
38.02499999999968         955.0976661866866
38.09999999999966         7669.995479878778
38.174999999999656        5096.180613103759
38.24999999999965         8981.447344912756
38.32499999999965         19024.562058673095
38.39999999999966         19238.499641085808
38.47499999999964         11354.985790792976
38.54999999999966         7920.547203382974
38.624999999999645        4614.759443276212
38.69999999999966         3931.3233061965334
38.77499999999965         14983.617567629997
38.84999999999965         14442.563232363871
38.92499999999966         2534.9397486848866
38.999999999999645        16347.708319827954
39.07499999999966         17210.63767855068
39.14999999999964         18276.549008274695
39.22499999999964         32523.00057977422
39.29999999999966         59642.27343961403
39.37499999999963         44032.0239575421
39.44999999999966         31228.670169372508
39.524999999999636        25414.000053195006
39.59999999999964         18530.29844252964
39.67499999999966         30929.34240908699
39.74999999999964         40881.681306178456
39.82499999999965         24314.817951119523
39.89999999999964         15894.869678774512
39.974999999999646        12036.434796186191
40.04999999999964         16185.865774062895
40.12499999999965         23606.07913963826
40.19999999999964         33923.3351622706
40.274999999999665        24256.82095465609
40.349999999999646        8258.051568564244
40.42499999999964         3109.157738616134
40.49999999999965         2871.810295435268
40.574999999999655        8540.489536745981
40.649999999999636        8580.170923329688
40.72499999999964         2408.1989368562836
40.79999999999963         2166.74548867883
40.874999999999645        8012.672120395022
40.94999999999965         6930.630996668607
41.024999999999636        1089.7882543446801
41.09999999999963         123.84793405288474
41.17499999999963         31.672876823184488
41.24999999999964         1597.5008024585813
41.32499999999965         21873.491847292804
41.399999999999636        33324.89090680145
41.47499999999964         24086.044579578494
41.54999999999963         23396.208983789005
41.62499999999965         32471.66500810186
41.69999999999965         43041.246837214436
41.77499999999965         51657.855281836826
41.849999999999625        74023.11483470543
41.924999999999656        73315.7688875671
41.99999999999965         59868.59223600775
42.07499999999963         64464.61847346374
42.14999999999966         56914.48974494294
42.224999999999646        40702.24426224961
42.29999999999965         44867.99014114271
42.37499999999966         38399.363826012996
42.449999999999626        33536.19748299952
42.524999999999636        33371.96202724119
42.59999999999964         43223.44390313645
42.67499999999965         41630.549098456395
42.749999999999645        39260.94638651098
42.82499999999966         39825.216940719576
42.89999999999964         37938.16968451956
42.97499999999964         29650.857522851602
43.049999999999635        17114.05373317926
43.12499999999963         11713.67189609112
43.199999999999655        9930.784752441574
43.27499999999964         12949.417476047422
43.34999999999964         15542.607264048738
43.424999999999656        12895.573861512425
43.49999999999962         8795.062006923743
43.57499999999963         6573.393636568953
43.64999999999963         7551.769605806859
43.72499999999964         11418.1471877498
43.79999999999962         17308.21191286344
43.87499999999962         8626.030542075974
43.94999999999963         3002.3330797053377
44.02499999999962         7636.925499381644
44.099999999999625        12492.2137278925
44.17499999999963         29220.776233120796
44.24999999999963         48761.528556083606
44.32499999999964         50364.36899259421
44.399999999999636        36999.44401542753
44.47499999999962         34222.40139224933
44.549999999999635        29838.914389453414
44.62499999999964         26958.18525988252
44.69999999999965         30445.158571668453
44.774999999999636        21412.97186600301
44.84999999999964         13456.525734163759
44.924999999999635        9157.254366570363
45                        8339.13633313918
45.07499999999977         22353.838050995935
45.14999999999977         25679.049445533394
45.224999999999774        67329.11751789357
45.29999999999978         46360.355681842164
45.374999999999794        7559.75218504995
45.44999999999976         14758.84814930275
45.524999999999764        40333.47706911518
45.59999999999976         51649.29926512867
45.67499999999977         28710.62176450015
45.749999999999766        14938.806060532204
45.824999999999754        27567.803519762907
45.899999999999764        23539.08306235805
45.97499999999977         13302.292958670228
46.049999999999756        46006.19892091999
46.12499999999975         25557.406628468558
46.199999999999754        27031.05611424506
46.27499999999977         29201.81558227151
46.34999999999976         20207.52982952723
46.42499999999975         11585.838257734851
46.49999999999976         30327.960402697732
46.57499999999976         71445.76984496797
46.649999999999764        48307.31152818261
46.724999999999746        4928.166617103089
46.79999999999974         21380.461476995446
46.87499999999974         38921.27167869432
46.949999999999754        29603.9650494772
47.02499999999974         37539.37586003893
47.09999999999974         24643.568677691415
47.17499999999974         13882.214701359646
47.24999999999973         13967.382579562665
47.32499999999975         39235.13909728712
47.399999999999736        37762.08968822293
47.47499999999974         20764.845633135144
47.54999999999974         20916.669505960075
47.62499999999972         30061.363452602116
47.69999999999973         19227.543585298936
47.77499999999973         9246.495924725941
47.849999999999724        39350.24870139204
47.92499999999972         56010.12960083218
47.999999999999744        38010.926685602986
48.074999999999726        5432.469661502258
48.14999999999972         12819.529210814713
48.22499999999972         42935.05919077043
48.29999999999973         61483.89310206277
48.37499999999973         26027.427658600936
48.44999999999973         13681.144718884087
48.524999999999714        8618.575038413946
48.59999999999973         26821.582444307245
48.6749999999997          48485.36867886285
48.74999999999973         32636.624665841002
48.824999999999704        16275.177664308376
48.89999999999973         13052.621881534022
48.974999999999724        36797.72464767967
49.049999999999706        26350.512075196857
49.12499999999971         8736.349010234117
49.19999999999971         34155.447634516066
49.2749999999997          58783.370910173966
49.349999999999724        18201.2693324606
49.424999999999706        9517.90426198157
49.49999999999971         21596.65047151629
49.574999999999704        23951.265264760543
49.64999999999969         30577.89770937402
49.72499999999971         30322.53489964657
49.7999999999997          31433.395818204015
49.874999999999694        5181.140509818361
49.9499999999997          18791.461924184245
50.0249999999997          43429.26517856896
50.09999999999971         38656.654452232826
50.17499999999969         15890.42826022665
50.24999999999969         15909.024159031087
50.32499999999969         15855.9559625829
50.3999999999997          18084.567570947784
50.474999999999696        17592.862931719086
50.54999999999968         34575.50099562834
50.62499999999969         30819.58400775895
50.69999999999967         16517.25855914833
50.7749999999997          12530.075425283692
50.84999999999967         9553.807158980555
50.92499999999967         19866.160695839902
50.99999999999971         32409.276411647254
51.07499999999966         40550.11326652679
51.149999999999686        21761.916155838855
51.22499999999969         3403.0486732963677
51.29999999999967         13650.094234569286
51.374999999999694        45386.23689811169
51.449999999999655        41736.14516214557
51.52499999999967         15617.760011903618
51.599999999999675        7374.7218869559365
51.67499999999967         18216.529899642548
51.74999999999967         15314.56504796837
51.82499999999967         16785.095868098713
51.89999999999968         28179.370929638968
51.97499999999967         19080.401727333632
52.04999999999966         11439.127717104677
52.12499999999966         12195.95030107736
52.19999999999966         19571.89358278733
52.27499999999964         5750.2008630222845
52.34999999999965         23642.439564570315
52.42499999999967         44494.304498677
52.49999999999965         29223.318892793035
52.574999999999655        1599.3326529070464
52.64999999999969         12082.781948390983
52.72499999999964         29749.51229555746
52.79999999999967         31322.446233785122
52.87499999999966         21177.264798187578
52.94999999999965         7759.921018407074
53.02499999999965         6371.454499305083
53.09999999999965         9997.011814768815
53.17499999999967         31798.032777358243
53.249999999999645        24033.814329568468
53.324999999999655        9705.630080497716
53.39999999999966         10190.970697884313
53.474999999999646        11777.703759322878
53.54999999999966         8150.768791548272
53.62499999999965         10276.328251148876
53.69999999999964         22635.401721055394
53.77499999999966         32871.35454703707
53.849999999999646        16718.390998779523
53.92499999999967         152.88049267430216
53.999999999999645        13995.869216425448
54.074999999999655        29934.216865801107
54.14999999999965         31862.566970399992
54.22499999999964         11490.772174594604
54.29999999999964         3012.9039968926386
54.37499999999966         5907.200856843009
54.44999999999966         11826.110488074917
54.52499999999964         20116.32652317689
54.599999999999646        22725.720170076114
54.674999999999656        8863.426038099877
54.749999999999645        3069.0091267145735
54.824999999999655        14771.621176888835
54.89999999999964         12425.778501283672
54.97499999999963         5882.37734252997
55.049999999999656        12984.558455093887
55.124999999999645        19596.722424801406
55.19999999999966         7495.504414893809
55.274999999999665        2752.0169508297618
55.34999999999965         7945.098461168799
55.42499999999963         14348.308511153124
55.499999999999645        10263.018169541994
55.57499999999964         15593.86541736188
55.649999999999636        10136.543508369923
55.72499999999965         134.2672786953389
55.79999999999963         9717.822380463174
55.874999999999645        24191.424296372345
55.94999999999965         20530.630938011047
56.02499999999964         5636.050663117013
56.09999999999966         1799.6928696217437
56.174999999999635        6315.296859400134
56.249999999999645        8451.911643639736
56.32499999999965         5931.896105466544
56.39999999999965         11539.777388297949
56.474999999999646        8151.815131175217
56.54999999999966         2859.6562077409276
56.62499999999963         2738.898589130233
56.69999999999965         5177.305880139804
56.77499999999965         8792.803513182907
56.84999999999962         9187.623377274147
56.924999999999656        8943.619318784164
56.999999999999645        4206.084008584266
57.074999999999626        339.41081134070015
57.14999999999966         5988.907306709958
57.22499999999966         18459.25166707758
57.29999999999964         16002.5368622706
57.37499999999965         4729.630827573681
57.44999999999964         187.3359776346041
57.52499999999964         7019.678070355522
57.59999999999964         7509.095387072965
57.674999999999635        4748.24432474657
57.749999999999645        6213.018567430151
57.824999999999626        3489.0210517541022
57.899999999999636        970.1912865365987
57.974999999999646        5056.875560706203
58.04999999999966         6050.3977871137495
58.124999999999666        828.1878718659337
58.19999999999964         4616.2927625621705
58.274999999999636        12722.928507929006
58.34999999999964         9309.18976248629
58.424999999999656        1494.7600242258777
58.49999999999962         7112.887577862836
58.57499999999964         14472.514196378293
58.64999999999964         12699.10887888921
58.72499999999963         4314.117687211749
58.79999999999965         78.42130489768894
58.87499999999963         631.6539036884608
58.94999999999963         3775.623049026631
59.024999999999636        8522.683765539625
59.099999999999646        6992.344965249979
59.17499999999963         2476.01886429643
59.24999999999962         79.27321751505325
59.32499999999962         2043.4678798651087
59.39999999999965         1915.716591495731
59.474999999999646        2343.944777194643
59.54999999999962         4117.93823308264
59.62499999999962         5199.250111514378
59.699999999999626        3146.60633690304
59.77499999999963         589.9065017976721
59.84999999999964         3642.7322911611222
59.924999999999635        9115.510532390104
60                        10183.576307022
