0                         333.4795858845516
0.07499999999977769       30.434716085050095
0.14999999999977853       108.57996458687907
0.22499999999977938       632.5789833383943
0.29999999999978016       600.2047638738537
0.37499999999978106       105.7194555434247
0.449999999999782         52.18830456584718
0.5249999999997828        10.692369765917245
0.5999999999997837        512.4788847135595
0.6749999999997847        1268.568912173575
0.7499999999997856        470.0356217981904
0.8249999999997863        120.4150912471506
0.8999999999997873        346.1444104748094
0.9749999999997878        457.04141805096236
1.0499999999997887        855.2960737124158
1.1249999999997895        326.62375945604833
1.1999999999997903        783.2894618601804
1.2749999999997912        955.0320611788651
1.349999999999793         636.6854787568171
1.424999999999793         234.23163305316305
1.4999999999997944        47.653692157832104
1.574999999999795         543.996713217159
1.649999999999796         275.6184657066695
1.7249999999997967        570.6636039789123
1.7999999999997978        623.9472928794974
1.8749999999997988        171.0250343160407
1.9499999999997994        433.6850425520031
2.0249999999998005        195.3029996975919
2.099999999999801         52.28913117047709
2.174999999999802         201.0122490819307
2.249999999999803         612.6937541479873
2.324999999999804         1168.0592058182665
2.399999999999806         82.2330907576083
2.4749999999998056        16.799192247473826
2.549999999999808         272.42345475545244
2.6249999999998073        38.254718779213086
2.699999999999808         290.0340691773031
2.77499999999981          527.206606921181
2.849999999999811         199.03976964563373
2.9249999999998115        531.747205756928
2.9999999999998126        223.26064238765932
3.074999999999813         243.32228292358687
3.1499999999998143        78.69589611944403
3.224999999999815         402.7835764307187
3.299999999999815         1569.8782127879515
3.374999999999816         1151.2094188189963
3.4499999999998177        363.59611448903587
3.5249999999998174        876.2124934816726
3.59999999999982          1497.2211503128233
3.67499999999982          1107.2217501967862
3.7499999999998215        875.0115301644707
3.824999999999821         396.4733181674194
3.8999999999998236        959.1767372668688
3.974999999999825         171.34081876694606
4.049999999999826         133.34230024164802
4.124999999999826         355.26866956921026
4.199999999999827         837.6525136921803
4.274999999999826         1234.866438348235
4.349999999999828         1145.6646876393202
4.424999999999828         518.057442401284
4.4999999999998295        358.8514113216385
4.574999999999832         1092.6243748683032
4.649999999999832         993.7366252706672
4.724999999999831         667.4193910861023
4.799999999999835         1094.5124808248224
4.874999999999836         959.7809184084057
4.949999999999834         337.8134683722817
5.024999999999836         282.3714060265707
5.099999999999837         420.67376671455503
5.174999999999839         1228.8000478281326
5.249999999999838         1750.6347369783512
5.324999999999839         1426.558971164545
5.399999999999842         740.9247834052051
5.474999999999842         459.95546510646244
5.549999999999842         1284.9351456741863
5.624999999999844         1110.0198848130885
5.699999999999844         928.2804893036648
5.774999999999845         808.8743883244957
5.849999999999844         1188.9897555090624
5.924999999999849         1475.842504524019
5.99999999999985          1246.2752194472503
6.07499999999985          1195.9204605965806
6.14999999999985          1970.685501852311
6.224999999999849         2694.084663479202
6.299999999999852         1062.277581200187
6.374999999999853         724.6669186474815
6.4499999999998545        589.522774925422
6.524999999999855         1615.6443841329751
6.599999999999855         1876.2367802395781
6.674999999999857         1933.6320297883415
6.749999999999857         1821.935555042788
6.824999999999858         840.9479076861699
6.899999999999858         603.2599781617816
6.97499999999986          678.8849736106886
7.0499999999998595        1045.6536627154717
7.124999999999862         2763.8168317787436
7.199999999999862         3502.604322813568
7.274999999999864         1656.7162982207522
7.349999999999863         653.1224690978922
7.424999999999864         947.0760560483665
7.499999999999865         1332.9883298932143
7.574999999999868         981.1666091868177
7.649999999999869         1384.4291676245002
7.724999999999872         1227.295400897828
7.79999999999987          2190.1890137785363
7.874999999999873         1854.4329076642925
7.949999999999876         775.6665965241162
8.024999999999878         1616.9580158524977
8.099999999999882         2287.403636739565
8.17499999999988          1995.9410014327589
8.24999999999988          1567.6807868392495
8.32499999999988          1549.6022801245265
8.399999999999881         1303.56635488547
8.47499999999988          1655.3605204904338
8.549999999999883         1793.2700909249772
8.624999999999885         2369.622028845952
8.699999999999891         2355.6166711644446
8.77499999999989          3006.7038491230255
8.849999999999888         2028.1742546183868
8.92499999999989          1771.55951149951
8.999999999999892         2700.83409205743
9.074999999999893         3312.0473792517296
9.149999999999899         2243.1104529833688
9.224999999999893         1230.701912237564
9.2999999999999           923.0425507809053
9.3749999999999           1194.8430317597904
9.4499999999999           1830.010635216025
9.524999999999903         1605.0845549536907
9.599999999999902         2334.5022815285342
9.674999999999905         2711.0120762344964
9.749999999999906         2434.558082816844
9.824999999999907         1330.0843782461322
9.89999999999991          1228.046782237552
9.974999999999907         1596.8251447568168
10.049999999999908        2270.0685752113986
10.124999999999911        2444.397728990366
10.199999999999912        1933.6502849209344
10.274999999999917        1209.7145744457664
10.349999999999921        1283.4577267269988
10.424999999999919        1923.382022914352
10.499999999999918        2516.025850573033
10.574999999999921        2281.282277785119
10.64999999999992         2106.548185507439
10.724999999999923        2023.7358192119207
10.799999999999923        903.8481246241882
10.874999999999929        1433.515724792329
10.949999999999926        2513.3361732029794
11.024999999999926        3751.5663716432755
11.099999999999932        3486.509063395122
11.174999999999928        1948.743131131429
11.24999999999993         1765.1469812666217
11.324999999999935        2082.127437891581
11.399999999999931        3361.0944920123243
11.47499999999994         3582.6776324513417
11.549999999999939        3152.784475550787
11.62499999999994         2725.896734830334
11.699999999999939        1901.6410721021114
11.774999999999944        1079.543935701945
11.849999999999948        1041.0191542214752
11.924999999999947        1743.6635645620174
11.999999999999945        3141.5401341556803
12.074999999999951        3493.7069294285975
12.149999999999949        2327.6462597427444
12.224999999999952        1428.3704796269274
12.299999999999953        1944.002693100682
12.374999999999954        2400.896797612907
12.44999999999996         1692.120789290263
12.524999999999958        2023.613333321934
12.599999999999959        2028.6474154092882
12.674999999999958        1682.3581003085806
12.74999999999996         1283.7760591187655
12.824999999999967        1618.8713793735085
12.899999999999965        2063.51996019159
12.974999999999966        2628.8775884809497
13.04999999999997         2381.6199461831907
13.124999999999968        1837.1634906773502
13.19999999999997         1996.8880484672952
13.27499999999997         2714.8627407725307
13.349999999999973        3317.82642889551
13.424999999999978        2958.2399461394584
13.499999999999979        3280.7776218347985
13.574999999999978        3361.927184521592
13.649999999999983        3211.3041598517966
13.72499999999998         2405.750994473623
13.799999999999983        2402.27363042532
13.874999999999984        3766.4627296538497
13.949999999999982        5046.810027735355
14.02499999999999         3637.1029307142426
14.099999999999989        2673.077293853964
14.17499999999999         2101.532586573549
14.249999999999993        2125.4940017901085
14.32499999999999         2337.3686172149846
14.4                      2402.337251456424
14.474999999999994        2513.983472956912
14.549999999999997        1896.7502839091946
14.625                    1481.3681757013217
14.7                      807.6273420831045
14.775000000000002        1355.2509503531255
14.850000000000003        2126.8228738649545
14.925                    2404.3452805646534
15                        2111.8868983996017
15.075000000000529        9829.464328912896
15.15000000000053         29001.724019955513
15.225000000000525        68208.8964353036
15.30000000000053         114915.75722978587
15.375000000000528        174397.59668651375
15.45000000000053         381873.93439158454
15.525000000000524        327987.41595922713
15.600000000000536        439579.42131268705
15.675000000000525        691094.6501386825
15.750000000000531        855727.9252398493
15.825000000000532        1046139.1588233863
15.900000000000531        1036313.0843030234
15.975000000000538        1304501.1905490719
16.05000000000052         1619534.0274014976
16.125000000000533        1826300.7935807535
16.200000000000525        2002645.8876424828
16.27500000000052         2382125.2333900793
16.350000000000524        2565447.640717498
16.425000000000523        2803977.1182375806
16.500000000000526        3236438.676845843
16.575000000000525        3496131.009905651
16.65000000000052         3860032.9374501617
16.725000000000524        4454749.922565957
16.80000000000052         4528242.533231525
16.87500000000051         4865180.53754645
16.95000000000052         5285592.000850468
17.02500000000052         5579891.180263276
17.100000000000517        6494519.226162486
17.17500000000052         6756790.211350298
17.25000000000052         7223835.651699437
17.32500000000052         7554234.057267134
17.400000000000524        7731511.52113264
17.475000000000517        8577016.925647601
17.550000000000516        9520110.194783872
17.62500000000052         9794136.503972791
17.70000000000052         9714699.584738761
17.775000000000514        1.045989728084294E7
17.85000000000052         1.1251099473684719E7
17.925000000000512        1.2018234685555471E7
18.000000000000515        1.2526949734175438E7
18.075000000000514        1.2770711232044766E7
18.150000000000517        1.3623901624495115E7
18.225000000000524        1.4393489961322552E7
18.300000000000512        1.4665100216777137E7
18.375000000000508        1.5515571174772548E7
18.450000000000514        1.6163650302147938E7
18.525000000000514        1.7196167600459427E7
18.600000000000517        1.780242812415972E7
18.67500000000052         1.7893268061579466E7
18.75000000000051         1.876340720141908E7
18.825000000000514        1.993835456772463E7
18.900000000000514        2.0518226254445605E7
18.975000000000513        2.097863174618942E7
19.050000000000505        2.2325049246939186E7
19.12500000000051         2.2503479689124875E7
19.20000000000051         2.3261910194149744E7
19.27500000000051         2.4338200853887815E7
19.35000000000051         2.5236385739685826E7
19.42500000000051         2.601886069170475E7
19.500000000000515        2.651340260950102E7
19.57500000000051         2.7364299056180585E7
19.6500000000005          2.890329788302038E7
19.725000000000513        2.9510878115765363E7
19.80000000000051         2.9768945830903377E7
19.875000000000504        3.0896848103077486E7
19.950000000000514        3.184830620105353E7
20.0250000000005          3.3381932296888392E7
20.100000000000506        3.405612338351025E7
20.17500000000051         3.428648628204143E7
20.250000000000504        3.522451350254211E7
20.325000000000518        3.689318447992305E7
20.400000000000507        3.7446045498329565E7
20.47500000000051         3.8697330971260615E7
20.550000000000505        3.969946125940455E7
20.625000000000504        4.02444034081114E7
20.700000000000504        4.118482379421065E7
20.775000000000503        4.1963141474269874E7
20.85000000000051         4.3521475665698014E7
20.9250000000005          4.480314938959303E7
21.000000000000504        4.5322398296471916E7
21.0750000000005          4.603206287671222E7
21.150000000000507        4.7395330957807116E7
21.2250000000005          4.8002555972296916E7
21.30000000000049         4.920618097960137E7
21.375000000000497        5.071531300648219E7
21.4500000000005          5.1751824407946594E7
21.5250000000005          5.237971034856338E7
21.600000000000502        5.334965226775585E7
21.675000000000505        5.360453832621165E7
21.750000000000497        5.5392642315001756E7
21.8250000000005          5.730953741716471E7
21.9000000000005          5.809581452301299E7
21.97500000000051         5.8334140553323776E7
22.050000000000495        5.844592559277102E7
22.125000000000494        6.054006550240367E7
22.2000000000005          6.222905813811157E7
22.275000000000496        6.297593602696579E7
22.350000000000495        6.354632192061393E7
22.42500000000051         6.50054556517867E7
22.500000000000504        6.557659914860606E7
22.575000000000497        6.6469557236490004E7
22.650000000000492        6.813901306447946E7
22.725000000000506        6.883573886618966E7
22.8000000000005          6.98817765149753E7
22.875000000000497        7.106116339107905E7
22.950000000000493        7.175919767203109E7
23.025000000000503        7.321995080492283E7
23.1000000000005          7.40224519242184E7
23.17500000000049         7.466314113562422E7
23.2500000000005          7.649082157029307E7
23.3250000000005          7.737662529183604E7
23.400000000000492        7.817039384736402E7
23.475000000000495        7.8576940221453E7
23.5500000000005          7.98421325720011E7
23.625000000000497        8.183750353829607E7
23.7000000000005          8.278269392690085E7
23.7750000000005          8.277208873471491E7
23.850000000000502        8.39152378193294E7
23.925000000000495        8.610847685408944E7
24.0000000000005          8.649837826432353E7
24.075000000000507        8.684610668533981E7
24.1500000000005          8.798651342055951E7
24.2250000000005          8.932492425845483E7
24.300000000000505        9.099882707834017E7
24.3750000000005          9.156270005482844E7
24.450000000000493        9.193022755455479E7
24.5250000000005          9.299684067732976E7
24.600000000000495        9.385763626121731E7
24.675000000000498        9.582579929161054E7
24.7500000000005          9.714850073434857E7
24.8250000000005          9.751441197985016E7
24.90000000000051         9.797365179531284E7
24.9750000000005          9.87255568414885E7
25.05000000000049         1.0007284484851155E8
25.125000000000497        1.0139173689421155E8
25.2000000000005          1.031726442433803E8
25.275000000000492        1.0293286386196922E8
25.350000000000502        1.0349022918812226E8
25.425000000000498        1.0486626997156784E8
25.500000000000504        1.0570130082376133E8
25.575000000000497        1.0696205094058599E8
25.6500000000005          1.0780849007100753E8
25.725000000000506        1.0900535844285454E8
25.80000000000049         1.0968455941196358E8
25.8750000000005          1.0942529336617298E8
25.950000000000493        1.103617078841951E8
26.025000000000507        1.1231025554987448E8
26.1000000000005          1.1341264700591132E8
26.1750000000005          1.141637073751262E8
26.250000000000497        1.1409060013628438E8
26.325000000000497        1.1431916159504347E8
26.400000000000496        1.155140138126461E8
26.475000000000502        1.174646637329064E8
26.550000000000505        1.1778808729379109E8
26.625000000000504        1.1836424167355815E8
26.700000000000504        1.1896956031412433E8
26.775000000000507        1.1892141850520408E8
26.8500000000005          1.2010180975152731E8
26.925000000000495        1.2131683410287824E8
27.0000000000005          1.224361123891237E8
27.0750000000005          1.223433188034039E8
27.150000000000492        1.2212341466345032E8
27.225000000000506        1.2350022312749384E8
27.30000000000051         1.2473924137276146E8
27.375000000000508        1.2442630842041965E8
27.4500000000005          1.2490105134286019E8
27.525000000000503        1.2606106475758417E8
27.600000000000506        1.271084542646458E8
27.67500000000049         1.2697654172020763E8
27.750000000000508        1.271274083735147E8
27.825000000000514        1.2751704718581362E8
27.900000000000503        1.2871834934741995E8
27.975000000000502        1.2956762373083124E8
28.050000000000498        1.2919379606154427E8
28.125000000000504        1.2997451797345886E8
28.200000000000504        1.304502535643208E8
28.2750000000005          1.3104948626579222E8
28.350000000000506        1.3117201503710912E8
28.4250000000005          1.3136913901627725E8
28.500000000000504        1.3211633897332853E8
28.575000000000507        1.329280732386605E8
28.65000000000051         1.3299812698803222E8
28.725000000000502        1.3332728653715795E8
28.800000000000505        1.3353882584521195E8
28.875000000000497        1.333110933406621E8
28.9500000000005          1.3419853083608855E8
29.025000000000514        1.356945871214931E8
29.10000000000051         1.3542542912285036E8
29.175000000000505        1.344705194038591E8
29.250000000000497        1.3447029858587158E8
29.3250000000005          1.3542480686615303E8
29.400000000000492        1.3693045717397276E8
29.47500000000051         1.3681110159507802E8
29.550000000000495        1.3630860002176917E8
29.625000000000494        1.360272565262598E8
29.7000000000005          1.3624805320875236E8
29.775000000000503        1.3720875442846522E8
29.850000000000513        1.3757911040861827E8
29.9250000000005          1.3718256340431863E8
30.0000000000005          1.3760026745334536E8
30.075000000000504        1.3785667229336536E8
30.150000000000503        1.369477355415697E8
30.225000000000495        1.398824536784292E8
30.30000000000051         1.355727141225844E8
30.375000000000497        1.3662690638554522E8
30.450000000000504        1.3673932674131033E8
30.525000000000503        1.3876448796949202E8
30.6000000000005          1.37772092504225E8
30.67500000000051         1.3694922295920324E8
30.750000000000494        1.3553967169814444E8
30.82500000000049         1.3618574390932623E8
30.9000000000005          1.3650228039768445E8
30.9750000000005          1.365091754651468E8
31.050000000000498        1.3548173121948698E8
31.125000000000483        1.3753541264874128E8
31.200000000000486        1.3435246574866763E8
31.275000000000475        1.3337951150310048E8
31.350000000000495        1.3553868145266783E8
31.425000000000487        1.3534096243022132E8
31.500000000000494        1.3583356117670497E8
31.575000000000486        1.3141502864010248E8
31.65000000000048         1.3368605397218859E8
31.725000000000488        1.3403133085918398E8
31.800000000000487        1.3307607649948257E8
31.87500000000048         1.3121284702891982E8
31.950000000000486        1.3156224019485746E8
32.025000000000475        1.3169340201484038E8
32.10000000000048         1.3180341513357985E8
32.17500000000049         1.3063827616800089E8
32.25000000000048         1.2909351773186009E8
32.325000000000486        1.2866273413013162E8
32.400000000000475        1.2989996476557222E8
32.47500000000046         1.2795823935513444E8
32.55000000000047         1.2780128433157425E8
32.62500000000048         1.2808749304271926E8
32.70000000000047         1.2610862575005946E8
32.775000000000475        1.2595030814844367E8
32.85000000000047         1.2427643737697394E8
32.92500000000047         1.2552149176920575E8
33.00000000000047         1.2490928829297616E8
33.075000000000465        1.2336922670912614E8
33.15000000000048         1.2257901974428284E8
33.22500000000046         1.2267242907313651E8
33.300000000000466        1.2089776470731759E8
33.37500000000047         1.1996392368237102E8
33.450000000000465        1.2076958370415775E8
33.525000000000475        1.2128474158193691E8
33.60000000000048         1.1895849464428273E8
33.67500000000046         1.1693558302099194E8
33.750000000000476        1.1528176044239548E8
33.82500000000046         1.1727130488524641E8
33.90000000000049         1.1775121341427939E8
33.97500000000045         1.1572840671870536E8
34.05000000000046         1.1365413515696612E8
34.125000000000455        1.1219479459989855E8
34.200000000000465        1.128721307225096E8
34.27500000000047         1.129249431396115E8
34.35000000000046         1.1090337549911183E8
34.42500000000045         1.1068259561229463E8
34.500000000000455        1.1054702742744094E8
34.575000000000465        1.0787162252722834E8
34.65000000000045         1.0661008764569221E8
34.72500000000045         1.0752110533006133E8
34.80000000000046         1.071896469041228E8
34.875000000000455        1.054323065317351E8
34.95000000000044         1.0458140771584158E8
35.025000000000446        1.028474097946916E8
35.100000000000435        1.0280015468318492E8
35.17500000000047         1.011481785136972E8
35.250000000000455        1.0122829665337476E8
35.325000000000436        1.008496017114221E8
35.400000000000446        9.967122329316211E7
35.47500000000044         9.719772341775544E7
35.550000000000445        9.634917166444893E7
35.62500000000044         9.616203323159014E7
35.70000000000044         9.64687629012083E7
35.77500000000044         9.499418057508962E7
35.850000000000435        9.208550183506472E7
35.92500000000043         9.199172518280321E7
36.00000000000045         9.2163312410632E7
36.07500000000045         9.05939392290715E7
36.150000000000446        8.8769423543737E7
36.225000000000435        8.847768147654128E7
36.30000000000043         8.736302380287969E7
36.37500000000043         8.705024051642969E7
36.45000000000045         8.472311742646354E7
36.52500000000043         8.443570072098388E7
36.60000000000045         8.302594150082825E7
36.67500000000044         8.207820515658121E7
36.75000000000044         8.09654781427791E7
36.82500000000043         8.104381936832501E7
36.90000000000044         7.93340163809191E7
36.97500000000042         7.753225879756463E7
37.05000000000042         7.671888568718942E7
37.12500000000043         7.558542307540746E7
37.20000000000043         7.554397810180394E7
37.275000000000446        7.453199010029359E7
37.350000000000435        7.247991760800625E7
37.42500000000044         7.11864888771148E7
37.50000000000042         7.091004442156383E7
37.57500000000043         6.923281701875325E7
37.65000000000042         6.856119773920628E7
37.72500000000043         6.712065885869949E7
37.80000000000042         6.77111798611794E7
37.87500000000043         6.558829722463966E7
37.9500000000004          6.3302578904281646E7
38.025000000000425        6.212581846090748E7
38.1000000000004          6.28588186656132E7
38.17500000000042         6.21165556267066E7
38.25000000000041         6.02622794529411E7
38.32500000000042         5.878479941145835E7
38.40000000000041         5.702907315686117E7
38.47500000000043         5.671827649445977E7
38.550000000000395        5.64364042152728E7
38.62500000000042         5.5366434169967465E7
38.700000000000415        5.431764423210417E7
38.77500000000041         5.2698216628224984E7
38.85000000000041         5.09879731394966E7
38.925000000000416        5.0814105665242635E7
39.0000000000004          4.9978300752195045E7
39.075000000000394        4.97126157470873E7
39.15000000000039         4.7706448976869985E7
39.225000000000406        4.653506392017482E7
39.300000000000395        4.589189095130877E7
39.37500000000039         4.50583819263036E7
39.450000000000394        4.347550074153627E7
39.525000000000404        4.280241160390485E7
39.60000000000039         4.286891628134553E7
39.67500000000039         4.120760002044395E7
39.750000000000384        3.9471888798378564E7
39.8250000000004          3.872040492619568E7
39.9000000000004          3.828035535524453E7
39.97500000000039         3.7911295304434285E7
40.050000000000395        3.640648623432046E7
40.125000000000384        3.4961724893540226E7
40.20000000000037         3.452199834547241E7
40.27500000000039         3.3572762706065364E7
40.35000000000037         3.2976320571248665E7
40.42500000000038         3.167231878245686E7
40.50000000000036         3.085554128545783E7
40.57500000000038         3.0162952241358213E7
40.650000000000375        2.9359964423691455E7
40.72500000000038         2.829271647304549E7
40.80000000000035         2.7519819462348644E7
40.8750000000004          2.676356604949343E7
40.95000000000036         2.5583899724648036E7
41.02500000000036         2.490382424547463E7
41.10000000000037         2.477523256220865E7
41.175000000000395        2.3603277895330433E7
41.250000000000355        2.251631645755228E7
41.32500000000037         2.1319094898954783E7
41.40000000000035         2.1101718594561514E7
41.475000000000364        2.082285869318623E7
41.55000000000037         1.9664722640929032E7
41.625000000000355        1.8892967364268288E7
41.700000000000365        1.8053263200922064E7
41.775000000000354        1.731050071476882E7
41.850000000000364        1.6658427534983432E7
41.92500000000036         1.615021726557018E7
42.00000000000036         1.551605886179581E7
42.07500000000037         1.5005426019541487E7
42.15000000000035         1.4165275580431333E7
42.225000000000335        1.3109237600145658E7
42.30000000000033         1.2499426990236957E7
42.37500000000035         1.2567804476060359E7
42.45000000000034         1.1907872382376194E7
42.52500000000036         1.1229810453835834E7
42.60000000000035         1.0307715252372073E7
42.67500000000035         9813679.248841261
42.75000000000034         9259301.938420638
42.82500000000034         8824351.107887713
42.90000000000033         8732829.819255697
42.97500000000035         8169752.418224716
43.05000000000034         7230648.28652382
43.12500000000034         6563808.949154677
43.20000000000033         6442550.665379005
43.27500000000035         6249895.890593801
43.35000000000033         5853400.323133721
43.425000000000345        5158721.1526655285
43.50000000000033         4699523.015996699
43.57500000000032         4400626.2851694785
43.65000000000032         4178860.397036609
43.725000000000364        3643175.0465415893
43.80000000000032         3449691.970532194
43.87500000000033         3151924.0677300664
43.95000000000034         2847381.087024021
44.02500000000032         2419600.1226051264
44.10000000000032         2102304.064749836
44.17500000000031         2006816.550111852
44.25000000000032         1817871.4978445529
44.32500000000032         1517167.8140753007
44.40000000000031         1275499.675989059
44.47500000000032         1119810.9814807547
44.550000000000324        883801.8441192445
44.6250000000003          740509.4390823434
44.70000000000032         621951.369225901
44.77500000000032         510812.47918749927
44.8500000000003          350753.52985081275
44.92500000000031         260278.9619714846
45                        175468.51969185355
45.07499999999977         107691.07189551723
45.14999999999977         88580.4990117501
45.224999999999774        80572.84739699202
45.29999999999978         75684.15531027845
45.374999999999794        66184.76970358183
45.44999999999977         43645.9328327919
45.524999999999764        29554.522676173387
45.599999999999746        41985.03648184208
45.67499999999977         53600.61806842393
45.74999999999976         56302.44677847568
45.824999999999754        31369.21504162926
45.899999999999764        5940.93871542611
45.97499999999977         1061.8164694271657
46.049999999999756        3243.7579258252167
46.12499999999975         1376.9545375848838
46.199999999999754        26114.92304305918
46.27499999999977         69929.99410549742
46.34999999999976         30472.256206547627
46.42499999999974         5736.102743234413
46.49999999999976         8718.431154589656
46.57499999999976         1593.437734707867
46.64999999999977         11094.550947383375
46.72499999999975         35334.36532708484
46.79999999999974         37579.61835549677
46.87499999999974         23624.902863163217
46.949999999999754        16172.761800998604
47.02499999999974         33868.72212417899
47.09999999999974         44540.955551188796
47.17499999999974         49096.09253867588
47.24999999999973         42096.47521065527
47.32499999999975         23804.365416204444
47.399999999999736        14337.213563798383
47.47499999999973         46191.64670772087
47.54999999999975         113518.75208419371
47.62499999999972         110877.64813352258
47.69999999999973         76729.94904004868
47.774999999999736        58269.17881452335
47.849999999999724        43714.23401461165
47.92499999999973         41229.15632284912
47.99999999999974         30089.48466134852
48.07499999999972         34854.217699487825
48.149999999999714        24318.148508311613
48.22499999999973         28330.594340311214
48.299999999999706        53464.17604306751
48.37499999999973         69242.13539794418
48.449999999999726        44877.52893749935
48.52499999999972         28300.384233692497
48.59999999999973         19731.801593449356
48.67499999999971         20651.979243622234
48.74999999999973         17575.41982081603
48.824999999999704        26481.370374385922
48.89999999999971         26254.76001045983
48.9749999999997          27539.724761825353
49.04999999999972         18807.97148142589
49.124999999999716        22957.666877915017
49.19999999999975         22228.45812463165
49.2749999999997          6289.427082298771
49.34999999999972         4809.356968915317
49.424999999999706        15965.325161871076
49.4999999999997          26407.327104423992
49.574999999999704        19278.23362166223
49.64999999999969         23247.61127871945
49.72499999999972         28236.012711326697
49.799999999999706        42233.75475988125
49.874999999999694        42584.1361043901
49.94999999999969         22816.73706054676
50.024999999999686        23424.040721723115
50.09999999999971         35031.33485415251
50.174999999999685        60199.034726501784
50.24999999999969         104241.64642704901
50.32499999999969         103136.06567584879
50.39999999999969         59331.43541953542
50.47499999999968         46345.578129189256
50.54999999999968         42317.04519831132
50.62499999999971         53171.94880161509
50.699999999999676        67604.89768080122
50.77499999999969         94693.64689858058
50.849999999999675        106621.1116613912
50.92499999999968         89393.29890838635
50.99999999999971         96405.0034472797
51.07499999999968         87486.93357289906
51.149999999999686        76349.35912426087
51.22499999999966         37044.299665625345
51.29999999999968         25622.77818513546
51.37499999999967         21576.46870594357
51.44999999999967         23454.030727037218
51.52499999999967         32840.02650352099
51.599999999999675        39197.71827263723
51.67499999999967         20372.472872224844
51.74999999999967         8102.476514424752
51.82499999999967         7087.545936480231
51.89999999999968         6252.041937721789
51.97499999999967         1328.4295400452247
52.04999999999966         17358.254931898457
52.12499999999967         30033.414018610285
52.19999999999966         18622.423095316273
52.27499999999964         7514.903561682107
52.34999999999965         9426.147743894186
52.42499999999967         7582.730173388125
52.499999999999666        7984.856763355785
52.574999999999655        18992.146632186937
52.64999999999964         12449.71105719682
52.72499999999964         12760.021659896967
52.79999999999967         21559.275859
52.87499999999965         38448.588051295534
52.94999999999965         46768.684883408394
53.02499999999966         45987.64238362212
53.09999999999965         29053.560046125836
53.17499999999966         20985.947809213016
53.24999999999965         18324.957849611954
53.324999999999655        33608.751062967895
53.39999999999966         63773.44377990886
53.47499999999966         69128.80678937229
53.54999999999967         59355.11138763492
53.62499999999964         59150.93071923438
53.69999999999964         67973.4751900215
53.77499999999964         45110.96722726528
53.84999999999965         33125.72520403027
53.92499999999964         21630.583150171035
53.999999999999645        15249.156987947455
54.074999999999655        26786.600742928527
54.14999999999965         47470.016983279806
54.22499999999965         53453.36138867431
54.299999999999635        41523.46399166677
54.37499999999963         31888.702563537223
54.44999999999966         31825.106399502292
54.52499999999966         35161.822125356055
54.59999999999966         23744.38266594084
54.674999999999656        15421.346661937892
54.74999999999965         10161.400340847224
54.824999999999655        13331.625837634736
54.89999999999964         17264.943179372753
54.974999999999625        23974.182777661503
55.04999999999964         14719.560324574131
55.12499999999965         6030.779726183504
55.19999999999964         2910.8621973302015
55.27499999999966         8919.293261047285
55.34999999999966         14741.5308228964
55.42499999999963         20395.775056532682
55.49999999999964         30623.656658464162
55.574999999999655        37600.965486991714
55.64999999999965         46801.713176257195
55.724999999999646        43861.67760617487
55.79999999999965         27214.289141520963
55.874999999999645        24885.426009428782
55.94999999999965         35323.795962133896
56.024999999999636        51983.624382817135
56.09999999999964         77371.91341816883
56.174999999999635        87094.40860265073
56.24999999999963         71584.02788834847
56.32499999999965         60630.8724921528
56.39999999999965         61489.75287455324
56.474999999999646        54331.18405039384
56.54999999999966         48457.32885348976
56.62499999999963         56543.2492995404
56.69999999999965         63764.47312969191
56.774999999999636        76164.24892013789
56.849999999999625        77389.32145307286
56.924999999999656        69399.27294989917
56.99999999999964         55509.24837027782
57.07499999999963         35222.14968078741
57.149999999999636        24960.800181413008
57.22499999999964         21233.076612117187
57.299999999999635        13418.145206748552
57.37499999999966         11294.415675455784
57.449999999999655        16496.56747413374
57.52499999999963         15075.842646106545
57.599999999999646        10803.457644925795
57.67499999999964         9528.096764106112
57.74999999999965         5484.547189413472
57.824999999999626        315.34834045815194
57.89999999999964         5066.368237742629
57.97499999999965         10101.549952623813
58.04999999999965         11200.38349582484
58.12499999999962         8304.787532789998
58.199999999999655        9381.935804758883
58.274999999999636        6498.771237998487
58.34999999999964         6452.652488426957
58.424999999999635        7961.228958735292
58.49999999999962         6763.970208669474
58.57499999999963         6871.160289376512
58.649999999999636        17216.584948426585
58.72499999999963         30848.761041516173
58.79999999999963         37120.38811404829
58.87499999999964         40131.26760278286
58.94999999999964         38960.240307253305
59.02499999999965         31553.46162959257
59.09999999999962         24044.122280018808
59.17499999999963         25007.293694919223
59.24999999999963         30414.059877208594
59.324999999999655        42634.98350795007
59.39999999999965         52473.36396910973
59.47499999999962         60893.52411091268
59.549999999999635        58615.027510476655
59.62499999999962         43298.907426870304
59.69999999999963         37539.70592404684
59.77499999999962         33792.3208080459
59.84999999999964         29354.89212414916
59.92499999999963         24846.07087609084
60                        30493.831437699097
