0                         43.986039596624266
0.07499999999977769       41.11917987556555
0.14999999999977853       45.75072289103144
0.22499999999977943       80.23214514326325
0.29999999999978016       56.854484667474374
0.37499999999978106       49.531155118504614
0.4499999999997819        70.41390232212387
0.5249999999997828        218.91476181863294
0.5999999999997837        10.242597534166338
0.6749999999997848        13.60305356503319
0.7499999999997854        63.24336326787153
0.8249999999997863        249.29490383844768
0.8999999999997872        203.37145779791032
0.9749999999997878        30.756481637377803
1.0499999999997887        35.69101286607089
1.1249999999997895        146.95545525585683
1.1999999999997903        313.7106391151991
1.2749999999997914        36.60022215135112
1.3499999999997923        127.44505197460953
1.4249999999997935        20.18328647268103
1.499999999999794         293.8440567962792
1.574999999999795         434.8358950927436
1.649999999999796         324.8407062603907
1.7249999999997967        183.6211942428805
1.7999999999997975        336.42932057160004
1.8749999999997988        313.075776301659
1.9499999999997994        579.0433176860749
2.0249999999998005        124.28102618184589
2.099999999999801         365.968584453505
2.174999999999802         587.953244854956
2.249999999999803         755.3308246023321
2.3249999999998043        579.2351881205406
2.399999999999806         466.7652788310041
2.4749999999998056        237.20319416738508
2.5499999999998066        8.727623837180658
2.6249999999998073        39.40889340964084
2.699999999999808         38.09126909480849
2.77499999999981          27.85289092446727
2.8499999999998105        162.27850621437727
2.9249999999998115        79.2817981522041
2.9999999999998126        67.74042352155901
3.074999999999813         83.38832425439308
3.1499999999998143        74.16706845026648
3.224999999999815         472.22438181266165
3.2999999999998164        211.30540785687367
3.3749999999998175        14.542137419404797
3.449999999999818         65.45204289292506
3.5249999999998183        1.3864271623559092
3.5999999999998193        33.44340514585265
3.6749999999998195        224.0773244097878
3.749999999999821         231.0880836616247
3.824999999999821         77.51411859460651
3.8999999999998236        38.12742395989394
3.974999999999825         141.8098068530004
4.049999999999826         86.98853196298167
4.124999999999826         31.978868100263398
4.199999999999827         20.402984527256052
4.274999999999827         49.37407687000928
4.349999999999828         288.1009926357263
4.424999999999829         52.333850754139725
4.4999999999998295        375.50815948392557
4.574999999999832         270.70105028924473
4.649999999999832         217.47499628122725
4.724999999999833         42.73479078781885
4.799999999999835         38.540251281816495
4.874999999999836         92.46985763218761
4.949999999999834         303.39253716499815
5.024999999999836         169.40633874319707
5.099999999999837         228.63915252870262
5.174999999999838         197.8192562244253
5.24999999999984          99.17239480395195
5.324999999999839         341.2683919252852
5.399999999999842         34.017775962464526
5.4749999999998415        151.70636620724153
5.549999999999844         60.12478850255283
5.624999999999844         8.207578211925222
5.699999999999845         18.919068982921804
5.774999999999845         150.23094688914512
5.849999999999846         117.41537726542977
5.924999999999847         27.961839574623664
5.99999999999985          129.9524319327048
6.07499999999985          54.65402108811335
6.14999999999985          247.82105289692305
6.22499999999985          99.71460487799176
6.299999999999849         52.41434076630259
6.374999999999853         87.04984845560531
6.4499999999998545        366.51159753838726
6.524999999999855         27.53762919488882
6.599999999999854         97.44771560849458
6.674999999999858         87.5154432596594
6.749999999999857         9.07838547221132
6.824999999999858         11.09245740353223
6.899999999999858         1.4921192303941948
6.97499999999986          13.31707120060556
7.04999999999986          113.32057953258587
7.1249999999998614        46.75388852015031
7.199999999999863         42.626526262467074
7.274999999999865         42.25412071824059
7.349999999999863         131.73076951613956
7.424999999999864         102.52807513580606
7.499999999999865         22.068813591007
7.574999999999868         124.59465484149645
7.649999999999869         38.741097919377964
7.724999999999872         37.39034042882364
7.79999999999987          12.528767600331518
7.874999999999873         13.575885938288216
7.949999999999876         111.29847311100012
8.024999999999878         114.66285464876178
8.099999999999875         209.9973102276537
8.17499999999988          37.61349069875099
8.24999999999988          47.25019004323447
8.32499999999988          78.96617839133259
8.399999999999881         175.55189903573597
8.47499999999988          44.13408706675749
8.549999999999883         26.63662913679829
8.624999999999888         77.52646294633311
8.69999999999989          46.94839617378554
8.774999999999887         94.7813555111652
8.849999999999888         248.5355041182457
8.92499999999989          61.65548508186038
8.999999999999892         111.31563255005244
9.07499999999989          212.4447365022843
9.149999999999899         63.68570739986763
9.224999999999898         7.002299156923956
9.2999999999999           74.26513079168248
9.3749999999999           104.86708817966189
9.4499999999999           83.80904783544239
9.524999999999903         51.036416247769964
9.599999999999902         30.49134696607544
9.674999999999905         51.59840892566313
9.749999999999906         54.482813791692294
9.824999999999907         246.00190042134327
9.89999999999991          98.30486419337275
9.974999999999907         49.1851655100458
10.049999999999912        48.0175520667236
10.124999999999911        55.592663820284294
10.199999999999912        56.65469933577415
10.274999999999917        136.89350057769985
10.349999999999913        105.4589899568367
10.424999999999919        86.28031603461157
10.499999999999918        71.30513188422402
10.574999999999916        195.33956109565358
10.64999999999992         126.814243947671
10.724999999999923        160.87368118599494
10.799999999999926        262.59329076917294
10.874999999999929        111.14047369427185
10.949999999999926        74.77321242708422
11.02499999999993         87.08420772596185
11.099999999999929        94.47247103989183
11.174999999999928        75.32973742844678
11.249999999999932        172.7867013967666
11.324999999999932        106.4741505746141
11.399999999999935        189.91220100735575
11.47499999999994         238.16065741403932
11.549999999999939        278.2307538527309
11.624999999999938        293.63207871032824
11.699999999999944        102.06018291021331
11.774999999999944        140.51461589556504
11.849999999999948        146.4835456393191
11.924999999999947        253.78758852296107
11.999999999999945        402.8844173061008
12.074999999999951        333.18211272261135
12.149999999999949        261.78685139684194
12.224999999999952        271.2540161224853
12.299999999999953        226.25850135718588
12.374999999999954        226.66093249696218
12.44999999999996         370.2257218451652
12.524999999999958        686.5288460249449
12.599999999999959        741.8925161877394
12.674999999999962        370.9158822572464
12.74999999999996         251.3400141302886
12.824999999999967        283.46744399716204
12.899999999999965        249.58003010526372
12.974999999999966        257.99679178811004
13.04999999999997         397.2537740031598
13.124999999999968        356.40760134091613
13.19999999999997         759.72857810313
13.27499999999997         700.2979178880249
13.349999999999973        335.98504688031755
13.424999999999978        219.81230666709686
13.499999999999979        420.0299710678916
13.574999999999978        765.565530121381
13.649999999999983        626.5404170893505
13.724999999999982        409.1933379279215
13.799999999999983        580.091235720842
13.874999999999984        555.4997817804214
13.949999999999987        471.1416806546312
14.024999999999991        523.3001854705166
14.099999999999984        445.2696823476306
14.17499999999999         800.7466987057863
14.24999999999999         853.464908560708
14.324999999999994        663.3509719904688
14.4                      452.18616679924213
14.474999999999994        553.5387099864637
14.549999999999997        487.6846364450375
14.625000000000002        529.7179082586396
14.7                      402.8246629856273
14.775000000000002        281.36318060435764
14.850000000000003        589.0113652533195
14.925                    623.5941303236888
15                        812.4863675424186
15.075000000000008        457.18696986853286
15.150000000000007        173.06366436380364
15.225000000000007        109.33667810829603
15.300000000000008        511.8419938687788
15.375000000000005        376.65175048176803
15.450000000000006        454.63874033822856
15.525000000000006        1931.5077794796978
15.600000000000003        5580.2017956707
15.675                    10538.942926354883
15.750000000000004        5877.491488079843
15.825000000000006        4431.369494478
15.9                      9205.68937972742
15.97500000000001         5433.999412190137
16.049999999999997        8128.13044598653
16.125000000000007        12461.141488872372
16.200000000000003        10710.940649652475
16.27499999999999         8055.322235382548
16.350000000000012        7929.10115645877
16.425000000000004        7967.367797866543
16.5                      7097.122646728991
16.575000000000006        1474.7098741801615
16.650000000000006        1407.1313235612201
16.724999999999998        1274.8287577604
16.8                      3288.393804195794
16.875                    5812.87554564098
16.949999999999996        5181.955856608277
17.025000000000006        7411.754435520867
17.100000000000005        10769.869022191015
17.175000000000008        16690.11835956996
17.25                     30271.09009072125
17.325                    31277.628248401765
17.399999999999995        25391.802073117953
17.475                    13826.627192463551
17.549999999999997        11158.087325779572
17.625                    14560.239633555942
17.700000000000003        21339.48308677913
17.775000000000002        17715.421587794168
17.849999999999994        17271.321929475318
17.925                    21135.39954451729
18.000000000000007        16528.229756249304
18.075000000000003        7686.35613026865
18.150000000000002        8179.000730064963
18.224999999999998        23992.127270574212
18.299999999999997        17961.041183040277
18.375                    13830.546262066968
18.450000000000003        6092.7831365695
18.525000000000002        4822.411632253488
18.599999999999998        9089.65959767507
18.675                    11003.277789214511
18.749999999999996        20809.22650782426
18.825000000000014        16200.913901097969
18.9                      14725.322930395876
18.97499999999999         11463.104937190274
19.049999999999997        14377.112645885993
19.125                    14881.678733016306
19.19999999999999         4008.9871472108834
19.274999999999988        114.44868638554969
19.350000000000005        1771.9401426934487
19.424999999999997        2446.077283083731
19.499999999999996        1948.7393028296824
19.574999999999996        8492.021400659962
19.65                     19369.234136958185
19.724999999999998        15330.904730337168
19.799999999999997        8813.492108612309
19.875                    6743.272618363385
19.949999999999992        5582.612595709036
20.025                    9010.623269000082
20.100000000000005        9209.441138261482
20.174999999999997        4392.692719209268
20.25                     6530.278447288843
20.324999999999992        6178.577942741937
20.40000000000001         6499.626120896245
20.474999999999994        6893.664523909867
20.55                     20496.74218416425
20.625                    27180.92355862395
20.699999999999992        22625.51625294817
20.775                    16846.029622563245
20.84999999999999         10642.510780544579
20.925000000000008        18141.42997910977
21.000000000000007        27835.095083970948
21.074999999999996        37123.762039607645
21.14999999999999         40553.46022917614
21.225                    25396.533811208938
21.299999999999997        17927.516100598616
21.374999999999996        16117.980656865207
21.449999999999996        19503.22939040889
21.525                    28622.723042429567
21.599999999999994        24974.171180706162
21.675000000000004        26068.914346854654
21.75                     19119.742834910587
21.825000000000003        12465.97462488964
21.9                      12579.631399505137
21.975000000000005        25324.03712393065
22.049999999999994        49230.591697113545
22.124999999999993        50780.92868912108
22.2                      39897.0581306682
22.27500000000001         33721.013769449666
22.35                     33347.25876830684
22.42499999999999         40163.68152397799
22.5                      32037.04726556479
22.57500000000001         19048.62042795013
22.650000000000002        11690.651471685238
22.724999999999994        5494.415848681632
22.800000000000004        2893.157356061506
22.875                    9858.320001226935
22.950000000000003        17750.552099139648
23.025000000000002        22740.538866434174
23.099999999999998        21151.815695262845
23.174999999999997        15792.51325054393
23.25                     6751.0440925663825
23.325000000000014        11137.699456324839
23.40000000000001         18313.802521241796
23.474999999999994        10780.551183370788
23.549999999999997        7319.661052265083
23.625000000000004        6378.31056840441
23.700000000000003        9041.314133257429
23.775000000000002        4504.890302315672
23.85                     5714.13996099303
23.925000000000004        12111.60943838775
24.000000000000007        18359.357207987352
24.075000000000006        22036.957643708643
24.15000000000001         12546.24210190553
24.225000000000005        9346.907176524604
24.300000000000004        11032.185688322312
24.375                    26595.55781022517
24.45                     43194.510630296376
24.525                    44321.21634823301
24.59999999999999         35377.36926462609
24.675000000000008        18937.72682961105
24.750000000000007        14420.715784889007
24.825                    21352.60930464896
24.899999999999995        31452.110140265013
24.975                    33287.69007010114
25.05                     30951.79568647979
25.124999999999996        14769.883959017092
25.199999999999996        11084.946789242098
25.275000000000006        15773.64703005661
25.349999999999998        32020.274461791934
25.425000000000004        60165.84447448638
25.500000000000004        66832.76920838811
25.575000000000003        43050.80416982077
25.650000000000006        22411.465593441422
25.725                    24446.801061362432
25.8                      35392.42666592108
25.875000000000004        37407.90680478716
25.95000000000001         30983.532613338593
26.02500000000001         14178.08322624361
26.1                      6859.530023435701
26.175000000000008        6625.4074047532085
26.249999999999996        10373.053020970801
26.32500000000001         20475.410557290605
26.4                      31188.806247223543
26.474999999999994        26611.924585226156
26.550000000000008        12591.766580400712
26.624999999999996        7825.603345870169
26.699999999999996        15535.771026785511
26.775000000000002        22763.60471733717
26.850000000000005        19955.636623677074
26.924999999999997        13205.047141611301
27.000000000000007        7014.4621578254855
27.075000000000017        2276.258989281165
27.150000000000006        4467.117106404465
27.224999999999994        13126.933826344854
27.300000000000004        14058.455512623146
27.375000000000007        8734.784556444503
27.450000000000003        3264.089790832106
27.524999999999995        1288.6939937667994
27.599999999999994        594.4905140194651
27.675000000000004        467.491727934774
27.75                     7670.879690839341
27.825                    23346.991724807165
27.900000000000002        17510.525902857295
27.975000000000005        7220.6732952068305
28.050000000000008        1467.546252088212
28.125000000000007        2954.7576966785387
28.2                      11074.78257350533
28.275                    12957.029175519587
28.35000000000001         9677.275437655531
28.424999999999997        7052.982791537506
28.500000000000007        5114.277690492293
28.575                    2054.993945078123
28.650000000000002        6432.693479453324
28.725                    25293.626406387895
28.8                      33559.38007107706
28.874999999999993        30045.21292128259
28.949999999999996        13097.875147669094
29.025                    5855.675511607442
29.099999999999994        10397.815011966024
29.17500000000001         21221.389641888585
29.250000000000004        28164.191544709578
29.325                    21019.856369496465
29.39999999999999         8903.764944029217
29.474999999999998        2066.1707852255245
29.549999999999997        4551.026215746001
29.624999999999986        13108.763372628418
29.699999999999992        20169.399433639395
29.775000000000002        20178.407697690567
29.849999999999994        10781.339989442271
29.92499999999999         3083.189139799644
30                        5182.894559580342
30.075000000002206        30844.730082065344
30.15000000000219         68425.66753727292
30.225000000002193        147997.49665417292
30.3000000000022          182234.6633682645
30.375000000002203        221191.37835686145
30.450000000002188        535014.3399044153
30.52500000000219         483240.8028445739
30.600000000002186        551617.178897655
30.675000000002186        788714.3032396162
30.75000000000218         1059105.7117166533
30.825000000002166        1162832.7622608158
30.90000000000218         1295138.8113879827
30.975000000002165        1508188.2828231654
31.050000000002168        1771491.91122435
31.125000000002174        2016431.0816271247
31.20000000000216         2426292.6698694206
31.27500000000217         2352078.5813804893
31.35000000000217         3209982.6595028304
31.425000000002168        2989168.944574439
31.500000000002146        3202419.1711737597
31.57500000000215         3989060.1069037984
31.650000000002155        4460482.049176068
31.725000000002147        4495941.591249401
31.800000000002147        4610403.53088006
31.87500000000214         5387963.529150242
31.950000000002138        5883919.654550289
32.02500000000214         6279321.875227249
32.10000000000213         6542244.507030869
32.175000000002136        6820981.405244895
32.250000000002125        7650267.6975764595
32.32500000000212         8298972.819310304
32.40000000000212         8588100.20829257
32.47500000000212         8787778.908083016
32.550000000002115        9318678.850515347
32.62500000000212         1.0211468463333234E7
32.70000000000211         1.0662213341829635E7
32.77500000000211         1.1559047303749146E7
32.85000000000212         1.181457054918171E7
32.925000000002086        1.1870214833746685E7
33.00000000000211         1.2880480617005268E7
33.075000000002106        1.3968990391914625E7
33.1500000000021          1.453470681026352E7
33.22500000000209         1.5135546943489078E7
33.30000000000208         1.5282969549345918E7
33.37500000000209         1.5733588726548536E7
33.450000000002085        1.6891042772504814E7
33.525000000002066        1.8262175875696804E7
33.600000000002076        1.839494485290793E7
33.67500000000208         1.8831262256054327E7
33.750000000002075        1.9840995481135517E7
33.825000000002085        2.0249239615537424E7
33.900000000002066        2.1289796925436974E7
33.975000000002076        2.2100904441180367E7
34.05000000000207         2.272756834499311E7
34.12500000000206         2.4060213007855494E7
34.200000000002056        2.4403139163859583E7
34.27500000000205         2.467270375781278E7
34.350000000002055        2.5615900859847546E7
34.42500000000205         2.757905789194855E7
34.500000000002046        2.78973223566119E7
34.57500000000205         2.802974598355824E7
34.65000000000204         2.9452389291687123E7
34.72500000000204         3.0698112021802887E7
34.80000000000205         3.072235339832814E7
34.875000000002046        3.1615714054276813E7
34.950000000002035        3.3249998395793345E7
35.02500000000204         3.407845852883338E7
35.10000000000203         3.48013264901318E7
35.17500000000201         3.5656060462378494E7
35.25000000000201         3.582026068679961E7
35.32500000000203         3.773478108039736E7
35.400000000002024        3.822586506419636E7
35.475000000002           3.931236415706855E7
35.550000000002015        4.0880772167448066E7
35.62500000000198         4.226718965529761E7
35.70000000000201         4.0836966220483534E7
35.775000000002           4.2263694405753024E7
35.85000000000199         4.4758643540288135E7
35.925000000001994        4.6284232164986886E7
36.000000000002004        4.644331923894216E7
36.07500000000199         4.6784851157178074E7
36.15000000000198         4.689163187605147E7
36.22500000000198         4.9175570328774154E7
36.30000000000198         5.066458264111226E7
36.37500000000196         5.171653334833357E7
36.450000000001964        5.225698136052496E7
36.525000000001974        5.313937811584823E7
36.60000000000196         5.323033621527176E7
36.675000000001965        5.511689523348791E7
36.75000000000196         5.717790646238394E7
36.82500000000196         5.761824521959264E7
36.90000000000197         5.794726032507149E7
36.97500000000195         5.922265874738544E7
37.050000000001944        6.0458870447201826E7
37.12500000000195         6.139633753181005E7
37.200000000001964        6.257229810972196E7
37.27500000000193         6.370703225639387E7
37.350000000001934        6.4350368383833826E7
37.42500000000194         6.601564247949211E7
37.50000000000193         6.722111421987157E7
37.575000000001914        6.6910507684729576E7
37.65000000000194         6.822469883146496E7
37.725000000001934        7.049250308103564E7
37.80000000000193         7.121521540794308E7
37.87500000000192         7.248833663698068E7
37.95000000000192         7.248539213506575E7
38.025000000001924        7.377923673120618E7
38.10000000000191         7.479641636651963E7
38.175000000001916        7.663819748059072E7
38.25000000000192         7.69952218055983E7
38.32500000000189         7.869834054768102E7
38.400000000001896        7.987212786902744E7
38.4750000000019          7.943305848710692E7
38.55000000000191         8.054007479667479E7
38.625000000001904        8.29477712397915E7
38.70000000000189         8.405804289589988E7
38.77500000000188         8.484696236640774E7
38.8500000000019          8.476658686809736E7
38.92500000000189         8.624694852594343E7
39.0000000000019          8.719277394222608E7
39.07500000000187         8.865871296401884E7
39.15000000000189         8.99985959820904E7
39.2250000000019          9.082010523338135E7
39.300000000001866        9.162627704077272E7
39.375000000001876        9.127618761273207E7
39.45000000000188         9.289688523882063E7
39.52500000000187         9.548547010698746E7
39.60000000000187         9.653414815456507E7
39.675000000001866        9.53355195253578E7
39.75000000000186         9.623097897190765E7
39.82500000000186         9.90513415220621E7
39.900000000001846        9.97819737474734E7
39.975000000001856        9.985621799618855E7
40.05000000000185         1.0105044098972124E8
40.12500000000185         1.0128593887853E8
40.20000000000185         1.032826230343228E8
40.275000000001825        1.0454587184765422E8
40.35000000000183         1.0455756596087466E8
40.42500000000185         1.0522612731418616E8
40.50000000000184         1.0628715473546214E8
40.57500000000184         1.0712966121784452E8
40.650000000001846        1.085708152224084E8
40.72500000000181         1.1006958016489276E8
40.80000000000183         1.0968916631156904E8
40.875000000001826        1.0937376157487342E8
40.95000000000182         1.1191179200035483E8
41.02500000000181         1.1278103850259246E8
41.10000000000179         1.1368044111210226E8
41.17500000000183         1.1393315667507838E8
41.25000000000181         1.1397743769179066E8
41.32500000000181         1.1531122983190061E8
41.400000000001825        1.1671132251840626E8
41.47500000000181         1.1761531878362606E8
41.55000000000181         1.1732402808705638E8
41.62500000000181         1.1820927800524543E8
41.70000000000178         1.1957244444084021E8
41.77500000000181         1.1971072131849757E8
41.85000000000179         1.2098256791606495E8
41.92500000000179         1.2120701128035893E8
42.00000000000178         1.2169815621453643E8
42.0750000000018          1.2268552700374307E8
42.15000000000178         1.235435887972715E8
42.2250000000018          1.2352969531124641E8
42.30000000000177         1.2500743779639466E8
42.37500000000177         1.2583477452568214E8
42.45000000000176         1.2475139306818031E8
42.52500000000177         1.253867321723911E8
42.60000000000176         1.2823665401651335E8
42.67500000000176         1.2784316917221098E8
42.75000000000177         1.2795575703942066E8
42.825000000001744        1.279514291387357E8
42.900000000001754        1.2861200244175965E8
42.97500000000178         1.2904578452868849E8
43.050000000001766        1.3055059872603102E8
43.125000000001755        1.3098648221581404E8
43.20000000000176         1.3147090023613466E8
43.27500000000175         1.3071335662204888E8
43.35000000000174         1.3043201396567905E8
43.425000000001724        1.3166915101500638E8
43.50000000000175         1.3456984494136146E8
43.57500000000174         1.3369370819481082E8
43.65000000000174         1.3216698036263828E8
43.72500000000174         1.3269982524851191E8
43.80000000000174         1.3439533700753486E8
43.875000000001734        1.3503659188981515E8
43.95000000000171         1.3459626619879594E8
44.02500000000171         1.3490563792911765E8
44.10000000000171         1.3514330383785462E8
44.17500000000173         1.3543077381625485E8
44.25000000000172         1.3573099611359727E8
44.32500000000174         1.3545363616777694E8
44.400000000001704        1.3604820602938506E8
44.47500000000171         1.3650156350665888E8
44.55000000000172         1.365369063909685E8
44.62500000000171         1.3700957203905854E8
44.70000000000171         1.3707333865999082E8
44.7750000000017          1.3558445537033436E8
44.850000000001685        1.3593593504577053E8
44.92500000000168         1.3817707980560786E8
45.000000000001684        1.3847327641376227E8
45.07500000000169         1.371543624311597E8
45.15000000000168         1.368559088892035E8
45.22500000000168         1.3783919748545846E8
45.3000000000017          1.360774401894503E8
45.375000000001684        1.3632487340670973E8
45.450000000001694        1.37232316662459E8
45.52500000000169         1.369610808260743E8
45.60000000000169         1.368008498970501E8
45.67500000000168         1.3756301092546546E8
45.7500000000017          1.349371449921107E8
45.82500000000171         1.3395198664537364E8
45.90000000000168         1.363337902931227E8
45.97500000000169         1.3793239094662422E8
46.05000000000166         1.356706665293847E8
46.12500000000168         1.3268948548978312E8
46.20000000000168         1.3383360101509762E8
46.27500000000167         1.3529647930690232E8
46.35000000000167         1.35175941065876E8
46.425000000001674        1.3296541550298247E8
46.50000000000168         1.338902066376689E8
46.57500000000169         1.3318086822451124E8
46.6500000000017          1.3251167718013832E8
46.72500000000168         1.3188897046852969E8
46.80000000000167         1.317285622124885E8
46.875000000001656        1.3204380020667814E8
46.95000000000169         1.3161502720015292E8
47.02500000000167         1.3089642537635398E8
47.100000000001685        1.3020262579263623E8
47.17500000000165         1.2805408805043098E8
47.25000000000168         1.2867570709615746E8
47.325000000001666        1.3118272085647607E8
47.40000000000167         1.2903644128337632E8
47.47500000000166         1.2668584335061507E8
47.550000000001674        1.2583315533881687E8
47.62500000000168         1.2668361499816678E8
47.700000000001666        1.265499856101448E8
47.77500000000166         1.2602812131519051E8
47.85000000000165         1.2600614457172778E8
47.92500000000167         1.2352174025860703E8
48.00000000000167         1.2145966707351291E8
48.075000000001666        1.2404448426996478E8
48.15000000000167         1.2342710130501194E8
48.225000000001636        1.2101595273146662E8
48.30000000000166         1.2129994432945247E8
48.37500000000167         1.2082059311410415E8
48.450000000001644        1.194365898024117E8
48.52500000000164         1.1723849062984312E8
48.60000000000164         1.186153970455337E8
48.675000000001646        1.1889154663877572E8
48.75000000000165         1.1725891574017802E8
48.82500000000167         1.1518657528813796E8
48.90000000000167         1.1454814904757157E8
48.97500000000166         1.1383918199586084E8
49.050000000001646        1.1411452392985632E8
49.12500000000165         1.1410264845824188E8
49.200000000001644        1.1235529028150728E8
49.27500000000166         1.1011789695986782E8
49.35000000000164         1.0933666228654635E8
49.425000000001624        1.101905452810745E8
49.500000000001634        1.0932874034329794E8
49.57500000000163         1.0794327219484796E8
49.650000000001675        1.064947097534025E8
49.72500000000165         1.0664586795253578E8
49.800000000001646        1.0482350334396674E8
49.87500000000163         1.0328101869595411E8
49.95000000000164         1.0335521834080003E8
50.02500000000164         1.0368681783780776E8
50.100000000001636        1.0256247540922435E8
50.17500000000163         1.000192543922386E8
50.25000000000162         9.88064257501325E7
50.32500000000163         9.791515217523813E7
50.400000000001626        9.801824495230258E7
50.475000000001636        9.883130373918216E7
50.550000000001624        9.688236093528602E7
50.62500000000165         9.269550244307649E7
50.70000000000163         9.26518514038009E7
50.77500000000164         9.42557371625894E7
50.85000000000165         9.336468905048257E7
50.92500000000161         9.051631670341082E7
51.000000000001634        8.962963056454578E7
51.075000000001616        8.932940160357815E7
51.15000000000163         8.739866373799446E7
51.22500000000164         8.666016752319786E7
51.300000000001624        8.665239473287034E7
51.37500000000163         8.546728749866547E7
51.45000000000165         8.402630000221673E7
51.52500000000163         8.286676043503205E7
51.600000000001614        8.118167215360746E7
51.675000000001624        8.04975849861028E7
51.7500000000016          8.02560544363474E7
51.82500000000163         8.038469022695306E7
51.900000000001626        7.75616326849973E7
51.975000000001614        7.544780283030926E7
52.050000000001624        7.54249760216309E7
52.12500000000164         7.524052248423673E7
52.20000000000164         7.417278091556904E7
52.275000000001626        7.256187865792035E7
52.35000000000162         7.138126255701078E7
52.42500000000161         7.032582912513244E7
52.500000000001606        6.917325212134728E7
52.575000000001594        6.830820985926963E7
52.65000000000162         6.794690366925584E7
52.72500000000162         6.6281550555294E7
52.80000000000163         6.515594963412897E7
52.875000000001634        6.415435566645186E7
52.95000000000162         6.309911998071553E7
53.0250000000016          6.143790708946272E7
53.100000000001636        6.093046354057197E7
53.17500000000159         6.122257893361743E7
53.25000000000159         5.940209623737904E7
53.3250000000016          5.6834555258822896E7
53.400000000001604        5.601036387865611E7
53.475000000001614        5.660981951718888E7
53.55000000000161         5.530659160217048E7
53.6250000000016          5.413201008255839E7
53.7000000000016          5.272431417188287E7
53.775000000001604        5.098443921907959E7
53.85000000000157         5.015980980368858E7
53.92500000000161         5.0495041046954565E7
54.000000000001606        4.945155405429243E7
54.07500000000159         4.744992372332147E7
54.15000000000159         4.6193869782505475E7
54.22500000000157         4.5969675959634736E7
54.30000000000159         4.4760961819301665E7
54.37500000000161         4.3318321678622566E7
54.45000000000158         4.321898919056906E7
54.52500000000157         4.2343631334941044E7
54.60000000000157         4.0773447175218575E7
54.67500000000159         3.9444766823131256E7
54.75000000000155         3.861664629854883E7
54.82500000000157         3.8011552863155186E7
54.900000000001576        3.753138721317949E7
54.975000000001565        3.660760405429943E7
55.050000000001575        3.534620314055788E7
55.12500000000157         3.349201367602854E7
55.20000000000157         3.294199014791099E7
55.27500000000159         3.3108173156537917E7
55.350000000001565        3.212913010873609E7
55.42500000000157         3.0692863842637E7
55.50000000000156         2.9490824933822826E7
55.575000000001566        2.909143774325841E7
55.650000000001555        2.8194339007446814E7
55.725000000001565        2.703638722643133E7
55.80000000000157         2.6536362167824052E7
55.87500000000156         2.6346872333485425E7
55.95000000000155         2.493885075156315E7
56.02500000000157         2.3585819337078214E7
56.100000000001565        2.2810905187112644E7
56.17500000000157         2.250471060499717E7
56.25000000000155         2.2171900845781147E7
56.32500000000155         2.1583104125137374E7
56.40000000000156         2.02164355524139E7
56.47500000000156         1.8529700597135495E7
56.550000000001575        1.838747806759848E7
56.62500000000153         1.866653648641649E7
56.700000000001566        1.7914216259037755E7
56.77500000000155         1.6407114314838987E7
56.85000000000156         1.5782155226537174E7
56.92500000000156         1.5214964594777364E7
57.000000000001535        1.4452046764445454E7
57.07500000000154         1.4056418848269287E7
57.15000000000155         1.3728976978270194E7
57.22500000000154         1.2910572432233337E7
57.300000000001546        1.1945773898121387E7
57.37500000000153         1.1405821417828154E7
57.45000000000154         1.0942341840613574E7
57.52500000000153         1.0411719983409435E7
57.60000000000152         1.0027621524847234E7
57.67500000000153         9685791.978495413
57.750000000001535        8744767.226502037
57.82500000000155         7957282.5618052175
57.90000000000153         7658251.437463804
57.97500000000151         7576992.198780746
58.05000000000153         7130239.063719915
58.12500000000152         6440118.566402241
58.20000000000153         5863429.12567005
58.27500000000151         5456687.918671267
58.350000000001536        5129869.650172614
58.42500000000152         4853785.132690234
58.50000000000152         4536749.382363277
58.575000000001516        4048044.318453699
58.65000000000151         3626086.443239667
58.725000000001536        3295956.3973912536
58.800000000001496        3077930.5772001287
58.875000000001506        2680504.0180310383
58.950000000001516        2495778.265314337
59.025000000001505        2367958.29082684
59.10000000000152         1956242.8408895654
59.1750000000015          1506725.4800793212
59.250000000001506        1416662.0733507033
59.325000000001474        1392679.097372351
59.4000000000015          1179683.9098299611
59.47500000000149         911464.1764979421
59.55000000000149         707802.4813186864
59.625000000001506        544181.6473334945
59.70000000000149         431638.00430459285
59.77500000000149         435456.74130685325
59.850000000001494        332051.51955823164
59.92500000000149         173349.23739627816
60                        87053.37597215614
