0                         48.17846171454142
0.0750000000005288        13.732444171650409
0.15000000000052796       42.678977199495
0.2250000000005272        37.69891792592689
0.30000000000052635       16.625318393850826
0.3750000000005254        42.636732108691554
0.4500000000005247        78.86086140152737
0.5250000000005239        7.272354998579468
0.6000000000005229        5.357706472245236
0.6750000000005223        246.39621908860252
0.7500000000005212        2.7142745988926977
0.8250000000005208        98.95824620237967
0.9000000000005197        71.33424452375651
0.9750000000005193        60.103127999154395
1.0500000000005185        54.85043154568667
1.1250000000005174        269.7824274049122
1.2000000000005164        67.1154909321733
1.2750000000005162        179.64052102037127
1.350000000000515         129.2804799235467
1.425000000000514         53.738901815492056
1.5000000000005143        210.2276483431149
1.5750000000005124        232.62207262152185
1.6500000000005124        214.4434755917692
1.7250000000005112        61.41716239311956
1.8000000000005105        393.6164225818877
1.8750000000005098        128.57738541425462
1.9500000000005089        414.87085348298274
2.025000000000508         187.7032957148436
2.1000000000005072        496.43455561371826
2.1750000000005065        45.28372880388738
2.250000000000506         11.934581674441437
2.325000000000505         68.00214207467715
2.400000000000505         40.02211591306559
2.4750000000005032        721.9926018466887
2.5500000000005043        179.5481856253018
2.6250000000005014        239.94957925433283
2.700000000000502         139.14969624325667
2.7750000000005004        0.19223090848968202
2.850000000000501         77.39482350008254
2.9250000000005008        210.92252279793126
3.000000000000499         28.795185450651545
3.0750000000004976        102.33419424680814
3.1500000000004964        294.8458598546997
3.2250000000004952        21.075434122488797
3.300000000000496         195.46246939954503
3.3750000000004943        103.70706072713556
3.4500000000004936        2.721652332192938
3.5250000000004933        17.2676468720105
3.6000000000004926        76.6360888417414
3.6750000000004914        21.28798461948381
3.7500000000004903        51.66104963773686
3.8250000000004896        37.10747601755654
3.900000000000489         1.641906226783219
3.9750000000004886        12.720131448746226
4.050000000000487         67.0249160689
4.125000000000487         6.037615401954471
4.200000000000486         23.72263858915542
4.275000000000485         276.80955543749764
4.350000000000484         58.25524256142794
4.425000000000485         115.99209175849371
4.500000000000485         136.8137126237326
4.5750000000004825        106.86902796241993
4.650000000000481         20.825999496679536
4.72500000000048          36.66410288777864
4.800000000000479         5.8879009286799535
4.8750000000004805        173.34493242244264
4.950000000000478         31.157525627224278
5.025000000000481         81.7460706082262
5.100000000000477         63.652956713464704
5.175000000000475         33.17222743253304
5.250000000000476         18.061672580696097
5.3250000000004745        147.17277673853528
5.400000000000474         145.12084103374053
5.475000000000473         46.540490717035745
5.550000000000473         13.527495807972633
5.6250000000004725        135.43765170995667
5.700000000000472         14.827545589742776
5.775000000000471         21.591766223272415
5.8500000000004695        84.07977632697693
5.925000000000468         1.773503832056242
6.000000000000466         1.4598899936747445
6.075000000000466         19.372475373122963
6.150000000000465         10.103059272203009
6.225000000000465         63.39859947938188
6.3000000000004635        243.8572482857552
6.375000000000464         101.60536863464192
6.450000000000462         135.07579746222623
6.525000000000464         297.42619132382777
6.600000000000459         121.36988997703183
6.675000000000461         6.977920373083916
6.75000000000046          43.11376315903311
6.82500000000046          62.439131223255636
6.900000000000458         22.110875217381846
6.975000000000458         225.16858317182687
7.0500000000004555        314.03335967453046
7.125000000000456         31.7556312611561
7.200000000000453         101.0114957430799
7.275000000000455         210.40686295537913
7.350000000000453         132.7533379061232
7.425000000000453         59.38768759566523
7.500000000000453         41.27343216051388
7.57500000000045          72.96782846288754
7.6500000000004515        47.67699218282855
7.725000000000448         49.59046710544988
7.800000000000447         38.61900154433408
7.875000000000449         75.65964562599252
7.950000000000451         154.61611208548268
8.025000000000448         15.127708552897484
8.100000000000446         17.860292071947576
8.175000000000448         15.437937641289814
8.250000000000444         124.90129444154582
8.325000000000443         353.64039111605877
8.400000000000444         38.701061013335895
8.475000000000444         8.179094241057559
8.550000000000445         132.22658754846347
8.625000000000442         166.53056602155075
8.70000000000044          70.61951989056351
8.775000000000437         0.9700314895245031
8.850000000000438         95.7142810646474
8.925000000000436         1.107135810378124
9.000000000000437         11.65968308626828
9.075000000000436         9.952117791166566
9.150000000000434         53.842915459385345
9.225000000000437         24.64445376083834
9.30000000000043          175.59625527806224
9.375000000000435         26.15717310007368
9.45000000000043          18.443978444262395
9.525000000000434         7.36715446857385
9.600000000000431         8.368823634063745
9.675000000000434         15.069299582968299
9.75000000000043          29.943522285588802
9.82500000000043          21.57918272309913
9.900000000000428         30.798145769015683
9.975000000000428         16.735463416535328
10.050000000000425        12.158705815929798
10.125000000000423        2.439680614125799
10.200000000000424        8.163453454894622
10.275000000000421        93.05408005809414
10.350000000000422        39.47531312918987
10.42500000000042         22.06676461267235
10.500000000000423        13.068864415527425
10.57500000000042         22.064248078664324
10.65000000000042         6.6740780176028744
10.725000000000424        22.45075212334409
10.800000000000422        75.15121285627089
10.875000000000412        31.01660335436756
10.95000000000042         27.772663725090755
11.025000000000416        47.52477851653867
11.100000000000415        12.344463041060257
11.175000000000416        19.57536556061737
11.250000000000414        10.704427816250046
11.325000000000415        16.414619446976012
11.40000000000041         15.421722322304783
11.475000000000412        21.80156068103385
11.550000000000413        8.431705095460456
11.625000000000414        11.450010256854265
11.70000000000041         14.951718268971845
11.775000000000405        48.80965068686526
11.850000000000406        56.25454591557013
11.92500000000041         18.103855955265487
12.000000000000405        11.779007388712659
12.075000000000408        57.708093951070815
12.150000000000407        155.44496835778335
12.225000000000408        99.10451576466083
12.300000000000404        14.480808121222644
12.375000000000401        13.621942157858975
12.4500000000004          138.31694143881134
12.525000000000402        182.13489112895417
12.600000000000401        16.156604516783062
12.675000000000399        25.88473082132275
12.750000000000398        102.95974225665994
12.825000000000397        298.56500190932985
12.900000000000398        267.3749350050776
12.975000000000394        88.3112925100626
13.050000000000395        139.0860338136005
13.125000000000396        147.9020934490962
13.200000000000395        181.6078995965394
13.27500000000039         87.53387375403824
13.350000000000392        23.366034878209945
13.425000000000392        126.11133354951261
13.500000000000393        212.69194921925688
13.57500000000039         47.718393544892805
13.65000000000039         74.59768825228686
13.725000000000392        95.07498950017172
13.800000000000384        66.06763799949985
13.875000000000387        90.79630835869838
13.950000000000388        66.85055506152582
14.025000000000384        171.2849449756433
14.100000000000382        273.67510522800023
14.175000000000388        220.94639118867985
14.250000000000382        91.22631029801097
14.325000000000385        41.05431520195044
14.400000000000379        75.60236531410112
14.475000000000385        72.11110381359158
14.55000000000038         29.2482591939183
14.62500000000038         12.758317363436037
14.70000000000038         21.466619084066966
14.775000000000382        29.45342422159605
14.850000000000374        101.61314192637793
14.925000000000379        121.80912252647359
15.000000000000382        57.253175466188665
15.075000000000374        135.36934231747057
15.150000000000377        206.4421120533941
15.225000000000378        185.9475700919221
15.30000000000037         37.9336566410411
15.375000000000371        59.22512235634121
15.45000000000037         35.91877497545628
15.525000000000372        310.12707310767695
15.600000000000367        104.48451535232412
15.675000000000372        43.839027758915535
15.750000000000364        756.5759276664088
15.825000000000374        2798.72854129101
15.900000000000368        5324.995719539641
15.975000000000374        1973.538382340736
16.05000000000037         1769.3816966508853
16.125000000000362        4351.815888484524
16.20000000000036         946.6784617023359
16.27500000000036         1802.6547440839333
16.350000000000364        4379.845885801895
16.425000000000363        2940.52894713735
16.500000000000362        5006.678300313698
16.575000000000358        9465.934021066423
16.650000000000357        1213.313529472616
16.725000000000364        694.2981837368277
16.80000000000036         1049.8389246854892
16.87500000000035         2825.670210950932
16.950000000000355        5191.325491793234
17.02500000000036         6216.143756003865
17.100000000000357        1403.1419153338181
17.175000000000352        1079.9608199040076
17.25000000000036         652.2073842866528
17.325000000000355        986.488736674019
17.400000000000347        645.6524087876528
17.47500000000035         1543.0191297816584
17.55000000000035         2319.5517502585735
17.625000000000348        1251.6322599832533
17.700000000000344        523.2290533834769
17.775000000000347        29.957026547906956
17.850000000000346        728.9369112405172
17.925000000000345        4236.6162347435875
18.000000000000348        3862.427601071093
18.075000000000344        2200.1468398414772
18.150000000000347        2027.1944193894265
18.225000000000342        3072.528570773923
18.300000000000345        3677.045029153895
18.375000000000348        1990.654634711245
18.45000000000034         1737.60249086478
18.52500000000034         480.69421219944985
18.600000000000332        2005.3798542944646
18.67500000000034         7823.330090300238
18.75000000000034         3017.851100914859
18.825000000000337        267.92798859541205
18.90000000000034         1248.7596470831481
18.97500000000034         1294.9711927860344
19.050000000000338        875.7570511377603
19.125000000000334        2992.1988842378178
19.200000000000337        963.0455919281613
19.27500000000034         3487.553800659773
19.350000000000335        4945.53294667215
19.425000000000328        1055.4110214439856
19.500000000000327        980.133419262011
19.575000000000344        209.94892028125085
19.65000000000033         629.9097114404451
19.725000000000325        1232.932711548914
19.800000000000328        719.0409670302128
19.87500000000033         872.9984003570733
19.950000000000326        1821.4101172828998
20.02500000000033         186.1476074122847
20.100000000000325        277.9689880752393
20.17500000000033         539.3223922724353
20.250000000000323        1132.417183966396
20.325000000000323        3334.278696992434
20.400000000000325        848.5349479458245
20.47500000000032         416.81401269180816
20.55000000000032         403.8078475684
20.62500000000032         534.4069216422051
20.70000000000032         916.6925566658931
20.77500000000032         1401.6392401481862
20.85000000000032         677.470146420908
20.925000000000313        517.4537810517005
21.000000000000313        301.772065526919
21.075000000000312        293.3038401974586
21.15000000000032         606.0513892619354
21.225000000000314        2270.3802315360604
21.300000000000317        1444.351161752668
21.37500000000031         2291.737804400543
21.450000000000305        75.74508450829163
21.525000000000308        268.31351096796664
21.600000000000314        2689.904939089594
21.67500000000031         1951.9029299693577
21.75000000000031         1708.1559304309858
21.82500000000031         354.84189083476866
21.900000000000304        236.68156531294508
21.97500000000031         186.5528425266212
22.050000000000303        1410.868985635882
22.125000000000313        448.3035409328549
22.2000000000003          179.14544336340956
22.275000000000308        3642.800738767554
22.3500000000003          2627.8941843836888
22.42500000000031         418.94887117909565
22.5000000000003          576.8562037849523
22.57500000000031         2813.128966635149
22.650000000000293        6240.042345256294
22.725000000000293        6871.333209465413
22.800000000000296        2504.7334003221404
22.875000000000295        871.0349331110539
22.950000000000298        1541.6780848192193
23.025000000000297        1896.6800827760949
23.100000000000286        3200.6495527104803
23.17500000000029         2582.83354442509
23.250000000000288        1916.50012245777
23.32500000000029         3659.5579613675172
23.400000000000283        1957.204559916454
23.475000000000282        199.15252319178205
23.55000000000028         103.75695168631356
23.62500000000028         647.7759014389385
23.700000000000284        2779.5071768938883
23.775000000000276        2877.575481046049
23.85000000000029         302.29758977404373
23.925000000000274        95.41249198242843
24.000000000000266        1043.730339356751
24.075000000000276        2574.9981370617993
24.15000000000027         3075.3261406410566
24.22500000000027         459.2235466617183
24.30000000000028         247.11456272431403
24.375000000000274        1175.538688813618
24.450000000000273        1716.1256437101492
24.52500000000027         387.13390577536654
24.600000000000268        501.73846228484894
24.675000000000267        1775.202001029315
24.75000000000027         1741.7234128025116
24.82500000000026         1053.2544432493664
24.90000000000026         415.7204390525781
24.97500000000026         1491.3887529595936
25.050000000000267        3851.6316202285702
25.125000000000256        3430.894693269465
25.20000000000026         1184.0123511711204
25.27500000000026         500.3558079864266
25.350000000000254        1276.4231976066856
25.42500000000025         2337.506956619173
25.50000000000025         3134.6400641814544
25.575000000000248        159.77886372405487
25.650000000000254        2111.9784980716613
25.72500000000024         829.541401631287
25.800000000000246        113.77329298714174
25.875000000000252        1776.7326942603504
25.950000000000244        1201.94944590863
26.025000000000233        2009.6931050142564
26.100000000000243        2639.7222948758495
26.175000000000242        188.274319050805
26.25000000000024         497.11040917496274
26.32500000000024         1243.057566303689
26.400000000000237        1327.6227196196487
26.475000000000236        1564.0934636275604
26.55000000000023         535.4188345985842
26.625000000000234        1163.266123311345
26.70000000000023         1630.8919505786314
26.775000000000237        179.5890312641204
26.85000000000023         593.4417394631006
26.925000000000235        2245.2651463602906
27.00000000000023         1471.6579412639544
27.07500000000023         1481.1649439813234
27.150000000000226        683.620378398976
27.225000000000218        184.29854641990582
27.30000000000022         1667.1258850484626
27.375000000000224        2396.405265147286
27.45000000000022         1619.0329780045104
27.52500000000022         709.6429225657942
27.600000000000225        176.64222333760094
27.675000000000217        1463.9136552188982
27.750000000000217        2955.9711360744336
27.825000000000212        1430.848892187155
27.900000000000222        82.36670447898352
27.975000000000215        1293.0552154351667
28.05000000000021         3776.393516809191
28.125000000000203        1775.0418902198867
28.20000000000022         1185.955042842282
28.27500000000021         165.31003249965605
28.3500000000002          1856.8985144836315
28.425000000000207        6303.7957965868
28.500000000000206        4264.687902681233
28.575000000000202        530.2494854308261
28.6500000000002          429.2967406849153
28.7250000000002          1636.539321004621
28.800000000000203        2353.7827061625985
28.8750000000002          1697.5555335714812
28.95000000000019         128.63915620654905
29.025000000000208        1645.2422303158758
29.100000000000204        2176.505845568505
29.175000000000196        713.166216338285
29.250000000000195        294.4980025711794
29.32500000000019         581.8932268456919
29.400000000000194        3506.355343652052
29.475000000000197        5296.5321959297125
29.55000000000019         1793.6439164228082
29.62500000000018         228.0422192896382
29.700000000000184        1703.507829567736
29.77500000000018         3064.1909758235
29.850000000000183        4271.543629629317
29.92500000000019         2157.1406309865342
30                        59.358603519091496
30.074999999999765        904.6045551510005
30.14999999999977         2281.878756932391
30.224999999999763        3193.7232167374755
30.299999999999763        3610.6767062426607
30.37499999999976         7904.115110429858
30.449999999999775        14056.356807101029
30.524999999999775        11098.043746776595
30.599999999999774        28218.473251873533
30.674999999999784        35517.0254556354
30.74999999999976         15054.510706105635
30.82499999999976         15391.108829703418
30.89999999999976         24871.636077487852
30.97499999999976         12746.720107356106
31.049999999999752        27719.610244020034
31.124999999999773        53025.880390383754
31.19999999999976         42762.00252730694
31.27499999999976         37706.74041803495
31.34999999999976         39560.1358975523
31.42499999999976         30535.532516129933
31.49999999999976         9812.36690148649
31.57499999999976         3328.4695071790507
31.64999999999974         6337.835644720708
31.72499999999974         13707.085870279177
31.79999999999976         17117.950144875314
31.87499999999975         8391.173313709982
31.94999999999975         27036.67993608698
32.02499999999974         29430.11607274296
32.09999999999974         14909.010175074744
32.174999999999756        8360.815216939258
32.24999999999974         7044.427046268755
32.32499999999974         8251.616196903416
32.39999999999973         7885.663590277019
32.47499999999973         15806.29097995419
32.54999999999973         13120.094224949511
32.62499999999973         13026.77602972844
32.69999999999973         15487.753751981898
32.774999999999736        32022.60862568974
32.84999999999974         38960.084658027314
32.92499999999973         24521.543693800744
32.99999999999972         9191.819550876142
33.07499999999975         5394.898336008812
33.14999999999972         23842.409828677122
33.224999999999724        33740.90759837827
33.29999999999971         18164.83317150382
33.374999999999716        11834.94680254581
33.449999999999726        781.9979025638725
33.52499999999972         11604.021438614744
33.599999999999724        10653.762715746512
33.67499999999972         8730.740599493292
33.749999999999716        19550.38004713478
33.82499999999972         16457.71165624679
33.899999999999714        22988.63006541702
33.97499999999972         12440.714142466515
34.04999999999972         9373.152305856454
34.124999999999716        6487.13929459207
34.19999999999971         3979.483588454255
34.2749999999997          13105.154237595005
34.34999999999973         36612.700626873026
34.4249999999997          36633.94543101152
34.499999999999694        34251.042922833396
34.57499999999971         59259.473528294846
34.64999999999969         82143.47667920876
34.724999999999696        109873.48744448776
34.799999999999706        72142.8067249515
34.874999999999694        45373.052761741696
34.9499999999997          23287.112890263154
35.024999999999686        16389.836014597648
35.09999999999969         17465.16518298197
35.17499999999969         30204.480651682534
35.2499999999997          40218.99288263185
35.32499999999969         36552.715395366016
35.39999999999969         44392.74297872364
35.474999999999696        62073.651709609505
35.54999999999969         75783.68090706927
35.62499999999968         58900.692185459855
35.69999999999969         43103.00641751368
35.774999999999686        54348.728620884496
35.84999999999969         55462.31860067607
35.92499999999968         75246.71022027027
35.999999999999694        79786.78305198198
36.074999999999676        105146.81510189472
36.14999999999968         137005.14801228332
36.22499999999968         121412.96555120798
36.29999999999967         119241.72816692648
36.37499999999969         96091.84395093285
36.449999999999676        71321.78549411232
36.524999999999686        73858.8028722276
36.59999999999968         61852.939115691945
36.67499999999966         53325.22289560636
36.74999999999967         38983.08268345597
36.824999999999676        24646.2657545391
36.899999999999665        23543.345797067457
36.97499999999967         53382.26560485318
37.04999999999966         84487.49763502389
37.12499999999967         82039.4983051669
37.19999999999967         58474.5670396053
37.27499999999966         51919.341658828205
37.34999999999965         63222.633715939744
37.42499999999968         80389.55284667951
37.49999999999966         96757.18539490245
37.574999999999655        73857.89623272714
37.64999999999966         45935.2586761208
37.72499999999966         30742.85669250936
37.79999999999968         18364.64776783506
37.87499999999965         36705.495487975255
37.94999999999965         38260.33890984623
38.02499999999967         31855.39995410592
38.09999999999966         30218.10753424908
38.17499999999965         30891.086440826606
38.249999999999645        24358.290429175977
38.32499999999967         26742.097362026405
38.399999999999665        22081.154320466092
38.474999999999646        13217.300321524759
38.549999999999656        12530.856834793447
38.624999999999645        9214.833524901669
38.69999999999966         15826.253421265515
38.77499999999965         10548.681563832108
38.84999999999965         18476.194337151563
38.92499999999966         40982.86192975825
38.999999999999645        49211.67621820964
39.07499999999966         32184.8498926715
39.14999999999964         9758.758991858866
39.22499999999965         2163.183193506597
39.29999999999966         8030.10676612948
39.37499999999963         17749.04155155513
39.44999999999965         26271.157414699996
39.52499999999966         31788.109544686085
39.59999999999964         33084.304681001944
39.674999999999656        25314.35242090271
39.749999999999645        27022.966733113586
39.82499999999965         33852.491091851254
39.89999999999964         27123.805221846007
39.97499999999964         10453.994186509364
40.049999999999656        11170.722740854808
40.124999999999645        6989.468998683113
40.19999999999964         4384.09880434565
40.27499999999966         13778.438193559085
40.34999999999967         26008.043965962486
40.42499999999964         60281.98169970625
40.499999999999645        63846.83054759177
40.57499999999964         37496.93279829495
40.64999999999965         21732.133208920528
40.724999999999675        20011.498944493593
40.799999999999656        29470.4495236594
40.874999999999645        37852.81310653957
40.94999999999965         29130.42622969539
41.024999999999636        9123.899397635008
41.099999999999646        3532.3825924627154
41.17499999999964         5322.675852090987
41.24999999999964         6138.210187850723
41.32499999999965         10621.900054246556
41.399999999999636        11946.937664861134
41.47499999999963         13084.194029139322
41.54999999999966         7729.246728683178
41.62499999999965         3865.34542778316
41.69999999999965         8837.25185403879
41.77499999999965         13722.456043411597
41.84999999999962         19196.553159311134
41.924999999999656        25792.875786164346
41.99999999999965         16960.186466761996
42.07499999999963         4985.699793438834
42.149999999999636        4441.225930079607
42.224999999999646        12561.82871453751
42.29999999999963         22852.847380808013
42.374999999999666        19589.893883090954
42.449999999999626        8526.866123233303
42.52499999999964         114.20277420314453
42.59999999999964         1571.7080855861363
42.67499999999965         834.3574604147748
42.749999999999645        8128.757979182106
42.824999999999626        33912.846594161594
42.89999999999965         40501.60925532717
42.97499999999963         46685.384532464515
43.049999999999635        35292.01518428517
43.12499999999963         29565.27182840227
43.199999999999626        46306.81386528415
43.27499999999965         50371.328236014095
43.34999999999964         39746.301011432304
43.42499999999964         28307.438155851163
43.499999999999645        17824.533453187796
43.57499999999963         14997.430536016289
43.649999999999615        30084.571120674645
43.72499999999961         63970.94608047421
43.79999999999961         80474.7621392455
43.87499999999963         73384.24325029145
43.949999999999626        38444.75623418794
44.024999999999636        23873.72585128526
44.09999999999962         29918.300027907004
44.17499999999963         42113.59571146377
44.249999999999645        60533.13076287343
44.32499999999964         56777.2455923928
44.39999999999963         38224.122254726404
44.47499999999962         24253.64419197763
44.549999999999635        37420.46222208882
44.624999999999645        71874.97952141339
44.69999999999963         91834.48429956712
44.77499999999963         76707.36805232312
44.84999999999964         46418.657407642284
44.924999999999635        28806.940919686203
45                        30379.930129073968
45.07499999999977         111222.70262090526
45.14999999999977         194039.09661146728
45.224999999999774        254367.7025944313
45.29999999999978         314603.7875558138
45.374999999999794        402658.63750438916
45.44999999999977         580022.1971026671
45.524999999999764        680230.3155775974
45.59999999999976         869209.3849543165
45.67499999999977         1030507.4713494934
45.74999999999976         1141034.3496556478
45.82499999999976         1447908.0282228647
45.89999999999978         1715028.8528521447
45.97499999999977         1728671.677472218
46.04999999999975         1983218.7853281114
46.12499999999975         2511090.6166626387
46.199999999999754        2765335.224229134
46.27499999999977         2894673.5072497632
46.349999999999746        3122889.79111783
46.42499999999974         3440916.6009352556
46.49999999999976         3995556.421216512
46.57499999999976         4619786.028460412
46.649999999999764        4475411.544705247
46.72499999999975         4806863.328671513
46.799999999999756        5446307.506640091
46.87499999999974         5986086.903059515
46.94999999999975         6407876.122517047
47.02499999999974         6671619.697533271
47.09999999999974         6783704.318861255
47.17499999999974         7650504.2203467805
47.24999999999973         8489894.84733038
47.32499999999974         8801090.543217734
47.399999999999736        8812259.13467053
47.47499999999974         9343131.680254856
47.54999999999975         1.0485311577347403E7
47.62499999999974         1.08524245498E7
47.69999999999973         1.1358184198665524E7
47.774999999999736        1.184784389233998E7
47.84999999999971         1.2207357338864736E7
47.92499999999972         1.3069489816244755E7
47.99999999999974         1.3821030411176283E7
48.074999999999726        1.4601704434896326E7
48.14999999999972         1.505111973840334E7
48.22499999999973         1.5084064191269754E7
48.29999999999973         1.6696758205463497E7
48.37499999999973         1.7165280609522652E7
48.44999999999973         1.7548949827561595E7
48.52499999999972         1.846335517404958E7
48.59999999999973         1.9022072945723176E7
48.67499999999971         1.971612832657763E7
48.74999999999973         2.0771829375625446E7
48.82499999999974         2.1598950201376382E7
48.89999999999973         2.1843084123702213E7
48.974999999999724        2.295238048066E7
49.04999999999969         2.385347254927288E7
49.124999999999716        2.4252451258632507E7
49.19999999999972         2.5151975846367177E7
49.2749999999997          2.659328295720461E7
49.34999999999972         2.707163200030909E7
49.424999999999706        2.7704295941925626E7
49.49999999999971         2.814466108563973E7
49.574999999999704        2.938062820376015E7
49.64999999999969         3.112243863453936E7
49.72499999999971         3.1964213242505457E7
49.79999999999971         3.13190462462237E7
49.874999999999694        3.2199419392206147E7
49.9499999999997          3.448956457077384E7
50.0249999999997          3.558992360093137E7
50.09999999999968         3.590560378652588E7
50.174999999999685        3.632099209227534E7
50.24999999999969         3.7044334785097905E7
50.32499999999968         3.8931373814097255E7
50.3999999999997          4.023996380467264E7
50.47499999999968         4.044473320064832E7
50.5499999999997          4.090754838586937E7
50.62499999999971         4.222408846236977E7
50.69999999999967         4.392478172544349E7
50.77499999999969         4.4842625532381326E7
50.849999999999696        4.469422706261594E7
50.92499999999968         4.583793284031877E7
50.99999999999971         4.78692870339025E7
51.074999999999655        4.874736998635471E7
51.14999999999968         4.927040840831947E7
51.22499999999968         4.9989281681214556E7
51.29999999999967         5.122722785513987E7
51.374999999999694        5.216994642447539E7
51.449999999999676        5.387190427472023E7
51.52499999999967         5.489873615125346E7
51.59999999999967         5.468809040077216E7
51.67499999999966         5.644070254698632E7
51.74999999999967         5.786075310474472E7
51.82499999999968         5.810397550857666E7
51.89999999999968         5.966851054531467E7
51.97499999999967         6.083866254819034E7
52.04999999999966         6.18258634433943E7
52.12499999999966         6.243091321989056E7
52.199999999999655        6.3228754048056394E7
52.27499999999964         6.470324280194117E7
52.34999999999965         6.647082275340621E7
52.42499999999966         6.734585867661488E7
52.49999999999965         6.714836108621839E7
52.574999999999655        6.826509321320236E7
52.649999999999665        7.025091164169048E7
52.72499999999964         7.160577185270035E7
52.79999999999967         7.222525887655841E7
52.87499999999965         7.29062698254389E7
52.94999999999965         7.335394307078786E7
53.02499999999965         7.530208248766845E7
53.09999999999965         7.695228640237199E7
53.17499999999967         7.764065450982587E7
53.24999999999965         7.756882066234544E7
53.32499999999965         7.88915276282375E7
53.39999999999966         8.055050640845916E7
53.47499999999966         8.210877299960917E7
53.54999999999966         8.257455670509554E7
53.62499999999966         8.290870360351485E7
53.69999999999966         8.418351234688178E7
53.77499999999965         8.537337705059716E7
53.84999999999965         8.729155306574045E7
53.924999999999685        8.826234985426699E7
53.999999999999645        8.759863648915727E7
54.07499999999963         8.849380972820653E7
54.149999999999665        9.15922461541696E7
54.224999999999646        9.232312641171588E7
54.29999999999964         9.222044479671955E7
54.37499999999963         9.304531667762354E7
54.44999999999966         9.444538363258775E7
54.52499999999966         9.562091494106868E7
54.59999999999964         9.687110011634289E7
54.674999999999656        9.738837718018825E7
54.749999999999645        9.80753123188845E7
54.824999999999655        9.940330012109831E7
54.899999999999636        1.00720988271067E8
54.97499999999963         1.006965978922594E8
55.04999999999965         1.0226788289979583E8
55.124999999999666        1.0377655180020699E8
55.199999999999655        1.0383838217907766E8
55.274999999999636        1.046999682216449E8
55.34999999999964         1.0512647800699143E8
55.42499999999963         1.06665224267772E8
55.499999999999645        1.0871237058849868E8
55.57499999999963         1.0862246665246637E8
55.64999999999965         1.0800944427207902E8
55.724999999999646        1.0954749985869984E8
55.79999999999964         1.1170912628767309E8
55.874999999999645        1.1251235413094918E8
55.949999999999655        1.1226463232406096E8
56.02499999999964         1.1257384348554789E8
56.09999999999966         1.137979534805315E8
56.17499999999963         1.1549931433783999E8
56.24999999999963         1.1626761049423108E8
56.32499999999965         1.1598297047269422E8
56.39999999999964         1.1632627812728578E8
56.47499999999963         1.177668436293597E8
56.549999999999656        1.1966199756590946E8
56.62499999999963         1.1989454192613995E8
56.69999999999964         1.1880737584467162E8
56.77499999999964         1.1973045827952056E8
56.84999999999963         1.2219806092461985E8
56.924999999999656        1.2291100907101512E8
56.999999999999645        1.2227483585241292E8
57.074999999999626        1.2290075825072359E8
57.14999999999964         1.2350311479317074E8
57.22499999999965         1.2454000014162832E8
57.299999999999635        1.261681799727455E8
57.37499999999966         1.257507352391729E8
57.449999999999626        1.254092552074068E8
57.524999999999636        1.2668645361045761E8
57.59999999999964         1.2772673816215755E8
57.67499999999962         1.2791790066201936E8
57.74999999999965         1.287301550189183E8
57.82499999999962         1.2887882044408591E8
57.89999999999963         1.2918752643736035E8
57.97499999999965         1.2962787030847578E8
58.04999999999965         1.3038951463582005E8
58.124999999999666        1.3110059149358624E8
58.199999999999626        1.3175869573589893E8
58.27499999999965         1.3147140151005891E8
58.34999999999964         1.3131325477156176E8
58.424999999999656        1.3239617846080287E8
58.49999999999964         1.3356504408550379E8
58.57499999999963         1.33420168416108E8
58.64999999999964         1.3373778870270036E8
58.72499999999963         1.334991670014467E8
58.79999999999965         1.3349709482597114E8
58.87499999999964         1.3484864638209394E8
58.949999999999626        1.3562672585028288E8
59.02499999999964         1.356659512291217E8
59.09999999999964         1.3456406157491732E8
59.174999999999635        1.3462087961059725E8
59.24999999999962         1.3636895687451544E8
59.32499999999961         1.3726708540558997E8
59.39999999999964         1.361031082235518E8
59.47499999999964         1.3573029242399627E8
59.54999999999962         1.3610341231972364E8
59.62499999999962         1.3703985455880368E8
59.699999999999626        1.3774224341280895E8
59.774999999999636        1.3731271186932185E8
59.84999999999963         1.3589002613096055E8
59.92499999999963         1.3671798919835165E8
60                        1.38655814501852E8
