0                         13322.152745049489
2.373913043478247E-4      1564.3960475011581
3.2499999999995033E-4     2598.3911274372194
4.746301131418468E-4      1758.0179387636388
6.499999999999423E-4      2251.2494336877944
7.117160278745406E-4      815.0460058024588
8.778135048232369E-4      8303.485985468926
9.486945169712678E-4      4610.176253733154
9.749999999999447E-4      9749.06914213385
0.0011856271777003144     5995.808617207777
0.001299999999999947      16676.169301394562
0.001422406277244971      9477.613289613471
0.0016249999999999529     5665.8620546092225
0.0016590314136125453     6980.305611529492
0.001750000000000071      23404.543248580965
0.0018955972101133353     13791.568743650378
0.0019499999999999587     14348.203391337627
0.0021320680628272026     10064.740488368469
0.0022749999999999507     25700.042063846184
0.0023683842794759574     22886.34892457882
0.0025999999999999635     1284.4201084802214
0.0026045454545454497     1410.7385373731909
0.002616613418530443      127118.982940633
0.002840698689956317      14448.282802481392
0.0029249999999999485     30244.95663748555
0.0030767045454545353     21489.437352802517
0.0032499999999999543     39955.81559876706
0.0033125546806649017     12452.25720493806
0.003477707006369457      35571.12336325511
0.003548295454545415      24878.47889544238
0.003574999999999953      22283.598169545327
0.0037839895013123195     8059.052607843632
0.003899999999999952      11931.376836733278
0.004019527145358998      6803.2934147572705
0.004224999999999951      1298.5751606155832
0.004254907975460111      3067.562747778615
0.004333333333333397      6506.677130899472
0.004488485804416395      66.47056242187988
0.004549999999999957      513.7229366913583
0.004720727848101257      3168.9551073299067
0.004874999999999956      477.8920848352205
0.004952380952380937      399.84543692408874
0.005142857142857192      35985.53448982525
0.005183544303797451      2150.62737181802
0.005199999999999962      461.8014722560472
0.005414603174603162      5113.554796206761
0.0055249999999999536     47003.42749861364
0.0056450636942674964     1590.4278032757552
0.0058499999999999525     24861.953595004277
0.005874920127795516      14986.875043169524
0.0059347826086957114     35779.816637351236
0.006107386363636336      583.4220812990383
0.006174999999999958      10775.22190818745
0.00634076990376202       4184.905389568157
0.00649999999999995       2651.4307932132033
0.006573992994746036      862.0100169094534
0.006761609907120783      34057.0155099014
0.006807086614173202      3566.6842472384133
0.006824999999999942      1591.4296529770147
0.007040148861646209      4871.127306602478
0.007149999999999955      6378.109673912142
0.007273049956178772      1081.4572699054243
0.007474999999999947      33500.29073965798
0.007505789473684181      20172.886061491616
0.007583333333333338      22003.54789634175
0.007738475021910572      4711.108817544929
0.007799999999999953      4123.104365729991
0.007971052631578913      3611.8397710877625
0.008124999999999959      91.03362692742976
0.0082034679543459        7878.043517148489
0.008400000000000026      11175.350429608947
0.008435745614035067      5717.4165054798195
0.008449999999999964      98657.49804575964
0.00866799824407373       3420.493997453777
0.008774999999999956      20662.39687958504
0.0089000878734622        17209.741788012783
0.009099999999999955      15306.275307372405
0.009132014072119589      17631.551524109487
0.0092116564417178        95296.71984769123
0.009363884007029859      19841.606379003777
0.009424999999999961      17645.833844725024
0.009595646437994716      15170.183016552195
0.009749999999999967      20384.81754974866
0.009827244718309855      12466.09301428117
0.010018348623853236      67645.88013177266
0.010058707124010531      41990.689555378754
0.010074999999999959      84067.9877826345
0.010290140845070385      9787.632907805717
0.010399999999999958      12923.128714505321
0.010521409691629936      10871.341824167865
0.010724999999999964      14240.339217369348
0.010752513227513215      18119.946355991917
0.010820121951219543      58453.364842818315
0.010983568281938298      11624.650246424882
0.011049999999999963      17860.34603944988
0.011214506172839485      16516.55907172039
0.011374999999999962      22360.039586730854
0.01144527802294789       13694.376401325242
0.011617021276595758      25898.026324584607
0.01167391304347825       6841.705369977725
0.01169999999999996       18575.09115664155
0.011896308724832196      8548.095049006692
0.01202499999999996       9946.718730969113
0.012118013468013444      19422.905390291526
0.01231578947368419       7051.4726155557555
0.012339093959731512      35606.45525011968
0.012349999999999951      32191.261545869922
0.012560101010101         12886.912591180326
0.012674999999999971      26266.54879888131
0.012780405405405391      26051.89050071806
0.013000000000000005      260384.9869123861
0.013100000000000028      9606.63705660556
0.013200000000000038      39467.081636102565
0.013300000000000027      84255.47985198113
0.01340000000000003       66865.82277569552
0.013500000000000026      45760.57069076253
0.013600000000000029      46288.319628595666
0.013700000000000025      41876.22485355581
0.013800000000000028      22381.505198520015
0.01390000000000003       9385.878240467704
0.014000000000000026      6779.87415717449
0.014100000000000022      11464.438349539012
0.014200000000000018      28902.15510324586
0.014300000000000021      63492.33862285063
0.014400000000000024      90428.60324705766
0.014500000000000013      84929.49092731379
0.014600000000000023      92732.96798508689
0.014700000000000012      74664.23523805979
0.014800000000000021      80560.96795367934
0.014900000000000017      200122.54282356575
0.01500000000000002       193259.06735857314
0.015100000000000023      79505.8658980537
0.015200000000000019      39954.17176161759
0.015300000000000015      67496.80293724351
0.015400000000000018      120846.9483118072
0.015500000000000014      105572.12071853549
0.015600000000000024      37154.63640890584
0.015700000000000013      14388.098716964012
0.015800000000000015      85917.9859895458
0.015900000000000004      258059.5121572198
0.016000000000000007      388665.14829232387
0.01610000000000001       291307.08534148335
0.016200000000000006      116788.53092541464
0.01630000000000001       53464.71226251192
0.016399999999999998      52190.74744421356
0.016500000000000008      74730.22900410388
0.016600000000000004      56863.98722498938
0.016700000000000007      56148.06887952998
0.01680000000000001       92735.7749688423
0.016900000000000005      206506.06837564625
0.017000000000000008      76011.37962732787
0.018000000000000002      74732.97838959422
0.018100000000000026      116642.15305659643
0.01820000000000003       64217.90863064158
0.01830000000000003       75346.21565534259
0.018400000000000027      150399.30023862422
0.018500000000000023      110840.3004560355
0.018600000000000026      40508.447955095675
0.018700000000000022      23415.348957852817
0.018800000000000018      17389.61769124199
0.018900000000000028      27821.672101313394
0.019000000000000017      64388.41807490287
0.019100000000000027      105575.66986378055
0.01920000000000001       92617.14847306928
0.019300000000000025      39871.51808221504
0.019400000000000014      15116.956217406212
0.019500000000000024      27497.9542481209
0.01960000000000002       93330.45155255946
0.019700000000000023      133857.38044188396
0.01980000000000002       97812.52499546482
0.019900000000000022      38497.02170833153
0.020000000000000018      2562.8015700065303
0.02010000000000002       39571.6573055337
0.02020000000000001       59274.930884103305
0.02030000000000002       90144.84458275374
0.020400000000000015      187453.613301864
0.020500000000000025      180122.22105032147
0.020600000000000014      95623.84314175151
0.020700000000000017      63028.04596972961
0.02080000000000002       74096.46442967457
0.020900000000000023      127206.40968648506
0.02100000000000002       127127.43371386001
0.02110000000000002       60284.796717667225
0.021200000000000017      47349.18988165505
0.021300000000000013      41197.10172280336
0.02140000000000001       70054.5043610211
0.021500000000000026      108065.42045620419
0.021600000000000015      69482.68611802862
0.02170000000000001       59801.23277245258
0.021800000000000014      44147.143029237115
0.02190000000000001       28457.06092200667
0.022000000000000006      24411.5313554623
0.022149999999999996      111648.61773761199
0.0223                    207697.7902513323
0.022449999999999998      381555.0107659183
0.022600000000000002      379164.13819668564
0.022750000000000006      225137.51170384185
0.022900000000000004      127473.51092057647
0.023050000000000008      27968.676696969655
0.023200000000000005      25552.059933319637
0.023349999999999996      83074.10957468911
0.0235                    212218.62319397324
0.023649999999999997      280288.30538104597
0.02380000000000001       344944.30536126136
0.023950000000000006      251447.0829955219
0.024100000000000003      256641.9010331884
0.02425                   227269.52590153078
0.024399999999999998      471137.39897861896
0.02455000000000001       672221.5758070931
0.024700000000000007      964183.7234835264
0.024849999999999997      1104839.8257181086
0.02500000000000001       995306.5736365969
0.025150000000000006      1052355.5447043395
0.025300000000000003      1006101.5188010603
0.02545                   1265692.3466400257
0.025599999999999998      1607684.897133161
0.025750000000000002      2158902.586180923
0.025900000000000006      2424698.5619881037
0.026050000000000004      3226043.310092669
0.0262                    3380583.9096834585
0.026350000000000005      3950438.6857591826
0.026499999999999996      4978969.899118986
0.026649999999999993      5509240.37602975
0.026799999999999997      6923933.259938055
0.026949999999999995      8383636.453159803
0.0271                    1.017234151156457E7
0.027250000000000003      1.175509924321016E7
0.0274                    1.5256892542642696E7
0.027549999999999998      1.765549724435609E7
0.027700000000000002      2.244698940476571E7
0.027849999999999993      2.872824331014096E7
0.027999999999999997      3.3201505450803973E7
0.028100000000000007      3.8460413124424696E7
0.028200000000000003      4.2721514750068E7
0.028300000000000006      4.824738109897538E7
0.0284                    5.256621777507893E7
0.028500000000000004      5.423480063172598E7
0.028600000000000007      5.581777925155277E7
0.02870000000000001       6.0318842863353886E7
0.028800000000000006      6.682428961249108E7
0.02890000000000001       7.181742056999744E7
0.029000000000000005      7.432199571305795E7
0.029100000000000008      7.683672774525362E7
0.029200000000000004      8.082440281161378E7
0.029300000000000007      8.461936213823953E7
0.029400000000000003      8.657534352517636E7
0.029500000000000005      8.770331513502005E7
0.0296                    8.963722018340422E7
0.029699999999999997      9.188752787764084E7
0.0298                    9.276702489916845E7
0.02990000000000001       9.200186700248994E7
0.030000000000000006      9.107102635306387E7
0.03010000000000001       9.133436363364792E7
0.030199999999999998      9.212538576760076E7
0.0303                    9.198280301657511E7
0.030400000000000003      9.009638570033911E7
0.030500000000000006      8.744479787959358E7
0.03060000000000001       8.583073513361788E7
0.030700000000000012      8.537752440116286E7
0.0308                    8.3835459241392E7
0.030899999999999997      7.94645350559514E7
0.031                     7.381408174094382E7
0.031100000000000003      6.95591440722839E7
0.031200000000000006      6.658068413811807E7
0.031299999999999994      6.247543472609304E7
0.0314                    5.6821105215670906E7
0.0315                    5.2101140968700305E7
0.0316                    4.959765225397898E7
0.031700000000000006      4.727180730480939E7
0.031799999999999995      4.27196207388958E7
0.03190000000000001       3.695699441647787E7
0.032                     3.1507511165054902E7
0.03215000000000002       2.576909850911716E7
0.032300000000000016      2.1907605402577866E7
0.03245000000000003       1.8067186291728966E7
0.03260000000000001       1.5271237788342137E7
0.03275000000000002       1.3815363033489583E7
0.03290000000000002       1.1737596268205525E7
0.03305000000000002       9993233.93499785
0.033200000000000014      8495877.362267211
0.033350000000000025      6357991.494861575
0.03350000000000002       4955217.316664108
0.03365000000000002       3964532.6432248172
0.03380000000000002       2942622.052097593
0.033950000000000015      2648059.673448321
0.03410000000000001       2396500.3607280264
0.034250000000000023      1949497.4524334946
0.03440000000000002       1750916.292993399
0.034550000000000004      1448911.5321242483
0.034700000000000016      1105542.655753218
0.03485000000000001       1155140.7943807761
0.034999999999999996      1139894.437141283
0.03515000000000001       1039631.0063370771
0.03529999999999999       1246478.6386619331
0.03545                   994018.3264918675
0.035600000000000014      1131441.0920336493
0.03575                   1291642.4812712735
0.03590000000000001       1593827.804190467
0.036050000000000006      2094563.777516764
0.03620000000000002       2520581.270015245
0.03635                   2887538.807802831
0.03650000000000001       3112532.468242979
0.03665000000000001       3545029.5674057365
0.036800000000000006      4006417.5714979754
0.036950000000000004      4665222.995166715
0.0371                    5386542.169200923
0.037250000000000026      6300184.940042339
0.037399999999999996      7335389.766637052
0.03755000000000001       9323409.196710533
0.03769999999999999       1.1256922345382346E7
0.03784999999999999       1.3945376953368848E7
0.038                     1.7559902759939075E7
0.038099999999999946      2.0176403162244182E7
0.03819999999999996       2.1880083223115515E7
0.038299999999999966      2.3130149474798653E7
0.038399999999999955      2.4891745594540533E7
0.03849999999999996       2.7223426381255683E7
0.038599999999999975      2.9343182135113522E7
0.038699999999999964      3.097299451987109E7
0.03879999999999995       3.2709106553788397E7
0.03889999999999997       3.476375782825961E7
0.03899999999999997       3.643314308864197E7
0.039099999999999975      3.738959981691202E7
0.039199999999999964      3.848178589956022E7
0.03929999999999998       4.046947899147419E7
0.03939999999999997       4.277120397691914E7
0.03949999999999997       4.419454690181154E7
0.03959999999999999       4.450863140301288E7
0.03969999999999998       4.4418695292846106E7
0.03979999999999998       4.437160617575516E7
0.039899999999999984      4.4420137991471216E7
0.03999999999999999       4.477660636160888E7
0.040099999999999976      4.556795277173918E7
0.04019999999999998       4.6247622168206386E7
0.040299999999999996      4.6072966408278964E7
0.040399999999999985      4.502804360433461E7
0.04049999999999999       4.3534737289827585E7
0.04059999999999999       4.159754655592304E7
0.04069999999999999       3.910783033071808E7
0.04079999999999997       3.675842723282663E7
0.04089999999999997       3.544051878638372E7
0.04099999999999999       3.480342123625847E7
0.04109999999999999       3.3460711855711967E7
0.04119999999999998       3.0937563767580546E7
0.04129999999999998       2.8351671078947548E7
0.0414                    2.6556889097334757E7
0.04149999999999999       2.533233475618168E7
0.04159999999999998       2.3771463627989277E7
0.041699999999999994      2.1771391150393732E7
0.0418                    1.968954621041434E7
0.0419                    1.756992412982219E7
0.04199999999999999       1.5222236434727857E7
0.04245000000000001       7941991.451312365
0.0429                    5534555.402463221
0.04335000000000001       3031495.444938615
0.0438                    1526714.7779387517
0.044250000000000005      1282291.422412254
0.04469999999999998       735722.5782332072
0.04514999999999999       236971.30662892657
0.04560000000000001       161295.5549995955
0.04605                   208254.63838183205
0.04650000000000001       168346.9661810155
0.04695                   64722.548985289475
0.047400000000000005      169014.0824047685
0.04785                   56739.99040040513
0.0483                    46145.91553515568
0.04875000000000001       70087.38316926172
0.0492                    17114.195297060603
0.04964999999999999       3988.6698129742067
0.0501                    39439.19845808047
0.050550000000000005      31988.702309797296
0.051                     468.7719380310896
0.05145                   10147.493079216409
0.05190000000000001       31414.050294368542
0.052350000000000015      28343.35654978632
0.05280000000000001       15048.714673343453
0.05325000000000001       10804.437016263717
0.053700000000000005      12502.79314372887
0.05415                   1194.055406284695
0.05460000000000002       21116.406719182858
0.05505000000000001       5947.009015101508
0.0555                    6936.031312694131
0.05595000000000001       38939.34161252735
0.05640000000000001       32890.979121158314
0.05685000000000002       21442.224151902046
0.05730000000000001       33371.00001613109
0.05775000000000003       50952.7656925369
0.058200000000000036      32936.97780646546
0.058650000000000015      2398.8843986824627
0.05910000000000002       9476.47664491501
0.059550000000000027      19927.084892451516
0.05999999999999999       3699.16994499781
