0                         235361.37885951894
2.3400000000004667E-4     257.02448696903025
3.249999999999538E-4      13224.482873811017
4.683632734531311E-4      1686.3905628648638
6.499999999999562E-4      4057.719785616709
7.030876494024084E-4      1257.3460602503046
8.417266187052269E-4      30525.014757505003
9.380239520958289E-4      14203.173820623788
9.749999999999655E-4      7441.541922488984
0.0011731075697211484     888.7320990341476
0.001299999999999961      30873.557943464435
0.001408548707753511      10752.81307296813
0.0016249999999999667     10353.757017584565
0.0016443452380952503     9553.239868421044
0.0016956521739131744     20020.730000132127
0.0018802186878727686     4850.890621022429
0.0019499999999999587     9681.003603350628
0.0021163690476190614     9526.128070349665
0.0022749999999999646     2397.3109881613786
0.002352871287128709      3336.7270126015223
0.0025620437956205624     9630.65981131022
0.0025896825396825376     5277.460316082888
0.0025999999999999565     5326.038284362666
0.002826534653465336      4382.717488756085
0.0029249999999999624     1959.2537449612394
0.00306373517786563       4632.075642000862
0.0032499999999999543     6035.625035597101
0.0033012820512820368     1780.4961579278902
0.0034411764705883155     18465.295820763844
0.003539031620553336      10263.816244888418
0.003574999999999953      3892.2089817805527
0.0037769230769230666     4634.752466705576
0.003899999999999952      42707.278122331525
0.004015157480314953      8130.222955013694
0.004224999999999951      9648.373338552057
0.004253732809430276      11744.681092839492
0.00433333333333355       5173.987260376105
0.004488485804416437      1745.2457046203217
0.004549999999999943      2734.0321334237074
0.004720727848101285      5459.052838001354
0.004874999999999942      4283.143576855086
0.004952380952380951      897.8251871204209
0.005142857142857282      20730.533334996493
0.005183544303797485      8888.341706664221
0.005199999999999962      5742.195999646621
0.00541460317460319       923.0973395805537
0.0055249999999999536     3291.807789922967
0.005645063694267517      218.15978026853625
0.005849999999999939      14013.082689517301
0.005874920127795516      253.87596679676582
0.00593478260869576       1002.1774800898651
0.0061107558139534834     402.69349226368547
0.0061749999999999375     3273.807597846676
0.006349129593810447      384.3795730997977
0.006499999999999943      965.177034208753
0.006587837837837812      889.425766739655
0.006824999999999942      6943.255843629487
0.006826878612716768      328.5208655912921
0.006832116788321366      247.974316046176
0.007065926640926652      939.0855511806128
0.007149999999999955      619.9929476035675
0.007305298651252387      2815.763983388865
0.00747499999999994       2817.752032019687
0.007544999999999996      2203.43598402408
0.007742647058823625      8964.269817857048
0.007784971098265876      6176.726992096573
0.007799999999999932      65059.287643428404
0.008024999999999984      8086.570765544091
0.008124999999999945      16410.666826125547
0.008265355086372363      4002.8217860829795
0.008449999999999937      9170.533322644284
0.008506034482758607      7145.86410383091
0.008666666666666857      5255.693771337812
0.008746928982725541      7199.551843722228
0.008774999999999929      31110.580903606435
0.008987931034482768      2892.294719889277
0.009099999999999941      18431.804805157684
0.009229254302103251      9618.644148250918
0.009424999999999933      3255.8273331103337
0.009470896946564875      170.1994427308273
0.009604477611940526      26254.198917780242
0.009712715105162549      13190.664159211872
0.009749999999999918      22335.190072913116
0.009954675572519105      3427.589801175135
0.010074999999999945      7628.1042428436485
0.010196952380952397      4955.976062635849
0.010399999999999944      4094.041942225193
0.01043954372623574       2432.9553806172016
0.010556390977443791      31896.615232854252
0.01068228571428572       1987.5419211446394
0.010724999999999922      1101.603599428634
0.01092519011406843       4716.152005139957
0.011049999999999942      8058.6466508831745
0.011168406072106236      3225.060526410345
0.01137499999999994       98.39963436727076
0.011411931818181793      780.3350031843793
0.011522727272727316      21095.290494692137
0.011646757679180865      4434.947397264724
0.011699999999999947      4612.066088548101
0.011873630136986266      2056.4770215314684
0.012024999999999932      2503.4832589035996
0.012099828178694129      1589.2859324020437
0.012269662921348325      13824.056862405254
0.012325513698630088      4464.8950715500105
0.01234999999999993       5785.422294971857
0.012551030927835022      1819.4657013573762
0.012674999999999943      10802.542849857027
0.012775862068965478      563.1505322391005
0.013000000000000005      252773.53259006914
0.013100000000000028      9500.079906186535
0.013200000000000038      7766.007809441032
0.013300000000000027      11267.012917830378
0.01340000000000003       24625.080572424704
0.013500000000000026      46558.81973670817
0.013600000000000029      33076.77480126085
0.013700000000000025      12227.124118232547
0.013800000000000028      10931.64665988145
0.01390000000000003       4350.792501511551
0.014000000000000026      106.11200744768594
0.014100000000000022      1790.2571461993311
0.014200000000000018      30976.667164283786
0.014300000000000021      114059.20634866707
0.014400000000000024      151771.09644073638
0.014500000000000013      108311.9513486442
0.014600000000000023      75306.95227986234
0.014700000000000012      57584.93796076613
0.014800000000000021      60347.42626430252
0.014900000000000017      101964.60513350632
0.01500000000000002       100981.82898300063
0.015100000000000023      47745.073720923065
0.015200000000000019      22644.281471665665
0.015300000000000015      41745.04747100577
0.015400000000000018      35748.1892528695
0.015500000000000014      19813.934991609392
0.015600000000000024      21869.691638722066
0.015700000000000013      29045.16773847176
0.015800000000000015      148706.8954598455
0.015900000000000004      206616.26676109817
0.016000000000000007      189541.06369453468
0.01610000000000001       284568.85191546683
0.016200000000000006      273205.2069211425
0.01630000000000001       258262.39114906456
0.016399999999999998      370046.8047213618
0.016500000000000008      438921.8371753559
0.016600000000000004      380945.51021398633
0.016700000000000007      232886.15487401054
0.01680000000000001       146779.6349584073
0.016900000000000005      136606.35603946017
0.017000000000000008      146631.4981129169
0.018000000000000002      77887.37650822644
0.018100000000000026      117046.48912851892
0.01820000000000003       129983.1279864953
0.018300000000000025      149409.08935768116
0.018400000000000027      223891.8502765096
0.018500000000000023      307674.12876829214
0.01860000000000002       370149.80204722384
0.018700000000000015      408227.3719363527
0.018800000000000018      390785.48387774825
0.01890000000000002       334440.17288151325
0.019000000000000017      293600.9266071418
0.019100000000000027      319915.7564220979
0.019200000000000016      417097.428731355
0.019300000000000025      420896.1133173171
0.019400000000000014      220456.45820353576
0.019500000000000024      54425.563526037986
0.019600000000000027      81753.00184620962
0.019700000000000023      244505.81210691752
0.019800000000000026      459478.4864304361
0.019900000000000022      491527.6936267934
0.020000000000000025      344144.8956442334
0.02010000000000002       279377.4096453665
0.020200000000000017      344166.1683226207
0.020300000000000026      409305.7785791711
0.020400000000000015      340480.226477815
0.020500000000000025      207838.8649817501
0.02060000000000002       156291.9123341736
0.020700000000000024      195441.01909180533
0.02080000000000002       297371.11200375983
0.020900000000000023      381634.5501739911
0.021000000000000026      392666.13669235545
0.02110000000000003       330688.48505246226
0.02120000000000003       233482.3113814082
0.021300000000000027      179691.58356491834
0.021400000000000023      197375.9843769624
0.021500000000000033      244258.48199805853
0.021600000000000022      252820.61561426055
0.021700000000000032      217983.73697316763
0.021800000000000028      197655.54771100578
0.02190000000000003       222579.16380771808
0.022000000000000006      242720.91177156602
0.022150000000000003      209339.67690422805
0.0223                    145966.43100800607
0.022449999999999998      100353.80335338751
0.02260000000000001       109390.04556523824
0.022750000000000006      101306.39623543064
0.022900000000000004      89181.74155498928
0.023050000000000008      126941.10059161119
0.023200000000000005      80896.63056328132
0.023349999999999996      119005.94459213862
0.023499999999999993      83307.93009827711
0.023649999999999997      76124.5962484329
0.0238                    88278.36389407619
0.023950000000000006      94666.58810581274
0.024100000000000003      138386.10146502135
0.02425                   83979.71039655681
0.024399999999999998      124649.45868829207
0.024550000000000002      110022.94271322551
0.024700000000000007      125729.85287325925
0.024849999999999997      200607.56007164577
0.024999999999999994      278403.6180795649
0.02515                   413540.4733376423
0.025300000000000003      467002.35109222337
0.025449999999999993      438849.7424779538
0.025599999999999998      389754.5317125076
0.025750000000000002      502747.78936767724
0.0259                    441770.80820667103
0.026049999999999997      637875.7389789599
0.0262                    794522.5996398551
0.02635                   771395.2218245262
0.026499999999999996      1198118.7433943353
0.026649999999999993      1001623.3999126003
0.02679999999999999       1280081.4763513599
0.026949999999999988      1402048.1014772162
0.0271                    1618409.9867093537
0.027249999999999996      2503441.7045520428
0.027399999999999994      2835061.3003256232
0.027549999999999998      3345824.65878662
0.027699999999999995      4913717.520143273
0.027849999999999993      5097799.488996215
0.027999999999999997      5700462.1631351365
0.028100000000000007      5758560.001173297
0.028200000000000003      6349106.6377710365
0.028300000000000006      7514597.971662711
0.0284                    8633347.949652117
0.028500000000000004      9265759.39599165
0.028600000000000007      9783558.9769375
0.028700000000000003      1.0622171316555245E7
0.028800000000000006      1.1610365700407026E7
0.02890000000000001       1.2446452193466578E7
0.029000000000000005      1.3309259260158576E7
0.029100000000000008      1.4372700432472961E7
0.029200000000000004      1.5135238675691497E7
0.029300000000000007      1.5086192924510932E7
0.029400000000000003      1.4674525656632002E7
0.029500000000000005      1.4865656896214291E7
0.0296                    1.5828955276321983E7
0.029699999999999997      1.6736451973653167E7
0.0298                    1.6961567789596666E7
0.029899999999999996      1.6880979943356633E7
0.030000000000000006      1.713362072987273E7
0.03010000000000001       1.7441895099527474E7
0.030199999999999998      1.7151602759206403E7
0.0303                    1.6295620342049172E7
0.030400000000000003      1.5603896808673065E7
0.030500000000000006      1.5529410774719177E7
0.030599999999999995      1.5733403950413046E7
0.030700000000000012      1.5526227642887525E7
0.0308                    1.462530581933955E7
0.030899999999999997      1.3422745565340083E7
0.031                     1.2505021690863147E7
0.031100000000000003      1.2070272038599571E7
0.031200000000000006      1.1792982621290294E7
0.031299999999999994      1.1285502275998227E7
0.0314                    1.0548143109652791E7
0.0315                    9793226.309894884
0.0316                    9117916.658092856
0.03169999999999999       8297804.716470671
0.031799999999999995      7170181.575033883
0.03190000000000001       6056932.9841358615
0.032                     4673211.449166872
0.03215000000000002       4697845.653465229
0.032300000000000016      4364323.111204712
0.032450000000000014      3737523.7590954793
0.03260000000000001       3034474.561285668
0.03275000000000002       2340880.5800033566
0.03290000000000002       1817175.0500651447
0.03305000000000002       1266438.9170392489
0.033200000000000014      1334603.4471294878
0.03335000000000001       1110947.7359266572
0.03350000000000002       900295.728938062
0.03365000000000002       909979.3897594921
0.03380000000000002       589855.2511200304
0.033950000000000015      561464.1200570879
0.03410000000000001       585082.8127774729
0.03425000000000001       473843.9537475885
0.03440000000000002       656719.0553778927
0.034550000000000004      638466.3970227753
0.034700000000000016      728444.5048167186
0.03485000000000001       731156.2230296924
0.034999999999999996      841971.7949802822
0.03515000000000001       854762.4156651768
0.03529999999999999       1101559.7564003726
0.03545                   1513041.0003101577
0.035600000000000014      2117952.714687965
0.03575                   2900446.7789140274
0.03590000000000001       3602476.913415543
0.036050000000000006      4341673.881061507
0.0362                    5028831.0112425415
0.036350000000000014      5833640.527824954
0.03650000000000001       7035904.432007859
0.03665000000000001       8661620.509774858
0.036800000000000006      1.0539763280490037E7
0.036950000000000004      1.3136511929162921E7
0.0371                    1.5378688983804936E7
0.037250000000000026      1.8466009538770836E7
0.037399999999999996      2.110322368541378E7
0.03755000000000001       2.5275288880845312E7
0.03769999999999999       2.9987128436273832E7
0.03784999999999999       3.574493187319422E7
0.038                     4.312507542978487E7
0.03809999999999996       4.916250197730476E7
0.03819999999999998       5.491955123721511E7
0.03829999999999998       6.032763024920619E7
0.038399999999999955      6.596855994360857E7
0.03849999999999996       7.186281441518117E7
0.038599999999999975      7.717874966987996E7
0.03869999999999998       8.157876086036257E7
0.038799999999999966      8.616517110360295E7
0.03889999999999998       9.214875669783159E7
0.038999999999999986      9.894322490810603E7
0.039099999999999975      1.0448543080901009E8
0.039199999999999964      1.0767793571636336E8
0.03929999999999998       1.0965550832911485E8
0.039399999999999984      1.1208354282505749E8
0.039499999999999987      1.15054409780123E8
0.03959999999999999       1.17351136513588E8
0.03969999999999998       1.18395372864784E8
0.03979999999999998       1.190264104490689E8
0.039899999999999984      1.2007452541341354E8
0.03999999999999999       1.2094057641706371E8
0.04009999999999999       1.2038987355012117E8
0.04019999999999999       1.1842268519105655E8
0.040299999999999996      1.1640157374549626E8
0.040399999999999985      1.1515104573652676E8
0.04049999999999999       1.1386038997723697E8
0.04059999999999999       1.114776540815608E8
0.04069999999999998       1.083516675306543E8
0.04079999999999998       1.0547801049571288E8
0.040899999999999985      1.0254286894307359E8
0.04099999999999999       9.796421960242526E7
0.04109999999999999       9.127370072772269E7
0.04119999999999998       8.423785954696529E7
0.04129999999999998       7.87270911543441E7
0.041399999999999985      7.473574946133086E7
0.04149999999999999       7.085047027696194E7
0.04159999999999998       6.602219972712352E7
0.041699999999999994      6.041463913342167E7
0.0418                    5.435191697712505E7
0.0419                    4.777755081983318E7
0.04199999999999999       4.105211236766952E7
0.04245000000000001       2.2465345517536767E7
0.0429                    1.3853431537600962E7
0.04335000000000001       7494826.875903576
0.04380000000000001       5147126.664741303
0.044250000000000005      2576722.6224709353
0.04470000000000001       1737834.3976916112
0.04514999999999999       1006715.2339921094
0.04560000000000001       759463.4357602533
0.046050000000000015      620205.37341284
0.04650000000000001       199928.27346583945
0.04695000000000001       155191.62894864948
0.047400000000000005      244136.86157371203
0.04785                   91437.38791155559
0.0483                    44220.336365506715
0.04875000000000002       38915.1147798217
0.049200000000000015      6474.779356139749
0.04965000000000001       28295.74100435597
0.05010000000000001       116068.3608043851
0.05055000000000002       52191.004709938505
0.051000000000000024      7260.8276607903745
0.05145000000000002       14683.153193325139
0.05190000000000002       2269.4866842547517
0.05235000000000003       39287.18913200902
0.05280000000000002       17669.28377798736
0.05325000000000004       40419.74554189936
0.05370000000000002       15543.330202003117
0.05415000000000004       20958.90650115575
0.05460000000000002       7259.879135167798
0.055050000000000036      1660.7876103951212
0.05550000000000003       12366.013603451687
0.05595000000000002       20439.239929001156
0.05640000000000004       30567.715676572137
0.05685000000000006       9218.187585692775
0.05730000000000005       11339.44839319894
0.05775000000000007       37093.85146293524
0.058200000000000036      21681.65557326925
0.05865000000000004       29568.874317419522
0.059100000000000034      1368.1106404207253
0.05955000000000007       15217.572359348056
0.05999999999999999       2124.6939408224903
