0                         9643.590274172979
2.6000000000008655E-4     476.6310397325475
3.249999999999677E-4      347.6506505166995
5.195652173913684E-4      77.05877639570271
6.4999999999997E-4        9755.890300734409
7.786912751678553E-4      2854.863964157699
9.749999999999655E-4      2612.5375206101335
0.0010373737373737951     2281.923882373785
0.0012786885245905516     343.2630146793102
0.0012956375838926656     225.45431880755496
0.001299999999999961      3097.1086233121737
0.0015538720538721199     2381.4857576515137
0.0016249999999999667     2720.1176500498095
0.0018116554054054823     2427.8873788702485
0.0019499999999999656     4512.381574340506
0.0020689830508474963     764.300054745472
0.0022749999999999646     2459.2965914705405
0.002325850340136125      1852.238970407717
0.002516129032258313      4221.796201430782
0.0025830434782608755     5114.311269952302
0.0025999999999999704     15753.283523505273
0.0028425162689805217     2246.2904120620383
0.0029249999999999624     1610.4025012518257
0.0031022727272728007     1588.3941408394664
0.0032499999999999613     8150.8992604100185
0.0033623110151188088     2835.7581193663023
0.003574999999999953      1028.4909055412627
0.003622629310344863      2608.9773733321517
0.0038152173913045817     1061.0514603146917
0.0038831533477321767     828.374787692186
0.003899999999999966      4853.765882215758
0.004143750000000036      575.7091774605833
0.004224999999999951      1957.7104099912456
0.004404623655913979      1577.3090141412213
0.004549999999999943      293.51986828589617
0.004665772532188875      1029.9460357376674
0.004874999999999935      760.1312941491279
0.004927194860813701      368.51203096598863
0.005142857142857282      6761.365499838192
0.005188841201716719      7016.844646795572
0.005199999999999941      6336.883956003885
0.005450535331905745      419.2719191766965
0.00552499999999994       517.1596183748271
0.0057124999999999815     2373.736071831639
0.005849999999999939      4512.688115027375
0.005974733475479728      18.777823811511375
0.0061749999999999375     84.78575934719356
0.0062372340425531705     141.65227429654226
0.0064999999999999294     12849.719573610751
0.0067627659574467855     274.5924149312915
0.006824999999999935      842.7147498082135
0.00702579617834391       781.4742542834948
0.007149999999999934      713.5168268897866
0.007289088983050793      934.0245834162248
0.007474999999999926      98.33873318062291
0.007552642706130985      494.23327343405435
0.007799999999999918      5055.223507411554
0.007816455696202505      5333.871678409769
0.007887640449438335      1980.7769682579471
0.008080338266384733      518.4119535522665
0.008124999999999938      569.4617166089931
0.008344409282700346      758.1685526348884
0.00844999999999993       1402.260392733324
0.008608736842105141      1294.1056106884585
0.008774999999999929      675.5893810200663
0.008873319327730993      12.935064722360416
0.00909999999999992       1336.0282180992026
0.009138155136268235      2877.827622372043
0.009306818181817902      1991.1725016248565
0.009403151260504089      4966.2820890291105
0.009424999999999926      17265.33126723699
0.009668238993710554      11.736777814974241
0.009749999999999912      747.7764996297135
0.009933577405857645      913.843021075623
0.010074999999999917      2479.056147603234
0.010199164926930994      602.3516525454967
0.010399999999999916      1466.5249198162383
0.01046499999999994       1109.4426848496132
0.010724999999999908      7696.808136770255
0.010731081081081         7658.51614486315
0.010758620689655086      3312.5921054395308
0.010986226415094232      4249.559422628895
0.011049999999999914      2878.0610303407843
0.011239583333333275      7604.896384964718
0.011374999999999906      16044.853166659135
0.011492395437262291      9448.151548551132
0.011699999999999912      8094.206061267383
0.011744656488549561      8809.322925103294
0.011898305084745764      18880.404148398648
0.011996577946767971      31807.091126723735
0.012024999999999904      27764.29219919623
0.012248282442747997      22197.984180355812
0.01234999999999991       18044.741774269234
0.012499425287356244      35981.72501177156
0.012674999999999895      30179.032053318544
0.012749999999999907      48742.98921655698
0.013000000000000005      22405.919010474023
0.013100000000000028      76030.39096067035
0.013200000000000038      16334.145582797115
0.013300000000000027      16470.99037475261
0.01340000000000003       58694.24831530934
0.013500000000000026      146201.09722458228
0.013600000000000029      173147.5360583495
0.013700000000000025      132822.9466716419
0.013800000000000028      87357.48429090723
0.01390000000000003       59682.97358003979
0.014000000000000026      61603.200045119964
0.014100000000000022      78363.1315510813
0.014200000000000018      117750.16503901553
0.014300000000000021      173140.03433912556
0.014400000000000024      229141.3300657161
0.014500000000000013      239772.2137377269
0.014600000000000023      190045.33347452633
0.014700000000000012      131736.24805488097
0.014800000000000021      104491.55295537152
0.014900000000000017      93371.73287341034
0.01500000000000002       121187.21991202346
0.015100000000000023      231902.88412047958
0.015200000000000019      253515.14039963824
0.015300000000000015      175101.4848970213
0.015400000000000018      117648.21224745984
0.015500000000000014      143280.50519833126
0.015600000000000024      216463.98899481317
0.015700000000000013      192706.85304841888
0.015800000000000015      142353.91267082383
0.015900000000000004      139922.29722739954
0.016000000000000007      205541.3103774514
0.01610000000000001       271567.89335089433
0.016200000000000006      255375.12194971894
0.01630000000000001       228166.13704473252
0.016399999999999998      287976.1813257773
0.016500000000000008      431220.590793154
0.016600000000000004      447683.895719818
0.016700000000000007      333191.9881561316
0.01680000000000001       212612.03446051688
0.016900000000000005      123171.43500081658
0.017000000000000008      230474.12032524106
0.018000000000000002      232216.14009655855
0.01810000000000002       312841.41536666977
0.01820000000000002       362769.8827188356
0.018300000000000025      378986.1706284903
0.01840000000000002       381158.0835008532
0.018500000000000023      389296.47305374185
0.018600000000000026      446810.49232458096
0.018700000000000015      548403.2602293543
0.018800000000000018      591542.5522922598
0.01890000000000002       536751.3983170581
0.019000000000000017      454275.754352504
0.01910000000000002       473347.5984973849
0.019200000000000016      615021.5869904526
0.01930000000000002       709617.7024851624
0.019400000000000014      649309.3032219233
0.019500000000000024      555186.4432315675
0.019600000000000027      539791.7649310115
0.01970000000000003       561975.9340539821
0.019800000000000026      525590.039744837
0.01990000000000003       451078.0021541369
0.020000000000000025      411997.91757908167
0.02010000000000002       410685.5126059777
0.020200000000000017      431206.26615929144
0.020300000000000033      460453.91938265756
0.020400000000000022      495056.4346656919
0.020500000000000032      466426.3047913116
0.02060000000000002       349412.4995321402
0.02070000000000003       247273.1726742984
0.020800000000000027      231861.73192621957
0.02090000000000003       335978.6237327351
0.021000000000000033      415033.848616148
0.021100000000000035      377179.7955936025
0.02120000000000003       313831.39638121
0.021300000000000034      291427.33201819373
0.021400000000000037      315136.66838883713
0.021500000000000033      253114.06597815463
0.02160000000000003       143304.91963187756
0.02170000000000004       123488.5643100414
0.021800000000000035      172538.76248519451
0.021900000000000037      184351.3488353901
0.022000000000000006      131390.70846005477
0.022150000000000003      112149.08090681964
0.0223                    94587.48918683859
0.022449999999999998      180100.47855886893
0.02260000000000001       86756.25055620277
0.022750000000000006      101400.70681795599
0.022900000000000004      51771.2763716954
0.023050000000000008      52353.9946938521
0.023200000000000005      76997.1237874983
0.023349999999999996      76843.60078661295
0.023499999999999993      37705.96829783469
0.023649999999999997      46808.63890314373
0.0238                    14876.9141981777
0.023950000000000006      27646.49202478096
0.024100000000000003      38910.224404435496
0.02425                   82477.77030282041
0.02439999999999999       58617.99624418193
0.024550000000000002      87021.48733703983
0.0247                    45253.761911562404
0.024849999999999997      77884.46053242986
0.024999999999999994      158779.36547788855
0.02515                   140666.2803041998
0.025299999999999996      248759.3515049846
0.025449999999999993      303031.5123104835
0.02559999999999999       228178.90691235109
0.025749999999999988      290407.2176597205
0.0259                    272968.43819243595
0.026049999999999997      373545.14155740646
0.026199999999999994      511856.1584207545
0.02635                   485090.49981110916
0.026499999999999996      602946.6188515626
0.026649999999999986      565902.0861685958
0.02679999999999999       774355.9226752268
0.026949999999999988      1015906.9620913214
0.027099999999999992      1079177.086750049
0.02724999999999999       1441018.5449440458
0.027399999999999994      1641309.6997363963
0.02754999999999999       1708069.9045272744
0.02769999999999998       1897580.932272252
0.027849999999999993      2742364.6395871877
0.027999999999999997      3451066.8240888473
0.028100000000000007      3911178.6532848715
0.028199999999999996      4216792.579324036
0.028300000000000006      4623270.90803821
0.0284                    5225506.111996237
0.028500000000000004      5788465.487898185
0.028600000000000007      6090022.996381936
0.028700000000000003      6294621.921831479
0.028800000000000006      6670444.841795009
0.028900000000000002      6998698.400467982
0.029000000000000005      7104839.766715404
0.029100000000000008      7146309.851167375
0.029200000000000004      7429017.201028406
0.029300000000000007      7974628.745814613
0.029399999999999996      8414586.345533049
0.029500000000000005      8531501.252988445
0.0296                    8398484.966933053
0.029699999999999997      8188977.016898218
0.0298                    8006849.609111747
0.029899999999999996      7999884.1162621975
0.030000000000000006      8325222.982988807
0.030099999999999995      8734792.904338881
0.030199999999999998      8772444.556548717
0.0303                    8352732.1094884025
0.030400000000000003      7923969.426036938
0.030500000000000006      7859860.380839332
0.030599999999999995      8035777.781078295
0.030700000000000012      8111781.225634769
0.0308                    7967849.862809228
0.030899999999999997      7692947.829395747
0.030999999999999986      7326633.138009347
0.031100000000000003      6898660.983393366
0.031200000000000006      6560988.161507076
0.031299999999999994      6429275.901784487
0.0314                    6316202.731677399
0.0315                    5887226.020087888
0.0316                    5168368.234935523
0.03169999999999999       4544933.43455395
0.031799999999999995      4234945.457017292
0.0319                    4074850.739123294
0.032                     3862794.238344594
0.03215000000000002       3138231.863127681
0.032300000000000016      2157258.6839927398
0.032450000000000014      1794146.1648219093
0.03260000000000001       1489714.041275042
0.032749999999999994      1296705.935416033
0.03290000000000002       1215562.5503666538
0.03305000000000002       1009940.9728197274
0.033200000000000014      878175.6608000441
0.03335000000000001       642681.5839030782
0.03350000000000001       513993.23701240733
0.033650000000000006      576592.5799420313
0.03380000000000002       512334.8122571316
0.033950000000000015      498102.47271127417
0.03410000000000001       502013.1422716089
0.03425000000000001       437538.36168784334
0.03440000000000001       522796.01187324186
0.034550000000000004      719607.1779486061
0.034700000000000016      856979.8305720222
0.03485000000000001       1009791.1501929773
0.034999999999999996      1074951.5393161615
0.03515000000000001       1110511.8293754342
0.03529999999999999       1282147.2076080404
0.03545                   1705042.8937426948
0.035600000000000014      2175175.868190287
0.03575                   2984099.304647653
0.03590000000000001       3611912.1700305995
0.036050000000000006      4144373.1027725562
0.0362                    5015856.62980399
0.03635                   5913857.391743267
0.03650000000000001       7170430.489798194
0.03665000000000001       9019358.861853225
0.036800000000000006      1.0835196485743938E7
0.036950000000000004      1.279479010495612E7
0.0371                    1.5576683667087303E7
0.037250000000000026      1.816173327977747E7
0.03740000000000001       2.2224392618059374E7
0.03755000000000001       2.7473546578142278E7
0.03769999999999999       3.2590033683825646E7
0.03784999999999999       3.906856288268214E7
0.038                     4.601203539204046E7
0.038099999999999974      5.190943790407343E7
0.03819999999999998       5.7376477718463965E7
0.03829999999999998       6.284390835358357E7
0.03839999999999997       6.94462152439117E7
0.03849999999999997       7.679562951202732E7
0.03859999999999999       8.326851229450916E7
0.03869999999999999       8.842812522161572E7
0.038799999999999966      9.342698040950562E7
0.03889999999999998       9.875274824792013E7
0.038999999999999986      1.0353668481060639E8
0.03909999999999999       1.0748503507761484E8
0.03919999999999998       1.1153426221103124E8
0.03929999999999998       1.1586376129459143E8
0.039399999999999984      1.1918831241022183E8
0.039499999999999987      1.2102104713669464E8
0.03959999999999999       1.2289765670897453E8
0.03969999999999999       1.2603701224525473E8
0.03979999999999998       1.2916073017394474E8
0.039899999999999984      1.301410080070183E8
0.03999999999999999       1.2887064370918755E8
0.04009999999999999       1.269903278620803E8
0.04019999999999999       1.2543342034248962E8
0.040299999999999996      1.2386966317652643E8
0.040399999999999985      1.2200874261556481E8
0.04049999999999999       1.1972018418825558E8
0.04059999999999999       1.1642985841434583E8
0.04069999999999999       1.1195749511549963E8
0.04079999999999997       1.0749916368888769E8
0.04089999999999997       1.0430605489989738E8
0.04099999999999999       1.0169618527654824E8
0.04109999999999999       9.781409537724608E7
0.04119999999999998       9.226410657935655E7
0.04129999999999997       8.644306430341904E7
0.0414                    8.104067576065075E7
0.04149999999999999       7.535465677915336E7
0.04159999999999998       6.872995368146394E7
0.04169999999999998       6.206501968358889E7
0.04179999999999998       5.6256541729272395E7
0.041899999999999986      5.075703358224673E7
0.04199999999999999       4.4721826118649416E7
0.04245000000000001       2.545754419709558E7
0.0429                    1.4380267931552066E7
0.04335000000000001       8615370.432966808
0.04380000000000001       4676053.540867627
0.044250000000000005      2710092.9677307624
0.04470000000000001       1772473.749585643
0.04515                   966204.1577770243
0.04560000000000001       816788.2307051249
0.046050000000000015      300351.8288571483
0.04650000000000001       357939.06080065406
0.046950000000000026      182348.57996775422
0.04740000000000002       184156.68133360412
0.047850000000000024      168859.39325285403
0.04830000000000002       40324.20682496315
0.048750000000000036      47141.1830885854
0.04920000000000003       40645.97705932798
0.04965000000000002       1245.3480364589022
0.05010000000000004       9093.978908014025
0.05055000000000003       36693.394066854155
0.05100000000000004       18755.225739965845
0.05145000000000003       18446.149391237577
0.051900000000000036      2987.7761801902243
0.05235000000000003       31577.69592418412
0.052800000000000034      9965.322470279209
0.05325000000000004       5734.689880909969
0.053700000000000046      33130.48198431242
0.054150000000000066      20248.977239181175
0.05460000000000007       33256.47938256409
0.05505000000000005       9648.833210702931
0.055500000000000056      17579.598783865596
0.05595000000000005       16935.383561660652
0.05640000000000007       22530.37788601845
0.056850000000000074      2327.4453440483944
0.05730000000000008       51043.34531703232
0.057750000000000086      32206.56983860863
0.05820000000000008       23230.821455814017
0.058650000000000056      41181.964880461404
0.05910000000000006       22797.291501314077
0.05955000000000008       8293.625068189804
0.05999999999999999       3569.010820443753
