0                         12704.7836709913
2.8888888888904327E-4     1748.784830417878
3.2499999999999196E-4     1946.1193153639126
5.779556650247798E-4      4084.325396954743
6.499999999999805E-4      5790.433000611701
8.671990171991613E-4      9273.402055761682
9.749999999999794E-4      11171.195367972321
0.001156617647058919      9848.059124638212
0.0012999999999999678     17501.189307134493
0.0014462102689487902     16295.67055794688
0.0016249999999999806     15847.988726646508
0.0017359756097561976     15449.491542481668
0.0019499999999999726     13482.802259115118
0.0020259124087592464     17856.254902302986
0.0022749999999999784     20978.21539326977
0.002316019417475848      20421.15790266121
0.0025999999999999704     22657.40773054056
0.002606295399515811      22895.18498593321
0.0026590909090919365     34192.574425707826
0.00289660194174772       22663.549319336413
0.0029249999999999624     13211.452388408756
0.003187046004842667      11670.497676987095
0.0032499999999999613     10948.12548380191
0.003477657004830971      7937.178527675635
0.003574999999999953      4786.315590486799
0.003768433734939812      3568.739633909515
0.003899999999999952      2724.008167076203
0.004059375000000025      4705.852734700986
0.004224999999999951      4978.901283897692
0.004350479616306947      1749.9683141524001
0.004549999999999943      3075.3112938263694
0.004641746411483315      2572.0029126072677
0.004874999999999935      1973.7716878973572
0.004933174224343709      2216.694790107136
0.005199999999999941      6724.886270688695
0.005224761904761961      8994.220612635572
0.0054418604651165145     5636.741238058518
0.0055164677804295445     16423.584426353165
0.00552499999999994       16426.6460497811
0.005808214285714271      4424.244674618666
0.005849999999999939      4145.298768578564
0.006100118764845598      4056.020777985229
0.0061749999999999305     5285.733254645023
0.0063921800947867174     2274.465689183981
0.0064999999999999294     1506.271771291121
0.006684397163120526      1406.8334220485742
0.006824999999999921      2691.517726775374
0.006976768867924532      5308.051564959076
0.007149999999999927      8132.587772756065
0.0072692941176470335     6632.062620621376
0.007474999999999912      6015.013918047552
0.007561971830985857      6581.321076759391
0.007799999999999911      7480.540141989997
0.007854800936768123      8102.928211022698
0.00812499999999991       4945.238356445308
0.0081477803738318        5293.446769416237
0.008357142857143507      4045.8787645835027
0.008439300411522611      3449.4403540508715
0.008449999999999923      10450.710024021764
0.008726652892561977      1269.8018293196583
0.008774999999999901      1522.4672890162026
0.009013692946058076      4266.049397765115
0.009099999999999907      3525.0852127814137
0.009300416666666624      2520.562812525985
0.009424999999999906      4971.971201410487
0.009586820083681988      2874.5685994747937
0.009749999999999905      920.063075931377
0.009872899159663814      293.9362462312665
0.010074999999999903      989.3866880404745
0.010158649789029438      933.7603187645441
0.010399999999999902      2692.28746359217
0.010444067796610106      3826.9030825496898
0.010724999999999894      37517.126556221636
0.010729148936170066      38221.892978284355
0.010758620689654746      41550.770941121475
0.011014194915254079      2278.8786747056756
0.011049999999999893      1167.6166649203742
0.011298936170212735      11416.859041936277
0.011374999999999885      12091.20797036397
0.011583333333333196      35742.8604182373
0.011699999999999884      63540.52001695152
0.011867381974248851      48032.56899896471
0.012024999999999876      40747.92518708915
0.012151077586206774      58031.128091360966
0.012349999999999875      66959.86362712577
0.012434415584415472      74877.3828523993
0.012674999999999874      93934.4096412856
0.012717391304347812      81798.94614343045
0.013000000000000005      350063.06771782786
0.013100000000000028      99964.24296464755
0.013200000000000038      122054.28682053
0.013300000000000027      110079.02552088535
0.01340000000000003       93678.85259619106
0.013500000000000026      80295.85809371452
0.013600000000000029      140354.08155581966
0.013700000000000025      244487.39280986987
0.013800000000000028      218693.45056311696
0.01390000000000003       114919.52552723339
0.014000000000000026      70373.79045336897
0.014100000000000022      101385.19531968441
0.014200000000000018      134344.00477695253
0.014300000000000021      123724.47954111724
0.014400000000000024      104344.04527732967
0.014500000000000013      117030.0904451933
0.014600000000000023      97627.06278548152
0.014700000000000012      65365.134629954
0.014800000000000021      73062.37673306125
0.014900000000000017      120474.15843283769
0.01500000000000002       162383.0010204811
0.015100000000000023      121751.0723502813
0.015200000000000019      74563.22010844538
0.015300000000000015      118918.73830414872
0.015400000000000018      206855.88320862252
0.015500000000000014      247174.84412535245
0.015600000000000024      193381.06610276081
0.015700000000000013      141466.66794330938
0.015800000000000015      190644.95588733783
0.015900000000000004      261571.00473534755
0.016000000000000007      247473.0665423257
0.01610000000000001       188141.1153127434
0.016200000000000006      165383.866558792
0.01630000000000001       169873.9980779201
0.016399999999999998      161110.6935536749
0.016500000000000008      135495.635254605
0.016600000000000004      118029.94912151557
0.016700000000000007      102361.64553827325
0.01680000000000001       65444.518327580554
0.016900000000000005      30576.09407716572
0.017000000000000008      197673.20355513127
0.018000000000000002      332983.96817569324
0.01810000000000002       445554.53877636703
0.018200000000000015      550831.1954803639
0.018300000000000018      647169.6701302964
0.018400000000000014      754181.6920662636
0.018500000000000016      779598.1192950745
0.018600000000000012      676676.2737165691
0.018700000000000015      595665.9071577367
0.01880000000000001       637351.3240646262
0.01890000000000002       779918.1736051581
0.019000000000000017      889401.1422352849
0.01910000000000002       809720.7320285046
0.019200000000000016      637518.5681505733
0.01930000000000002       571892.2931391473
0.019400000000000014      678727.6452490308
0.019500000000000024      855430.7416503066
0.019600000000000027      913146.2524753273
0.019700000000000023      781791.2207343227
0.019800000000000026      596280.0849777976
0.01990000000000003       512796.7921365547
0.02000000000000003       519567.37225757574
0.02010000000000002       556381.3876034056
0.020200000000000023      569382.5296031891
0.020300000000000033      563144.7863732156
0.020400000000000022      566200.2850920128
0.020500000000000032      537565.004300328
0.020600000000000028      446573.05024503666
0.02070000000000003       339486.5446830755
0.020800000000000027      276623.7465043322
0.020900000000000037      264981.49200213497
0.021000000000000033      278082.50015395536
0.021100000000000042      296179.82842583203
0.021200000000000045      307469.7136839573
0.02130000000000004       282010.9787088299
0.021400000000000044      209875.9918707007
0.02150000000000004       147162.53303215108
0.021600000000000036      143360.9249197586
0.021700000000000046      176387.63853115708
0.02180000000000004       169594.431549272
0.02190000000000005       109096.8304576814
0.022000000000000006      68229.74453835071
0.022150000000000003      78496.61646445325
0.0223                    124115.76419841022
0.022449999999999998      150996.41239809402
0.02260000000000001       65033.08035353864
0.022750000000000006      44833.45476638482
0.022900000000000004      68229.808955868
0.023050000000000008      66942.78332192852
0.023200000000000005      175409.86475525802
0.023349999999999996      172916.11678674887
0.023499999999999993      165987.2680224784
0.023649999999999997      115002.92666321357
0.0238                    103043.77289628962
0.023950000000000006      137682.35493811747
0.024100000000000003      219516.49421449547
0.02425                   261770.7082938127
0.02439999999999999       370091.3758516797
0.024550000000000002      428289.5905885078
0.0247                    479611.50744775013
0.024849999999999997      593363.6888830037
0.024999999999999994      749425.1027987358
0.02515                   959326.837662851
0.025299999999999996      1111760.4379923623
0.025449999999999987      1270463.898302887
0.02559999999999999       1405239.6653313723
0.025749999999999988      1905067.4505190228
0.025899999999999992      2141939.3226942485
0.026049999999999997      3080556.459071648
0.026199999999999994      3369364.9061162327
0.02634999999999999       3961055.5377246803
0.026499999999999996      4284618.603362753
0.026649999999999986      5248604.697125936
0.026799999999999984      5950962.643671404
0.02694999999999998       7804713.29030509
0.027099999999999992      1.0062859286414674E7
0.02724999999999999       1.1682778721646423E7
0.027399999999999987      1.354780054787973E7
0.02754999999999999       1.6072295176859394E7
0.02769999999999998       1.874937255502481E7
0.027849999999999986      2.338914137083231E7
0.027999999999999997      2.8603473565924004E7
0.028100000000000007      3.2246432431303468E7
0.028199999999999996      3.5638688410145305E7
0.028300000000000006      3.900207465911514E7
0.0284                    4.2666255471778505E7
0.028500000000000004      4.635379331428165E7
0.028600000000000007      4.9597918933337964E7
0.028700000000000003      5.261113835620749E7
0.028800000000000006      5.6132987442302264E7
0.028900000000000002      6.026912477180254E7
0.029000000000000005      6.404996282447256E7
0.029100000000000008      6.650490072888737E7
0.029200000000000004      6.788728090594754E7
0.029300000000000007      6.92917732294324E7
0.029399999999999996      7.141954295854247E7
0.029500000000000005      7.403515925587493E7
0.029599999999999994      7.632154602015318E7
0.029699999999999997      7.759578063324217E7
0.0298                    7.78530486127131E7
0.029899999999999996      7.782726064376244E7
0.030000000000000006      7.833315835646936E7
0.030099999999999995      7.907914558732828E7
0.030199999999999998      7.890173563964751E7
0.0303                    7.729987177697234E7
0.030400000000000003      7.519630878934808E7
0.030500000000000006      7.374193805491768E7
0.030599999999999995      7.283024236551654E7
0.030700000000000012      7.142143287447137E7
0.0308                    6.911395915054215E7
0.030899999999999997      6.663152236694638E7
0.030999999999999986      6.460007934099513E7
0.031100000000000003      6.252992643033391E7
0.03119999999999999       5.947539349512761E7
0.031299999999999994      5.535785474759353E7
0.0314                    5.114983408744662E7
0.0315                    4.7767847150611445E7
0.03159999999999999       4.50799983123229E7
0.03169999999999999       4.203157013659199E7
0.031799999999999995      3.779073932830837E7
0.0319                    3.279783702877762E7
0.032                     2.7731095483873256E7
0.03215000000000001       2.3157221605152555E7
0.0323                    1.9694668903355516E7
0.032450000000000014      1.7156142935657095E7
0.03260000000000001       1.4853330284345385E7
0.032749999999999994      1.2482767015715387E7
0.032900000000000006      1.0418924962149821E7
0.03305                   8087127.632675895
0.033200000000000014      6511211.257757595
0.03335000000000001       5595666.742961959
0.03350000000000001       4728565.410752456
0.033650000000000006      4076323.2810836346
0.033800000000000004      3503469.4489607112
0.033950000000000015      2690111.4543171176
0.03410000000000001       2181866.2707263697
0.03425000000000001       1764537.1467386363
0.03440000000000001       1525870.759115879
0.034550000000000004      1412486.7559006037
0.03469999999999999       1279461.5588356503
0.03485000000000001       1236031.3727651539
0.034999999999999996      1109666.5447588083
0.03515000000000001       1137116.4737835175
0.03529999999999999       1092049.024542342
0.03545                   1169838.1719125821
0.0356                    1112756.1675166155
0.03575                   1236929.8234638122
0.03590000000000001       1442833.265035314
0.036050000000000006      1696632.1472959635
0.0362                    2370820.990134739
0.03635                   2790758.028641995
0.03650000000000001       3457615.6354639335
0.03665000000000001       4163027.822893325
0.036800000000000006      4776197.193924821
0.036950000000000004      5651333.912588213
0.0371                    6965667.621130437
0.037250000000000026      8093748.808385253
0.03740000000000001       1.004265577259348E7
0.03755000000000001       1.2116730723624997E7
0.03769999999999999       1.4625755868047219E7
0.03784999999999999       1.729608569977534E7
0.038                     2.063630210928324E7
0.03809999999999999       2.3306455228820965E7
0.03819999999999998       2.6041245091436416E7
0.038299999999999994      2.8692032570243806E7
0.0384                    3.1424352047116756E7
0.03849999999999997       3.43301080408228E7
0.0386                    3.72783186225758E7
0.03869999999999999       4.014596978551066E7
0.03879999999999998       4.2766079057520226E7
0.03889999999999998       4.4793878570355855E7
0.039                     4.6197535552742355E7
0.0391                    4.758358956447066E7
0.03919999999999998       4.947351897397457E7
0.039299999999999995      5.144070863815019E7
0.0394                    5.272231319065231E7
0.0395                    5.363555309326238E7
0.03959999999999999       5.514444025850617E7
0.03969999999999999       5.708862325672024E7
0.039799999999999995      5.8066756499923E7
0.0399                    5.746578215897551E7
0.03999999999999999       5.644374455338687E7
0.04009999999999999       5.6128668150939465E7
0.04019999999999999       5.609492866214705E7
0.040299999999999996      5.539880542844328E7
0.0404                    5.420192427745632E7
0.04049999999999999       5.323746853708784E7
0.04059999999999999       5.235003042248401E7
0.04069999999999999       5.078093878658409E7
0.04079999999999997       4.8532243746791065E7
0.04089999999999997       4.6335208206011586E7
0.04099999999999999       4.438410596492485E7
0.04109999999999998       4.221691616577307E7
0.041199999999999966      3.981449188209302E7
0.04129999999999997       3.7697412902453914E7
0.041399999999999985      3.5923611492786996E7
0.04149999999999999       3.384790241991072E7
0.04159999999999996       3.096935538760316E7
0.04169999999999998       2.7713096242243864E7
0.04179999999999998       2.4759720420662805E7
0.041899999999999986      2.2251219376350507E7
0.04199999999999999       1.9975395070025235E7
0.04245000000000001       1.1654218252379585E7
0.0429                    5735203.228177812
0.04335000000000001       4295013.627023232
0.04380000000000001       2019223.903368324
0.04425000000000002       1074604.1600012567
0.04470000000000001       884580.4182861636
0.04515                   494390.4668561458
0.04560000000000002       454314.0401388891
0.04605000000000003       206408.24771330287
0.04650000000000001       193972.10704555878
0.046950000000000026      98700.04637792993
0.04740000000000003       80382.79781442611
0.04785000000000004       75636.40633198585
0.04830000000000002       35918.870585945566
0.04875000000000005       33247.60316435825
0.04920000000000004       830.9406134388672
0.04965000000000002       10626.697562202762
0.05010000000000004       11804.612310701834
0.050550000000000046      681.7225252514924
0.05100000000000005       38421.3029751541
0.05145000000000006       9132.138986681946
0.05190000000000008       14660.362146189975
0.05235000000000004       11235.175173167947
0.05280000000000005       556.5023142495904
0.05325000000000007       9539.122286195206
0.05370000000000006       16761.464174704503
0.05415000000000008       7162.925144930595
0.05460000000000007       11442.4781065748
0.05505000000000008       13260.262190309972
0.05550000000000007       1813.91805397062
0.055950000000000076      14106.125467754082
0.056400000000000096      886.3760907914118
0.0568500000000001        7290.180099133227
0.05730000000000011       12387.153097748438
0.057750000000000086      12189.6337264039
0.058200000000000106      29487.07166675386
0.05865000000000011       11067.952365505533
0.05910000000000009       14898.973433311787
0.05955000000000011       990.1283645646706
0.05999999999999999       172.90354674268835
