0                         2.074719178236982E-7
5.833333333333385E-5      43938.32745384624
1.166666666666677E-4      89028.10428960402
1.7499999999999807E-4     72214.03623214755
2.3333333333333192E-4     19817.514356007126
2.916666666666623E-4      17272.085627360986
3.499999999999927E-4      42857.17150068663
4.0833333333332306E-4     37048.29669485056
4.6666666666664997E-4     9309.781990079056
5.249999999999838E-4      16358.656646798787
5.833333333333177E-4      47392.366636419814
6.416666666666446E-4      49016.94669548767
6.999999999999784E-4      22429.58146171499
7.583333333333088E-4      7445.658860221287
8.166666666666392E-4      45641.24811797241
8.74999999999973E-4       84675.57290462233
9.333333333332999E-4      102434.17633934067
9.916666666666338E-4      27209.390357354718
0.0010499999999999642     4263.84557854364
0.0011083333333332945     30895.192858285976
0.0011666666666666284     109269.08324571827
0.0012249999999999588     75082.62367657006
0.0012833333333332926     25128.18305964438
0.0013416666666666265     1959.8186471649335
0.0013999999999999568     70111.13514946333
0.0014583333333332872     88395.96390392535
0.0015166666666666176     56069.58065079517
0.0015749999999999445     14932.473925128119
0.0016333333333332749     74238.65868843872
0.0016916666666666053     129348.50380902573
0.001749999999999939      112073.97505481669
0.001808333333333273      34285.86426459358
0.0018666666666666033     20777.01984068728
0.0019249999999999372     89634.52190532908
0.001983333333333264      115835.04772086239
0.002041666666666598      58243.1385398594
0.0020999999999999283     1160.2952632385445
0.0021583333333332587     41906.81773397621
0.0022166666666665925     79352.62341388685
0.0022749999999999264     52384.57001249024
0.0023333333333332533     13818.606073884293
0.002391666666666587      38874.44296765126
0.002449999999999914      78939.9685777614
0.0025083333333332444     61375.90601256337
0.0025666666666665783     31196.386462231014
0.002624999999999905      52762.29118806296
0.002683333333333239      108671.4538968628
0.0027416666666665694     98333.68947611495
0.0027999999999999033     57225.18253935678
0.0028583333333332336     52025.24861195965
0.002916666666666564      138315.47183613759
0.0029749999999998944     171739.43090387573
0.0030333333333332282     144850.8954671274
0.0030916666666665586     33580.09590613868
0.0031499999999998925     82337.57086250566
0.003208333333333223      150667.17944427227
0.0032666666666665567     193410.73738046744
0.0033249999999998905     35559.12155473705
0.0033833333333332175     29379.505366106787
0.0034416666666665513     100301.28687137748
0.0034999999999998817     216682.22199191677
0.003558333333333212      65316.37252307323
0.0036166666666665424     6230.380790083451
0.0036749999999998693     44884.018348302554
0.003733333333333203      202084.19501116846
0.003791666666666537      113400.38016826921
0.0038499999999998674     34034.673974203106
0.003908333333333198      3738.3433626643564
0.003966666666666528      78646.56141919474
0.0040249999999998586     49064.041856979595
0.004083333333333192      14266.421554344483
0.004141666666666523      3440.3467351306167
0.004199999999999857      64471.94617021178
0.004258333333333187      77741.65344801484
0.004316666666666517      76036.58505050042
0.004374999999999848      59015.33865084827
0.004433333333333178      80724.23215837363
0.004491666666666512      52721.00606635711
0.004549999999999846      95675.46575356946
0.004608333333333173      133559.00036791558
0.004666666666666507      169010.50633366033
0.004724999999999837      38655.79527008297
0.004783333333333167      33087.6760209435
0.004841666666666505      77049.13766808472
0.004899999999999832      153012.82050231175
0.004958333333333165      39318.542863870854
0.005016666666666496      32234.015063295254
0.005074999999999823      71381.66756538651
0.0051333333333331566     134400.4984127517
0.005191666666666487      13182.548047960381
0.005249999999999821      24181.161765791
0.005308333333333155      102257.16243940595
0.005366666666666485      202447.85972099702
0.005424999999999815      24329.978238418713
0.005483333333333146      18729.538554360006
0.005541666666666476      141547.79372055118
0.0055999999999998065     353660.16606710746
0.005658333333333137      101392.40855387933
0.005716666666666471      1537.2799578143129
0.005774999999999805      89375.98297479334
0.005833333333333135      402543.9032877171
0.005891666666666469      215207.39293804768
0.005949999999999796      49946.24896165783
0.006008333333333126      7886.842321051004
0.00606666666666646       219692.02429272633
0.006124999999999787      151512.2248067916
0.006183333333333121      50370.026722519186
0.006241666666666458      4389.116997388285
0.006299999999999785      148075.2510539915
0.006358333333333119      104862.77149493367
0.006416666666666449      32612.62012657734
0.006474999999999783      2620.4203188184547
0.006533333333333113      127785.27067508543
0.006591666666666444      98716.19560966086
0.006649999999999774      40913.97257722243
0.006708333333333101      1852.3544177566007
0.006766666666666435      58151.09712696862
0.006824999999999765      36617.94572849394
0.006883333333333096      11288.386309198282
0.0069416666666664295     1796.0226491113235
0.00699999999999976       36484.38241272619
0.00705833333333309       7597.707142501252
0.007116666666666424      9326.815918467244
0.0071749999999997545     36661.24002982598
0.007233333333333088      86364.14048451449
0.007291666666666422      13104.142684391061
0.007349999999999749      3006.085718052355
0.0074083333333330795     35164.225113741726
0.00746666666666641       91683.598641568
0.00752499999999974       15556.035521270256
0.007583333333333074      711.8711140466492
0.0076416666666664045     18035.695454017467
0.007699999999999735      46785.32691127856
0.007758333333333069      12261.42110875999
0.007816666666666396      38466.94014300971
0.007874999999999726      66154.05762178579
0.007933333333333056      65657.978657398
0.007991666666666387      1100.8517927310374
0.00804999999999972       53204.44157116092
0.008108333333333051      115982.1707766382
0.008166666666666385      133605.49185594404
0.008224999999999715      16329.02111904287
0.008283333333333049      40808.34214661461
0.008341666666666383      90053.01831622462
0.00839999999999971       115906.7335649124
0.008458333333333044      36857.0734483993
0.008516666666666374      94238.44861959049
0.008574999999999704      149342.6139112864
0.008633333333333038      165139.2576709019
0.008691666666666365      50141.02307091513
0.008749999999999696      120460.09921378056
0.00880833333333303       200979.8139658723
0.008866666666666356      222321.19093978015
0.00892499999999969       28835.180698920703
0.00898333333333302       40061.18123151857
0.009041666666666351      104479.28499689818
0.009099999999999685      138585.4476500203
0.009158333333333015      4690.795328059085
0.009216666666666349      21063.166218313094
0.00927499999999968       72054.7741180498
0.00933333333333301       91163.36872782187
0.00939166666666634       1330.060646421031
0.009449999999999674      46661.852174125124
0.009508333333333004      97675.38663680085
0.009566666666666335      93839.32986504307
0.009624999999999665      12864.023217871196
0.009683333333332995      88329.15944979024
0.009741666666666326      144192.69869313863
0.009799999999999656      112799.78757305052
0.009858333333332987      11977.023421048116
0.009916666666666317      128379.30884947881
0.00997499999999965       221835.72625969333
0.010033333333332981      189217.65132527478
0.010091666666666312      625.7804089851288
0.010149999999999645      111190.64743445592
0.01020833333333298       249092.00104770006
0.01026666666666631       270318.15317586507
0.010324999999999643      4798.845538106169
0.01038333333333297       73958.76444007078
0.0104416666666663        234405.125608702
0.010499999999999635      334789.64261555957
0.010558333333332962      35231.96886441438
0.010616666666666295      47865.47868044082
0.010674999999999626      195211.33671702052
0.010733333333332956      357539.3214608799
0.01079166666666629       68203.18577598176
0.010849999999999617      34005.484934258464
0.010908333333332947      144233.86710482585
0.010966666666666281      323164.20494641375
0.011024999999999611      76497.704348999
0.011083333333332945      11633.758791658014
0.011141666666666276      61237.96588778007
0.01119999999999961       181647.43766671125
0.01125833333333294       30621.23272890566
0.01131666666666627       16787.215848222164
0.0113749999999996        62726.81090990098
0.011433333333332931      120732.88011831907
0.011491666666666261      4148.732418600082
0.011549999999999595      63201.87788724649
0.011608333333332922      161987.84517878597
0.011666666666666256      216413.1303389607
0.011724999999999586      3982.5504495580903
0.011783333333332917      65864.43451890463
0.01184166666666625       219355.14446983248
0.011899999999999581      339673.3792670472
0.011958333333332911      32422.671744235588
0.012016666666666242      37559.27138187687
0.012074999999999572      192375.76602237328
0.012133333333332906      374415.54936080205
0.01219166666666624       51944.3117468752
0.012249999999999567      14406.078753653564
0.012308333333332897      143098.37346741668
0.012366666666666228      341163.40016829845
0.012424999999999561      51339.60208829244
0.012483333333332895      13763.227982520453
0.012541666666666226      136119.45246431514
0.012599999999999556      343828.97653849743
0.01265833333333289       55671.46690153989
0.012716666666666217      30986.132202528148
0.01277499999999955       188272.55678239316
0.012833333333332881      464767.0390681158
0.012891666666666215      107979.81370130857
0.012949999999999545      6488.088807066077
0.013008333333332872      135628.21590498515
0.013066666666666206      481942.3000775876
0.013124999999999536      175716.13390885456
0.013183333333332867      17936.449755611473
0.013241666666666197      49163.12743747635
0.013299999999999527      326621.44177620823
0.013358333333332861      142754.53243775846
0.013416666666666192      30400.756888348726
0.013474999999999519      26502.290850067147
0.013533333333332852      196435.34427754008
0.013591666666666183      78673.10749336639
0.013649999999999517      32123.89479366918
0.01370833333333285       44499.46700405475
0.013766666666666177      146197.8746251987
0.013824999999999511      50816.920387674785
0.013883333333332842      71733.58698582397
0.013941666666666172      112502.74819589946
0.013999999999999506      150553.01655414753
0.014058333333332836      18189.24553909101
0.014116666666666167      118077.5414313245
0.014174999999999497      246016.31624038357
0.014233333333332827      298224.2675485959
0.014291666666666161      5004.320311780593
0.014349999999999488      90592.2046709175
0.014408333333332819      307268.6714373699
0.01446666666666615       494157.8735860086
0.014524999999999485      64240.18651279208
0.014583333333332813      27582.658966409967
0.014641666666666142      202315.48076324072
0.014699999999999474      463960.8790161438
0.014758333333332806      107455.92260438713
0.014816666666666136      54261.82825105431
0.014874999999999465      176822.82260777443
0.014933333333332795      401775.8187138759
0.014991666666666128      76679.48815084244
0.015049999999999458      50578.89679897349
0.015108333333332788      201997.3125713357
0.015166666666666119      457471.67995251756
0.01522499999999945       96218.78560350122
0.015283333333332783      21447.703361028103
0.015341666666666113      146728.51708722624
0.015399999999999444      413240.480944939
0.015458333333332776      100029.13882536218
0.015516666666666106      18787.49496249989
0.015574999999999437      111748.91791892609
0.015633333333332767      330585.06978910667
0.015691666666666097      64582.56097858974
0.015749999999999428      3230.218764705274
0.015808333333332758      111671.70539570085
0.01586666666666609       364300.84328868025
0.01592499999999942       150623.63966167392
0.01598333333333275       80859.27428960214
0.01604166666666608       115428.84670547045
0.01609999999999941       278470.5419765317
0.01615833333333274       119591.78517128956
0.016216666666666074      109461.64715489159
0.016274999999999405      125974.68270162863
0.016333333333332735      171607.80217108803
0.016391666666666065      50237.22250025447
0.016449999999999396      121647.86720924274
0.016508333333332726      176462.50873262066
0.016566666666666056      174981.32784858637
0.016624999999999387      46514.662290087756
0.016683333333332717      189431.20274475717
0.016741666666666048      279850.14398864825
0.016799999999999378      220127.0910171534
0.01685833333333271       21902.949338714832
0.01691666666666604       234693.60846444828
0.01697499999999937       403595.73327137163
0.0170333333333327        349357.9935561396
0.01709166666666603       13600.783708568022
0.01714999999999936       292805.55613226927
0.01720833333333269       632381.309343029
0.01726666666666602       735627.0884766895
0.01732499999999935       48960.6410994611
0.01738333333333268       136200.4596812652
0.017441666666666012      544139.5169593341
0.017499999999999342      953656.2510039479
0.017558333333332673      184730.93693504925
0.017616666666666003      10018.086903529549
0.01767499999999933       256618.9534872598
0.01773333333333266       776250.5553129595
0.01779166666666599       235129.83521834036
0.017849999999999325      7086.7279046093
0.01790833333333266       105713.20398985244
0.01796666666666599       544942.9510860217
0.01802499999999932       197398.106795071
0.01808333333333265       14578.565149524065
0.01814166666666598       61829.38897776634
0.01819999999999931       412647.74309141026
0.01825833333333264       159056.904746113
0.01831666666666597       17127.893720038595
0.0183749999999993        48421.76112667799
0.018433333333332632      329988.6929393299
0.018491666666665962      122990.1769577601
0.018549999999999293      21248.96829404033
0.018608333333332623      67411.91046023373
0.018666666666665954      324709.2928027356
0.018724999999999284      113565.04996252473
0.018783333333332614      20313.381201398242
0.018841666666665945      78506.28689200702
0.018899999999999275      342114.01803784166
0.018958333333332605      127719.93141956776
0.019016666666665936      16180.487427632304
0.019074999999999266      45942.091794774205
0.019133333333332597      268845.40130363323
0.019191666666665927      92617.21189487097
0.019249999999999257      5085.035792720765
0.019308333333332588      41974.77543083983
0.019366666666665918      244115.4999669779
0.01942499999999925       73392.80273876328
0.01948333333333258       6751.791190680058
0.01954166666666591       73189.82988219727
0.01959999999999924       303977.21641683567
0.01965833333333257       95079.34475219488
0.019716666666665904      3502.426316684425
0.019774999999999234      75882.11446871496
0.019833333333332565      365197.02463864407
0.019891666666665895      162599.8155253853
0.019949999999999225      32585.941293450604
0.020008333333332552      69605.82575653524
0.020066666666665886      406908.1869158102
0.020124999999999216      250915.83344080753
0.020183333333332547      98572.68927987934
0.020241666666665877      70581.5187640886
0.020299999999999208      378737.1308411119
0.020358333333332538      275595.5020711178
0.02041666666666587       114188.37909610878
0.0204749999999992        24038.810521294563
0.02053333333333253       257033.51396145916
0.02059166666666586       230165.3828895793
0.02064999999999919       106294.87296082328
0.02070833333333252       6815.95634125568
0.02076666666666585       181641.51912999054
0.02082499999999918       175907.67716394193
0.02088333333333251       72643.05079026372
0.02094166666666584       11772.344384525324
0.020999999999999172      276691.449013319
0.021058333333332502      303421.2973710605
0.021116666666665833      156041.69956545572
0.021174999999999163      15958.008413089148
0.021233333333332494      290094.93470338255
0.021291666666665824      446608.82536958455
0.021349999999999154      328930.90943671466
0.021408333333332485      73436.55339381173
0.021466666666665815      167636.98252750764
0.021524999999999146      382227.9592715569
0.021583333333332476      349554.6905390614
0.021641666666665806      105508.27677232344
0.021699999999999137      110763.10288790401
0.02175833333333247       338587.9097479814
0.0218166666666658        348708.3622886203
0.02187499999999913       121755.84469323837
0.02193333333333246       94474.2515479243
0.021991666666665792      360313.62753324857
0.022049999999999122      421842.8884454777
0.022108333333332453      193132.3051102808
0.022166666666665783      72853.61296297386
0.022224999999999114      325269.78236193355
0.022283333333332444      443582.6753758405
0.022341666666665774      250047.70540812908
0.022399999999999105      50359.835304270644
0.022458333333332435      250835.67440695997
0.022516666666665765      435676.8287207011
0.022574999999999096      342246.64469389344
0.02263333333333243       114141.25972555252
0.02269166666666576       149051.17909752764
0.02274999999999909       286216.5134657043
0.02280833333333242       274606.30781083315
0.02286666666666575       134623.2164221402
0.02292499999999908       116059.65650349019
0.022983333333332412      217411.43749273688
0.023041666666665742      260541.73866291114
0.023099999999999073      212077.87712429822
0.023158333333332403      139006.93057930854
0.023216666666665733      175083.0982560699
0.023274999999999064      236979.56719318213
0.023333333333332394      295004.17258376715
0.023391666666665725      238902.7406589107
0.023449999999999055      206836.7176516431
0.023508333333332385      200934.72071948103
0.023566666666665716      250251.98115102807
0.023624999999999046      268989.90737000946
0.023683333333332376      268849.06603551167
0.023741666666665707      264558.87883440027
0.023799999999999037      303456.03556502087
0.023858333333332368      341299.7772551275
0.023916666666665698      358533.46652982774
0.02397499999999903       369851.97984389524
0.02403333333333236       428145.094735023
0.02409166666666569       456145.75534028996
0.02414999999999902       467089.05482791516
0.02420833333333235       473562.37211629824
0.02426666666666568       526340.655350884
0.02432499999999901       565382.1171834281
0.02438333333333234       590384.1475638583
0.02444166666666567       631073.0221628387
0.024499999999999002      760106.5175951303
0.024558333333332332      833625.140109838
0.024616666666665662      852181.5768786557
0.024674999999998993      846096.2584923143
0.024733333333332323      905114.4164702634
0.024791666666665654      1003920.4558417803
0.024849999999998984      1072809.2231315316
0.024908333333332314      1116563.8399284636
0.024966666666665645      1199351.7253304748
0.025024999999998975      1328698.178441051
0.025083333333332306      1427992.0707525609
0.025141666666665636      1493520.3260075143
0.025199999999998966      1583209.8592229525
0.025258333333332297      1769962.3859678395
0.025316666666665627      1960446.687451966
0.025374999999998957      2091602.9404036128
0.025433333333332288      2178179.2308652517
0.025491666666665618      2278400.6538673774
0.02554999999999895       2481264.6770510487
0.02560833333333228       2688905.654678435
0.02566666666666561       2860693.420920659
0.02572499999999894       3032863.6520649367
0.02578333333333227       3312492.930054018
0.0258416666666656        3611917.3065817566
0.02589999999999893       3880518.333113353
0.02595833333333226       4047124.589650973
0.02601666666666559       4347093.556252941
0.026074999999998922      4689374.401621448
0.026133333333332252      5023578.921425192
0.026191666666665583      5393419.3077391405
0.026249999999998913      5898363.7042400865
0.026308333333332243      6410467.9374138415
0.026366666666665574      6860648.219333395
0.026424999999998904      7178601.807961829
0.026483333333332235      7745560.368415225
0.026541666666665565      8389847.13523571
0.026599999999998895      9010450.994674105
0.026658333333332226      9575732.266357211
0.026716666666665556      1.0431606481959313E7
0.026774999999998886      1.1398471174385611E7
0.026833333333332217      1.235211480703771E7
0.026891666666665547      1.286568836650346E7
0.026949999999998878      1.3712907258516965E7
0.027008333333332208      1.4783231489746729E7
0.02706666666666554       1.5992105879357668E7
0.02712499999999887       1.70326320292915E7
0.0271833333333322        1.8309822574746147E7
0.02724166666666553       1.9786554833065215E7
0.02729999999999886       2.1441965903469384E7
0.02735833333333219       2.2824405168481085E7
0.02741666666666552       2.44129933992169E7
0.02747499999999885       2.6172908218230188E7
0.02753333333333218       2.8082188483820304E7
0.027591666666665512      3.0185755774535585E7
0.027649999999998842      3.2561046634185743E7
0.027708333333332173      3.519643507524642E7
0.027766666666665503      3.807967173223474E7
0.02782499999999911       4.06758330227435E7
0.02788333333333272       4.346340695088391E7
0.027941666666666327      4.6481074362367205E7
0.027999999999999935      4.978297261907804E7
0.027999999999999935      4.969937754041228E7
0.028024999999999935      5.121443977617083E7
0.028049999999999936      5.27364327345066E7
0.028074999999999937      5.428061674531339E7
0.028099999999999938      5.5877505612536125E7
0.028124999999999938      5.749096573485679E7
0.02814999999999994       5.915634942744821E7
0.02817499999999994       6.084979924510324E7
0.02819999999999994       6.2552620408623576E7
0.02822499999999994       6.413314399832188E7
0.028249999999999942      6.567534639728196E7
0.028274999999999943      6.71901781122677E7
0.028299999999999943      6.870224998656517E7
0.028324999999999944      7.018718947072357E7
0.028349999999999945      7.174477363876255E7
0.028374999999999945      7.336102006692737E7
0.028399999999999946      7.5025428425533E7
0.028424999999999947      7.663444368147987E7
0.028449999999999948      7.824919297782297E7
0.02847499999999995       7.987266199420744E7
0.02849999999999995       8.152196202717367E7
0.02852499999999995       8.31100839491106E7
0.02854999999999995       8.470934507031874E7
0.02857499999999995       8.631074806568676E7
0.028599999999999952      8.791298982304993E7
0.028624999999999953      8.937735139383416E7
0.028649999999999953      9.082264509745188E7
0.028674999999999954      9.2256954656462E7
0.028699999999999955      9.370325148883289E7
0.028724999999999955      9.50911387794732E7
0.028749999999999956      9.653302248875208E7
0.028774999999999957      9.800550756818789E7
0.028799999999999958      9.949551003145993E7
0.02882499999999996       1.0086712077649185E8
0.02884999999999996       1.022350066105189E8
0.02887499999999996       1.0360926735770626E8
0.02889999999999996       1.0501856137376752E8
0.02892499999999996       1.0637567977116062E8
0.028949999999999962      1.0777652282794674E8
0.028974999999999963      1.0919576003635241E8
0.028999999999999963      1.1061697347988963E8
0.029024999999999964      1.1184825767751507E8
0.029049999999999965      1.1302012426256001E8
0.029074999999999965      1.1415094913628244E8
0.029099999999999966      1.1528539228484625E8
0.029124999999999967      1.163609012013939E8
0.029149999999999968      1.1752457279415798E8
0.02917499999999997       1.1874824921348621E8
0.02919999999999997       1.2001089210914677E8
0.02922499999999997       1.2108944846866868E8
0.02924999999999997       1.2208770042278735E8
0.02927499999999997       1.2301401701567432E8
0.029299999999999972      1.2391933720579894E8
0.029324999999999973      1.247547110534548E8
0.029349999999999973      1.257141569586864E8
0.029374999999999974      1.267889143337977E8
0.029399999999999975      1.2797476710995203E8
0.029424999999999975      1.2899385804694419E8
0.029449999999999976      1.298837815105874E8
0.029474999999999977      1.3061007461727384E8
0.029499999999999978      1.3119532850626008E8
0.02952499999999998       1.3156043731528541E8
0.02954999999999998       1.3201537606608014E8
0.02957499999999998       1.3259425203289561E8
0.02959999999999998       1.3333932457394806E8
0.02962499999999998       1.3405396473888622E8
0.029649999999999982      1.3475023614117822E8
0.029674999999999983      1.3534136914483765E8
0.029699999999999983      1.3579572527209184E8
0.029724999999999984      1.3594986610258698E8
0.029749999999999985      1.361098209601758E8
0.029774999999999986      1.363384835071188E8
0.029799999999999986      1.3671938600391328E8
0.029824999999999987      1.3713051696388203E8
0.029849999999999988      1.376029135773499E8
0.02987499999999999       1.380335692787579E8
0.02989999999999999       1.38358056780593E8
0.02992499999999999       1.3831503769117066E8
0.02994999999999999       1.3817084609704903E8
0.02997499999999999       1.3798937404505467E8
0.029999999999999992      1.3787133738383254E8
0.030024999999999993      1.3778515998253593E8
0.030049999999999993      1.378528162416729E8
0.030074999999999994      1.3799062308870593E8
0.030099999999999995      1.3813209193822312E8
0.030124999999999996      1.3797229345261574E8
0.030149999999999996      1.3767562514552712E8
0.030174999999999997      1.3726570024942306E8
0.030199999999999998      1.3681178459882593E8
0.030225                  1.3629253003820118E8
0.03025                   1.359127261601208E8
0.030275                  1.35634510504068E8
0.0303                    1.3542405307465166E8
0.030325                  1.3501933459310535E8
0.030350000000000002      1.3452437813928983E8
0.030375000000000003      1.3393462480013816E8
0.030400000000000003      1.3328909790046325E8
0.030425000000000004      1.3253164385318664E8
0.030450000000000005      1.3187440531153996E8
0.030475000000000006      1.313080353342545E8
0.030500000000000006      1.3082408040649712E8
0.030525000000000007      1.3018148817195587E8
0.030550000000000008      1.2945950747847503E8
0.03057500000000001       1.2863548969818765E8
0.03060000000000001       1.2772593687234817E8
0.03062500000000001       1.26653160227879E8
0.03065000000000001       1.2565252489943478E8
0.03067500000000001       1.2473079869641957E8
0.030700000000000012      1.2389615190662402E8
0.030725000000000013      1.2296483792792581E8
0.030750000000000013      1.220032584856412E8
0.030775000000000014      1.2097865430531277E8
0.030800000000000015      1.1989380661064918E8
0.030825000000000016      1.1865423756232719E8
0.030850000000000016      1.1747145849100754E8
0.030875000000000017      1.1636681191905908E8
0.030900000000000018      1.1536525526361951E8
0.03092500000000002       1.1429538072541857E8
0.03095000000000002       1.131998229745366E8
0.03097500000000002       1.1203095284734897E8
0.03100000000000002       1.1077084095262611E8
0.03102500000000002       1.0929173471092963E8
0.031050000000000022      1.0781679848540917E8
0.031075000000000023      1.0637445090542035E8
0.031100000000000023      1.0500078284563848E8
0.031125000000000024      1.0360720911436397E8
0.031150000000000025      1.0226040446341373E8
0.031175000000000026      1.00913168169894E8
0.031200000000000026      9.954009545111838E7
0.031225000000000027      9.801364595388262E7
0.03125000000000003       9.649349398587915E7
0.031275000000000025      9.501031382457587E7
0.03130000000000002       9.360727751895705E7
0.03132500000000002       9.219848106498407E7
0.03135000000000002       9.083309022060493E7
0.031375000000000014      8.946723173090826E7
0.03140000000000001       8.806971309717606E7
0.03142500000000001       8.647515225903617E7
0.031450000000000006      8.482603463742805E7
0.031475                  8.313907781417222E7
0.0315                    8.144596394616437E7
0.031525                  7.972418397830184E7
0.031549999999999995      7.808320421126267E7
0.03157499999999999       7.649726126112199E7
0.03159999999999999       7.494606426677631E7
0.031624999999999986      7.332663557625747E7
0.031649999999999984      7.171711454336818E7
0.03167499999999998       7.012487891994241E7
0.03169999999999998       6.857000149100393E7
0.031724999999999975      6.699881273441491E7
0.03174999999999997       6.547084343367762E7
0.03177499999999997       6.3970858534053296E7
0.03179999999999997       6.248625128266628E7
0.031824999999999964      6.089954457976243E7
0.03184999999999996       5.928799126352051E7
0.03187499999999996       5.7655737976511076E7
0.031899999999999956      5.601710752100214E7
0.03192499999999996       5.43492678516095E7
0.031949999999999965      5.273956794040492E7
0.03197499999999997       5.117708096299955E7
0.03199999999999997       4.9653005134519875E7
0.03199999999999997       4.980736476567617E7
0.03204347826086954       4.7307471633541726E7
0.03208695652173911       4.487743832271203E7
0.03213043478260868       4.254520523188003E7
0.03217391304347825       4.0371242147349775E7
0.032217391304347816      3.8443421342880405E7
0.032260869565217384      3.646712964421436E7
0.03230434782608695       3.445239969291275E7
0.03234782608695652       3.2473516395817347E7
0.03239130434782609       3.0820435834518746E7
0.03243478260869566       2.923986415701548E7
0.03247826086956523       2.768881714907501E7
0.032521739130434796      2.6207770810791746E7
0.03256521739130436       2.501325536771365E7
0.03260869565217392       2.384312212932494E7
0.03265217391304348       2.2621824322534297E7
0.03269565217391305       2.133614947789471E7
0.03273913043478262       2.013121405364847E7
0.032782608695652186      1.9053183859722696E7
0.032826086956521755      1.805550663630104E7
0.032869565217391324      1.7105036312003385E7
0.03291304347826089       1.62378326889837E7
0.03295652173913046       1.5403918559754359E7
0.03300000000000003       1.4615176431579042E7
0.03304347826086959       1.3889390654799875E7
0.03308695652173916       1.3176818118552325E7
0.03313043478260872       1.2459820610229146E7
0.03317391304347829       1.1766097711727224E7
0.03321739130434786       1.115301917470432E7
0.03326086956521743       1.0621266997138793E7
0.033304347826086995      1.0056952281637194E7
0.033347826086956564      9496682.071932498
0.03339130434782613       9075419.514908832
0.0334347826086957        8838732.264168363
0.03347826086956527       8508143.739296068
0.03352173913043484       7995781.025310097
0.03356521739130441       7377899.65613527
0.033608695652173975      6909705.623463068
0.033652173913043544      6602792.231263328
0.03369565217391311       6293896.476999218
0.033739130434782674      5923020.071525125
0.03378260869565224       5551698.6202306105
0.03382608695652181       5319712.003095651
0.03386956521739138       5167344.976459566
0.03391304347826094       5045861.122130714
0.03395652173913051       4683965.6704438245
0.03400000000000008       4318206.204371399
0.03404347826086965       4036833.2736490555
0.03408695652173921       3961295.842995193
0.03413043478260877       3879047.949312964
0.03417391304347833       3656124.3721198817
0.0342173913043479        3343168.7725261496
0.03426086956521747       3170101.669572695
0.03430434782608704       3230684.2680787556
0.03434782608695661       3201781.6518049045
0.03439130434782617       2945772.738343256
0.03443478260869574       2584287.2899589464
0.034478260869565305      2442448.1315173977
0.03452173913043487       2463677.9987010723
0.034565217391304436      2394011.987331908
0.034608695652174004      2167561.556508311
0.034652173913043566      1901678.454673905
0.034695652173913134      1905974.3798548076
0.0347391304347827        2049015.4334268
0.034782608695652265      2226693.7926324895
0.03482608695652183       1903504.6747985221
0.0348695652173914        1563269.3472438988
0.03491304347826096       1385284.067001477
0.034956521739130525      1616506.73968017
0.03500000000000009       1844226.0709107306
0.035043478260869655      1742032.6129048953
0.035086956521739224      1348060.644956406
0.035130434782608785      1059929.1712637711
0.035173913043478354      1291244.9446059172
0.03521739130434792       1588906.0716203442
0.035260869565217484      1578909.9095332876
0.03530434782608705       1238433.973675433
0.03534782608695662       864775.6047947
0.03539130434782619       829544.423269094
0.03543478260869575       912627.7031083407
0.03547826086956532       993193.2799436755
0.03552173913043488       826946.5240067146
0.03556521739130445       722528.9061916884
0.03560869565217402       683447.4448368489
0.03565217391304359       762373.0451593786
0.035695652173913156      716595.9077576254
0.03573913043478272       642372.1949516729
0.035782608695652286      570279.2037364828
0.035826086956521855      632261.6562958211
0.035869565217391416      671763.4746978725
0.035913043478260985      614507.450613509
0.035956521739130554      479984.40595959866
0.03600000000000012       478580.70754136855
0.03604347826086969       666120.4439373743
0.03608695652173925       764795.0235325685
0.03613043478260882       628512.6897268475
0.03617391304347838       374612.61374192795
0.03621739130434795       320210.2927573639
0.03626086956521752       459719.1713170073
0.03630434782608709       540661.2642901608
0.03634782608695665       466093.3709385055
0.03639130434782622       246358.16916768395
0.03643478260869579       234953.5992736136
0.03647826086956535       363921.0097526299
0.03652173913043492       577969.9709967761
0.036565217391304486      453282.26391930727
0.036608695652174054      268605.1502810096
0.03665217391304362       162676.89190258455
0.036695652173913185      351024.20282703254
0.03673913043478275       602636.1339974513
0.03678260869565232       628135.9030283605
0.03682608695652188       398010.6895186636
0.03686956521739145       150125.44809215557
0.03691304347826102       225813.13665058283
0.03695652173913058       440145.90971134807
0.03700000000000015       531460.4772691089
0.03704347826086972       432340.7775049044
0.03708695652173929       197085.22623595767
0.03713043478260886       125925.1066484881
0.037173913043478425      155482.03984809614
0.037217391304347994      266447.7991353008
0.037260869565217555      281192.9586895026
0.037304347826087124      252367.97749325138
0.03734782608695669       171454.35581241673
0.03739130434782626       98489.50760668473
0.03743478260869582       87651.81234638266
0.03747826086956539       138508.3494081869
0.03752173913043495       188060.30558769594
0.037565217391304515      209475.66685285847
0.03760869565217408       130418.60466706584
0.03765217391304365       64702.97326853618
0.03769565217391322       52378.01246857417
0.03773913043478278       150839.20077202632
0.03778260869565235       245652.01753225207
0.03782608695652191       257202.318755817
0.037869565217391474      192108.66597395123
0.03791304347826104       145271.0711944574
0.037956521739130604      175393.16108908874
0.03800000000000017       201117.6718479257
0.03804347826086974       170107.02976492516
0.03808695652173931       143827.1350409235
0.03813043478260888       204263.92070855707
0.03817391304347845       291623.59641868033
0.03821739130434801       292925.43779964047
0.03826086956521757       205413.54521400062
0.03830434782608713       85587.85760038657
0.03834782608695669       111075.8367159606
0.038391304347826255      188430.82908988683
0.03843478260869582       256624.1683087286
0.03847826086956538       129323.92755061717
0.03852173913043495       35030.73966826783
0.038565217391304515      30429.572430408032
0.03860869565217408       186643.01628774626
0.03865217391304364       268803.98717764905
0.03869565217391321       220775.187171685
0.038739130434782776      107770.86751427544
0.03878260869565234       133912.7719092267
0.038826086956521906      303877.57318600104
0.03886956521739147       369477.92468988773
0.038913043478261036      251868.03947786416
0.038956521739130605      136325.44386901596
0.03900000000000017       275548.9852103256
0.039043478260869735      507979.3407786808
0.039086956521739304      560447.6550745812
0.03913043478260887       413632.47229951236
0.039173913043478434      137704.96214751934
0.039217391304347995      177175.9074931652
0.03926086956521756       385935.72744692717
0.03930434782608712       712465.7200648694
0.03934782608695669       568868.9498373618
0.039391304347826256      337929.71459620685
0.03943478260869582       148697.86398449595
0.039478260869565386      312108.72223468975
0.03952173913043495       589798.2525394451
0.039565217391304516      673922.9791716334
0.03960869565217408       461324.2984087885
0.03965217391304364       232848.24575334822
0.03969565217391321       283965.5181988868
0.03973913043478278       466504.42714440793
0.03978260869565234       484747.84617042635
0.0398260869565219        358204.92133363755
0.03986956521739146       198096.0161284028
0.03991304347826102       236980.14491023126
0.039956521739130585      289528.65687494446
0.04000000000000015       335208.23649832956
0.040043478260869715      217783.28170538906
0.040086956521739284      185887.83996103288
0.040130434782608845      182321.57037812812
0.040173913043478414      263872.2561818495
0.04021739130434798       230659.7309559958
0.040260869565217544      198365.52071089434
0.040304347826087106      164938.3638068059
0.04034782608695667       262242.31110925216
0.040391304347826236      332104.8339958708
0.0404347826086958        308596.52983079763
0.040478260869565366      171380.23522483278
0.040521739130434935      109096.37230280068
0.040565217391304496      248695.63824351146
0.040608695652174065      402364.5330552023
0.040652173913043634      380802.69087794714
0.040695652173913195      201405.3947227812
0.040739130434782764      36570.4275546304
0.040782608695652325      68948.17419955115
0.04082608695652189       164533.4228730601
0.040869565217391456      247020.6715677602
0.040913043478261024      147997.7266813031
0.040956521739130586      63859.24945500737
0.041000000000000154      13953.190006883297
0.04104347826086972       37639.378326030965
0.041086956521739285      64245.75919431606
0.04113043478260885       65639.7952727686
0.04117391304347842       39432.162762839056
0.04121739130434798       22172.26940874887
0.04126086956521755       32328.59514991983
0.041304347826087114      35492.46753605034
0.04134782608695668       18736.18590253274
0.041391304347826244      706.5341385425855
0.041434782608695805      10488.691342408965
0.041478260869565374      27010.008325470048
0.04152173913043494       37060.714715409966
0.041565217391304504      52761.11488879922
0.041608695652174066      77667.27795123115
0.04165217391304363       79974.72191434611
0.04169565217391319       49244.21898346879
0.04173913043478275       14528.980069247256
0.04178260869565231       34644.07769226958
0.04182608695652188       95940.81484583215
0.04186956521739144       136488.5065702984
0.04191304347826101       127672.14889404691
0.04195652173913057       35865.84831695545
0.042000000000000134      3273.296992563726
0.0420434782608697        34053.18864157422
0.04208695652173927       133706.3967150083
0.04213043478260883       141043.8900168331
0.0421739130434784        87835.81616788096
0.04221739130434797       23168.422361024925
0.04226086956521753       55582.20852337564
0.042304347826087094      169103.70838795204
0.042347826086956655      216201.08824928856
0.04239130434782622       145244.31724002358
0.04243478260869578       35189.3207143616
0.04247826086956534       46594.520836635376
0.0425217391304349        168402.57562054298
0.04256521739130447       273462.80559154804
0.04260869565217404       309323.9006727059
0.0426521739130436        160930.37926820686
0.04269565217391317       63885.66931620103
0.04273913043478273       47063.006895434366
0.0427826086956523        173515.4516609707
0.04282608695652186       280626.1106124509
0.04286956521739142       289334.5631648991
0.04291304347826099       179721.5798311911
0.04295652173913055       47060.695099875156
0.04300000000000012       35027.730924501426
0.04304347826086969       113068.10900523595
0.04308695652173926       170939.48099009143
0.04313043478260882       163766.72230086307
0.04317391304347838       63358.29677632183
0.043217391304347944      11697.87013928837
0.043260869565217505      12781.243881848532
0.04330434782608707       78943.41940882671
0.04334782608695663       116750.3204160802
0.0433913043478262        107629.25220819058
0.043434782608695766      55956.81858790083
0.04347826086956533       4492.555937155301
0.043521739130434896      9636.676210463816
0.04356521739130446       40296.071414144884
0.043608695652174026      59703.056167819894
0.04365217391304359       52668.75120064514
0.04369565217391315       24427.401298323097
0.04373913043478272       6828.790206347584
0.043782608695652286      347.3758753984893
0.04382608695652185       7335.384703342452
0.04386956521739141       19127.44316873936
0.04391304347826097       24085.462873485336
0.04395652173913053       20646.84486424011
0.044000000000000095      17174.21125153346
0.04404347826086966       27673.709128773517
0.04408695652173923       38146.7136664526
0.04413043478260879       36837.0247484558
0.04417391304347836       26123.085541572917
0.044217391304347924      14963.165684915124
0.04426086956521749       28284.02356255776
0.044304347826087054      47706.73682921952
0.044347826086956615      62705.19263429191
0.04439130434782618       26207.109018957333
0.044434782608695746      3760.2376046897703
0.044478260869565314      9248.379377151496
0.044521739130434876      61333.93812764047
0.04456521739130444       72545.02561784493
0.044608695652174         42407.99765143358
0.04465217391304356       5531.627220319736
0.04469565217391312       43096.4943680131
0.04473913043478269       136729.64516686337
0.04478260869565226       155088.54998910957
0.04482608695652182       77344.12022996925
0.04486956521739139       1862.781538831493
0.04491304347826096       93972.34545014291
0.04495652173913052       236297.48821400196
0.04500000000000008       276509.0995405114
0.04504347826086964       181002.18188372548
0.045086956521739205      8337.097158563403
0.045130434782608767      41135.8518353844
0.045173913043478335      201670.52206527677
0.045217391304347904      425063.71958110196
0.045260869565217465      288208.02490587387
0.045304347826087034      96354.28080644978
0.0453478260869566        3034.3872175412707
0.045391304347826164      240755.67783051572
0.045434782608695726      525541.6427552465
0.04547826086956529       540801.2211636425
0.045521739130434856      274635.2560411104
0.045565217391304424      27575.667922684366
0.045608695652173986      175261.88158399318
0.04565217391304355       422810.93441089906
0.04569565217391311       461178.68692215846
0.04573913043478267       278759.4346668453
0.04578260869565223       89751.19740789512
0.0458260869565218        167091.9423890957
0.04586956521739137       300074.73262599244
0.04591304347826093       394365.44138142053
0.0459565217391305        193538.47226162587
0.04600000000000006       132681.4842678458
0.04604347826086963       214002.58554644487
0.04608695652173919       493260.9951904959
0.046130434782608754      440838.2947728264
0.046173913043478315      249910.0670952969
0.046217391304347884      68911.20255210341
0.046260869565217445      239785.55272520354
0.046304347826087014      577627.1858163513
0.046347826086956576      636223.1634503965
0.04639130434782614       334486.536255212
0.046434782608695706      29979.017463574626
0.046478260869565274      243622.2252876642
0.04652173913043484       602571.6914541983
0.04656521739130441       662615.2474179419
0.04660869565217397       366987.23685385176
0.046652173913043535      15328.511925860988
0.046695652173913096      129759.92154197615
0.046739130434782665      430287.67032422754
0.04678260869565223       717654.5264668156
0.046826086956521795      364249.7217203535
0.04686956521739136       77758.60176617066
0.04691304347826092       39740.153711535575
0.04695652173913049       484679.609060565
0.04700000000000005       755705.519921928
0.04704347826086962       638619.4947538874
0.04708695652173918       234842.20357529644
0.04713043478260875       5591.996797816445
0.047173913043478316      300643.0985632375
0.04721739130434788       575763.7786521661
0.047260869565217446      505483.7661849361
0.04730434782608701       188207.29783530696
0.047347826086956576      75973.20775598327
0.04739130434782614       246061.71605027188
0.0474347826086957        375241.93998834345
0.04747826086956526       345721.5876181362
0.04752173913043482       112245.64361555873
0.04756521739130439       121308.28694574218
0.04760869565217396       273756.28521674377
0.04765217391304352       520742.7866096164
0.04769565217391308       363450.65370820987
0.047739130434782645      173832.50916491816
0.04778260869565221       72728.65478244364
0.04782608695652177       286773.85826795374
0.04786956521739134       500584.8591709149
0.047913043478260905      499743.57130735525
0.04795652173913047       270624.6844426497
0.04800000000000003       81442.62546216176
0.04804347826086959       185787.81299533643
0.04808695652173915       341216.70984244096
0.048130434782608714      325051.57283432176
0.048173913043478275      168005.4673793297
0.04821739130434784       72372.73975387875
0.0482608695652174        129687.43703025451
0.04830434782608696       177348.42897127333
0.04834782608695653       162373.4743782453
0.0483913043478261        61414.298488536304
0.04843478260869566       44651.587448011094
0.04847826086956522       55538.284479895476
0.04852173913043478       75775.91102500414
0.04856521739130435       34797.9493781339
0.04860869565217392       35519.00318336264
0.04865217391304349       61860.03093454475
0.04869565217391305       111192.53725876423
0.04873913043478262       56756.13686632391
0.04878260869565218       7929.7708376570035
0.04882608695652174       13852.158796297854
0.04886956521739131       146351.40363086681
0.04891304347826087       209378.13379043815
0.04895652173913044       157737.704639341
0.049                     50897.5366457237
0.049043478260869564      68000.12386092475
0.04908695652173913       214767.47894139387
0.049130434782608694      257915.1375471454
0.04917391304347826       148549.6285248079
0.049217391304347824      84091.22846538745
0.04926086956521739       290330.999117716
0.04930434782608696       495980.0477010089
0.04934782608695652       461000.54075477185
0.049391304347826084      258547.4364815898
0.049434782608695646      168422.83052360752
0.049478260869565215      455291.4162514975
0.04952173913043478       803047.24195045
0.049565217391304345      1060905.5134761806
0.049608695652173906      557982.3091495879
0.04965217391304347       225553.36854400332
0.04969565217391303       250934.34142466413
0.04973913043478259       959198.7563853057
0.04978260869565215       1333324.9335798048
0.049826086956521715      1132580.2363711328
0.04986956521739128       497261.7789579951
0.049913043478260845      196538.71355363744
0.04995652173913041       713517.1452643815
0.049999999999999975      1208576.6393061553
0.05004347826086954       1090049.4091407903
0.050086956521739105      532476.3816356191
0.050130434782608674      237419.0526947279
0.05017391304347824       511893.1715924177
0.05021739130434781       766865.0697298675
0.05026086956521738       772941.0224717689
0.05030434782608694       265652.0690686602
0.05034782608695651       161128.88113140877
0.05039130434782608       358422.83056315477
0.05043478260869564       831486.1637427605
0.05047826086956521       658176.1350418741
0.05052173913043477       307600.4180143842
0.05056521739130433       23593.732015081394
0.05060869565217389       277763.46967201604
0.050652173913043455      710350.117816922
0.050695652173913024      750830.6103707205
0.05073913043478259       347360.9958043253
0.050782608695652154      98.45659128435831
0.050826086956521715      321059.32795904303
0.050869565217391284      721636.0581851318
0.05091304347826085       709461.6675011108
0.050956521739130414      316403.98584027693
0.05099999999999998       36770.3922773781
0.051043478260869544      246029.33181549452
0.05108695652173911       551852.8274354117
0.051130434782608675      759650.2192605349
0.051173913043478236      409808.4830648836
0.0512173913043478        220438.37544596122
0.05126086956521736       214812.76913170828
0.05130434782608692       522593.7260677589
0.05134782608695648       544961.9754516688
0.051391304347826045      449955.73244680127
0.051434782608695606      313618.9493461227
0.051478260869565175      493257.3413094164
0.05152173913043474       680148.5093648626
0.051565217391304305      657363.2781484731
0.051608695652173874      385383.3451200462
0.05165217391304344       299017.26814758126
0.051695652173913004      612928.4456409262
0.051739130434782565      859351.9074517814
0.051782608695652134      680266.2367304196
0.051826086956521696      268782.5145670759
0.051869565217391264      166530.43700430664
0.051913043478260826      458981.71561317047
0.05195652173913039       656374.4160284891
0.051999999999999956      575060.861641087
0.05204347826086952       111914.08288120317
0.052086956521739086      45143.12378400647
0.052130434782608655      284131.7140186791
0.05217391304347822       775372.4557751876
0.052217391304347785      637072.8159406818
0.05226086956521735       302724.10581528
0.052304347826086915      25334.914094556905
0.05234782608695648       253543.97679467642
0.052391304347826045      698843.6511862758
0.05243478260869561       798569.1848096424
0.05247826086956517       449916.73627581674
0.05252173913043473       27809.570245735238
0.05256521739130429       129758.4698479185
0.05260869565217386       411702.97047118645
0.05265217391304343       462569.36920275196
0.05269565217391299       228256.00527537815
0.05273913043478255       14181.393362817067
0.052782608695652114      115035.3765092964
0.052826086956521676      286313.44788891595
0.05286956521739124       375702.0902134712
0.052913043478260806      124189.67420318381
0.052956521739130374      5969.407914851818
0.052999999999999936      45739.75483884464
0.0530434782608695        269559.0881888639
0.05308695652173906       265077.7382231939
0.05313043478260862       148961.90787305962
0.05317391304347818       19156.161386578293
0.053217391304347744      68423.92596880373
0.053260869565217306      193475.45389317602
0.05330434782608687       187517.18175928853
0.05334782608695643       56849.39612190944
0.053391304347826         22207.957562465526
0.053434782608695566      240782.21894524986
0.05347826086956513       397275.0532798437
0.05352173913043469       320607.7454223942
0.05356521739130425       91300.56534016314
0.05360869565217381       17548.404297631092
0.053652173913043374      160722.83683727452
0.053695652173912936      294987.24687588133
0.0537391304347825        309189.1971649897
0.05378260869565206       101838.98918545684
0.05382608695652163       18821.494698901453
0.05386956521739119       28692.45103225511
0.05391304347826076       115106.3342192574
0.05395652173913032       83703.41429442664
0.05399999999999989       52086.757473075784
0.05404347826086946       53810.128366254554
0.05408695652173902       157987.3558024987
0.05413043478260859       156741.52951322554
0.05417391304347815       87423.19966350289
0.05421739130434772       24903.605249541968
0.05426086956521728       151072.25010620846
0.05430434782608685       341487.5081702495
0.05434782608695641       347943.53190152434
0.05439130434782597       154297.36180666962
0.05443478260869554       1790.6542617941957
0.0544782608695651        193272.01071445225
0.05452173913043467       421790.4161004614
0.05456521739130424       413122.83666871476
0.05460869565217381       175885.35871262965
0.05465217391304337       3326.338015399434
0.05469565217391294       175221.64637942
0.0547391304347825        442421.5317953724
0.05478260869565206       635035.9015838642
0.05482608695652163       288145.7922678381
0.05486956521739119       42864.37933984093
0.05491304347826076       37302.34420324584
0.05495652173913032       438780.1206424446
0.05499999999999988       651143.2761634865
0.055043478260869444      532239.1540667255
0.055086956521739006      185003.9510544279
0.055130434782608574      8355.95657141912
0.05517391304347814       279531.3171564585
0.05521739130434771       525975.3485256484
0.05526086956521728       467608.77346012724
0.05530434782608684       177957.79470151465
0.05534782608695641       38657.7991573259
0.05539130434782597       160462.77744658102
0.05543478260869554       291626.38292720594
0.0554782608695651        323359.3298219431
0.055521739130434664      161832.3783687734
0.055565217391304225      129881.10712251042
0.05560869565217379       165159.03029526022
0.05565217391304335       239074.78224362122
0.05569565217391291       124687.0874068084
0.05573913043478247       37473.8631937026
0.05578260869565203       21862.645115035906
0.055826086956521595      155537.8980362446
0.05586956521739116       208703.26948068745
0.055913043478260725      147452.14489254076
0.055956521739130294      29599.984084100128
0.055999999999999855      36448.211959763525
0.056043478260869424      193204.3520127696
0.056086956521738986      251810.32793596984
0.056130434782608554      142719.76877868405
0.056173913043478116      6948.714931062572
0.056217391304347684      101683.93287764379
0.056260869565217246      275651.8297588075
0.05630434782608681       317740.7873386404
0.056347826086956376      188312.0017645848
0.05639130434782594       4842.380217005603
0.05643478260869551       54279.82160952137
0.056478260869565075      219037.55125682752
0.05652173913043464       407067.12220046995
0.0565652173913042        255296.25757891953
0.05660869565217376       88938.81402863598
0.05665217391304333       10060.309254086016
0.0566956521739129        158620.73152022687
0.056739130434782466      314194.6886856563
0.05678260869565203       308991.76731750165
0.056826086956521596      148036.66064660394
0.05686956521739116       6898.840982882431
0.05691304347826072       80725.59097110087
0.05695652173913028       200879.83055536106
0.05699999999999984       223570.49775822618
0.05704347826086941       154137.1677636779
0.05708695652173898       93522.51554969861
0.05713043478260855       107934.04921487915
0.05717391304347811       112666.2795608864
0.05721739130434768       97383.89923293733
0.05726086956521724       66446.49934352099
0.0573043478260868        107633.96806398046
0.05734782608695637       154844.68239113502
0.05739130434782593       178928.11241479646
0.0574347826086955        70999.19803138712
0.05747826086956506       15619.877159159973
0.057521739130434624      47893.63417598552
0.05756521739130419       216387.51868904984
0.05760869565217376       301525.5332846956
0.05765217391304333       251148.060060925
0.05769565217391289       103849.18117555554
0.05773913043478246       8430.967070617618
0.05778260869565202       94075.21638145618
0.05782608695652158       205087.88215936674
0.05786956521739115       220163.54290342808
0.05791304347826071       137195.5770874093
0.05795652173913028       49591.5947125953
0.05799999999999984       56166.967232144205
0.058043478260869405      87165.91587624644
0.05808695652173897       110275.32270006453
0.05813043478260853       60289.91175608751
0.05817391304347809       37214.74661085454
0.05821739130434765       37770.53600341477
0.05826086956521722       73518.1109969041
0.05830434782608678       73550.04659758767
0.05834782608695635       53967.10092747994
0.05839130434782591       21366.70751635963
0.058434782608695474      8819.588769853613
0.058478260869565035      26443.938743939154
0.0585217391304346        41064.02658310633
0.05856521739130416       34199.40567791161
0.05860869565217372       12285.045823137389
0.05865217391304328       7356.337350761366
0.05869565217391284       10950.244849450068
0.05873913043478241       11533.704981568131
0.058782608695651974      11633.725824830655
0.05882608695652154       16874.346764653586
0.058869565217391104      22179.43310464175
0.058913043478260665      18976.974050171662
0.058956521739130234      15034.121485428706
0.0589999999999998        20524.65885850137
0.05904347826086937       48385.5614046807
0.05908695652173893       81490.23527350629
0.0591304347826085        116386.28154172981
0.05917391304347806       80389.43168074421
0.059217391304347625      33150.85901411601
0.05926086956521719       6318.9013869518185
0.059304347826086755      65777.8497985162
0.05934782608695632       183314.62242563235
0.059391304347825885      248583.74168584606
0.05943478260869545       215396.9570804065
0.059478260869565015      122291.51107471829
0.05952173913043458       52378.98457048161
0.059565217391304146      77703.81698588458
0.059608695652173714      131145.8633020028
0.05965217391304328       180359.510935664
0.059695652173912844      123205.50106593792
0.059739130434782406      74632.08847688824
0.05978260869565197       51143.99893440284
0.05982608695652153       89182.23182569238
0.05986956521739108       121955.36778283483
0.059913043478260625      106275.57172400091
0.05995652173913017       44628.77902126529
0.05999999999999972       2.0778978408077681E-7
