0                         332.8731986321875
3.249999999999989E-4      4820.206822868089
6.499999999999943E-4      12544.192873621536
9.749999999999863E-4      12475.155034243708
0.0012999999999999887     20404.968402064867
0.0016249999999999806     13558.033737455795
0.0019499999999999795     4535.022335105327
0.0022749999999999784     14665.82497494388
0.0025999999999999704     20764.787449575837
0.0029249999999999624     22914.71514487181
0.0032499999999999613     16506.359583350524
0.00357499999999996       5751.352915149907
0.003899999999999952      3084.827112022266
0.004224999999999951      108.52133474305118
0.004549999999999943      1757.2746534436997
0.004874999999999935      2235.279524802387
0.005199999999999934      4265.184418511344
0.005524999999999933      3135.5387664525806
0.005849999999999932      6996.908022815427
0.006174999999999924      5305.044647515546
0.0064999999999999225     782.7356746626119
0.0068249999999999145     3060.473272911
0.007149999999999913      8260.09674198158
0.007474999999999905      6730.293564987663
0.007799999999999897      5584.991070266761
0.00812499999999989       7022.847880290764
0.008449999999999895      4622.866220414754
0.008774999999999894      5153.186493520557
0.009099999999999879      3441.2436942952017
0.009424999999999878      3451.7983811978957
0.009749999999999877      1035.201005072351
0.010074999999999869      635.3721077988216
0.010399999999999868      898.1956637049899
0.010724999999999867      5620.140244156373
0.011049999999999859      17969.257216813006
0.01137499999999985       18700.482564576218
0.011699999999999856      34565.69536595829
0.012024999999999848      84054.51192843656
0.012349999999999847      103826.36198426835
0.012674999999999846      97644.01022412816
0.013000000000000005      263796.7304725032
0.0131                    208597.40875602752
0.01320000000000001       106440.48099628251
0.013300000000000006      150406.85342258614
0.013400000000000016      300045.1638995536
0.013500000000000012      309191.1074965234
0.013600000000000022      168226.3516001954
0.013700000000000025      112827.15538766363
0.013800000000000028      172845.11219732344
0.01390000000000003       224879.8723076889
0.014000000000000033      183687.57860460697
0.01410000000000003       168838.08226417037
0.014200000000000032      234705.24393101758
0.014300000000000035      257193.60866195813
0.014400000000000038      155299.56253337118
0.014500000000000048      88705.24521430519
0.01460000000000005       121660.48554004545
0.014700000000000053      182360.6575055452
0.014800000000000056      150280.62899268913
0.014900000000000059      107678.46839977862
0.015000000000000062      152971.98071765786
0.015100000000000065      259894.18118870555
0.015200000000000068      267845.9936447525
0.01530000000000007       155680.97672402166
0.015400000000000066      109748.12482972055
0.01550000000000007       158917.51309683017
0.015600000000000072      189540.40702782592
0.015700000000000082      147123.3210432435
0.01580000000000007       131159.0423272666
0.01590000000000008       177243.18948006828
0.016000000000000084      232375.1868477329
0.016100000000000086      237422.2318594974
0.01620000000000009       236942.29561686746
0.016300000000000092      280737.62020361633
0.016400000000000095      183434.81339869596
0.01650000000000009       65972.89007515229
0.016600000000000087      47232.48029504055
0.01670000000000009       130518.12144048933
0.016800000000000093      250744.71378011495
0.016900000000000102      237712.5007376879
0.017000000000000008      146636.13282845804
0.017025000000000012      150359.51063990037
0.017050000000000017      152934.8963340026
0.017075000000000014      155560.24510249562
0.01710000000000001       158230.31037042625
0.017125000000000015      160965.36202535557
0.01715000000000002       163737.37275562025
0.017175000000000017      166678.82508814384
0.017200000000000014      169671.10609377583
0.01722500000000001       172768.28031465682
0.01725000000000001       175950.4958531638
0.017275000000000013      179296.34462573577
0.01730000000000001       182736.6462535948
0.01732500000000002       186291.84632295763
0.017350000000000025      189982.18160811474
0.017375000000000022      193785.4756014989
0.017400000000000013      197713.77489728207
0.017425000000000017      201760.393977994
0.01745000000000002       205926.6947560819
0.01747500000000002       210181.33711437462
0.017500000000000022      214621.6572448052
0.017525000000000027      219155.5811115084
0.01755000000000003       223815.6779614439
0.017575000000000028      228560.3756101827
0.01760000000000002       233545.67638833352
0.017625000000000023      238632.61204495968
0.01765000000000002       243864.42574429134
0.017675000000000024      249249.36300792827
0.017700000000000035      254793.36194637124
0.017725000000000032      260496.00737816782
0.017750000000000037      266334.7785405878
0.017775000000000034      272418.07965819264
0.017800000000000038      278617.5281896533
0.01782500000000003       284957.6616959137
0.017850000000000033      291443.90610615804
0.017875000000000037      298082.18931018125
0.01790000000000004       304877.56226389227
0.017925000000000038      311831.4181001323
0.017950000000000042      318937.24654134514
0.01797500000000004       326176.34943067055
0.018000000000000002      331015.5081476587
0.018100000000000012      453964.08152172243
0.018200000000000008      350215.51794284926
0.01830000000000001       308707.18624957633
0.018400000000000014      350948.796737445
0.01850000000000001       440887.54190704646
0.018600000000000012      500274.67427047715
0.018700000000000015      493189.51472656423
0.01880000000000001       455848.1499027902
0.01890000000000002       437279.8049892095
0.01900000000000001       437000.48817442067
0.01910000000000002       444058.22393496404
0.019200000000000016      496977.79902812716
0.01930000000000002       543967.0543459842
0.019400000000000014      519822.47788910975
0.019500000000000024      468488.1819144012
0.019600000000000027      487571.7628522247
0.01970000000000003       554382.6001463889
0.019800000000000026      519869.44364160043
0.01990000000000003       383598.47626288
0.02000000000000003       266933.3965070251
0.020100000000000028      311036.56283243804
0.020200000000000023      430763.02247594704
0.020300000000000033      423405.2468229766
0.02040000000000003       311722.0549181563
0.02050000000000004       216128.7952075881
0.020600000000000035      219908.65505082972
0.020700000000000045      270361.63225220446
0.020800000000000034      260583.28582371696
0.020900000000000044      203587.51229731413
0.021000000000000046      157516.03236386314
0.02110000000000005       165136.1258669791
0.021200000000000045      185924.06786515395
0.021300000000000048      145899.5450722393
0.021400000000000044      90615.85920861327
0.021500000000000047      59616.972805297664
0.02160000000000005       67824.58125787796
0.021700000000000053      125503.34295673223
0.02180000000000005       137688.75396452067
0.02190000000000006       83780.53182046843
0.022000000000000006      44472.60093348277
0.022150000000000003      55172.586933118495
0.0223                    88164.73396806077
0.022449999999999998      44279.399688953396
0.02260000000000001       49314.43757201756
0.022750000000000006      61865.30820910176
0.022900000000000004      78479.66312968599
0.023050000000000008      101695.00121944118
0.023200000000000005      180791.51392841054
0.023349999999999996      114119.121161725
0.023499999999999993      133223.36887663644
0.023649999999999997      133560.33228851994
0.0238                    212151.13373778638
0.02395                   206004.93732321114
0.024099999999999996      458887.4108998915
0.02425                   480866.2199682796
0.02439999999999999       606725.1750553678
0.024549999999999995      769024.0131330161
0.0247                    756129.2360496655
0.024849999999999997      942166.979364537
0.024999999999999988      1238667.9395527174
0.025149999999999992      1469304.2044966493
0.025299999999999996      1761100.8118956129
0.025449999999999987      2344602.66672995
0.025599999999999984      2253899.2062621876
0.02574999999999998       3201911.569352384
0.025899999999999992      3248713.543341329
0.02604999999999999       4392139.001588932
0.026199999999999987      5632526.286929065
0.02634999999999999       6812680.396446641
0.02649999999999999       7615959.372736469
0.02664999999999998       9470675.117300121
0.026799999999999977      1.0548874150926763E7
0.02694999999999998       1.3514027289457517E7
0.027099999999999985      1.5360750001330744E7
0.027249999999999983      1.8380508835227463E7
0.027399999999999987      2.3034270832265034E7
0.027549999999999984      2.8404032550177988E7
0.02769999999999998       3.398299396838939E7
0.02784999999999998       4.079146992753335E7
0.027999999999999997      4.8646534103578895E7
0.028100000000000007      5.416334075951605E7
0.028199999999999996      6.0744964212120846E7
0.028300000000000006      6.689388950571744E7
0.028399999999999995      7.332075616522549E7
0.028500000000000004      7.985804873015645E7
0.028600000000000007      8.544443695409212E7
0.028700000000000003      9.011836504882774E7
0.028800000000000006      9.528215860085322E7
0.028900000000000002      1.0145788813438368E8
0.029000000000000005      1.0740134617583808E8
0.029099999999999994      1.1214515904359193E8
0.029200000000000004      1.1635355319352072E8
0.029300000000000007      1.2063868387418438E8
0.029399999999999996      1.2422877254012766E8
0.029500000000000005      1.2663270568060456E8
0.029599999999999994      1.2899020445011002E8
0.029699999999999997      1.3204585229700267E8
0.029799999999999993      1.3435251984018636E8
0.029899999999999996      1.343469892775458E8
0.030000000000000006      1.3308895601359E8
0.030099999999999995      1.332832728107375E8
0.030199999999999998      1.3434480128828657E8
0.0303                    1.3396911533694302E8
0.030400000000000003      1.3148758849972534E8
0.030500000000000006      1.2834633564824817E8
0.030599999999999995      1.25346219560666E8
0.030699999999999998      1.2172974918250376E8
0.0308                    1.1721696638731425E8
0.030899999999999997      1.1281022482692452E8
0.030999999999999986      1.0898226981659584E8
0.03109999999999999       1.0476762555771503E8
0.03119999999999999       9.936447049278398E7
0.031299999999999994      9.3316659623305E7
0.0314                    8.740170203755617E7
0.0315                    8.152272997143209E7
0.03159999999999999       7.530228917017524E7
0.03169999999999999       6.874739336115183E7
0.031799999999999995      6.186480011356618E7
0.0319                    5.46460934835576E7
0.032                     4.827290308805591E7
0.03215                   4.022574075684923E7
0.0323                    3.490512985911954E7
0.03245                   2.933632363163257E7
0.03260000000000001       2.4082407441817176E7
0.032749999999999994      1.978690337664413E7
0.032900000000000006      1.6472983499831531E7
0.03305                   1.3997804149472097E7
0.0332                    1.1403124531932624E7
0.03335000000000001       9369493.385888614
0.03350000000000001       8042964.247301163
0.033650000000000006      6231888.96643185
0.033800000000000004      5340536.596450436
0.03395                   4479135.038024501
0.0341                    3376835.4417962036
0.03425000000000001       3092412.027688599
0.03440000000000001       2371484.007339374
0.034550000000000004      1862902.2869947879
0.03469999999999999       1556316.2879127888
0.03485                   1173052.0932868253
0.034999999999999996      1034201.7778488207
0.03515000000000001       927609.4739749205
0.03529999999999999       771797.8683463398
0.03545                   657868.0239162003
0.0356                    594182.1853075526
0.03575                   343933.1537940959
0.03590000000000001       345207.2215154802
0.036050000000000006      274088.1247608639
0.0362                    208673.27434179038
0.03635                   246596.78699711012
0.03650000000000001       196050.02169770512
0.03665000000000001       181363.23113539963
0.036800000000000006      208736.66136426208
0.036950000000000004      157255.4397443019
0.0371                    257242.43696457086
0.037250000000000026      228543.48897125665
0.03740000000000001       243809.98681608262
0.03755000000000001       336503.8544219482
0.03769999999999999       348087.40026795294
0.03784999999999999       416630.2317816488
0.038                     487518.3107900502
0.03809999999999999       610381.1952391494
0.03819999999999999       765344.6364785922
0.03830000000000001       837382.7097498247
0.0384                    828947.616037334
0.038499999999999986      832780.3915827309
0.0386                    880794.8052902556
0.038700000000000005      926025.9332693651
0.03879999999999998       935742.392887451
0.03889999999999998       940479.5776874641
0.039                     985635.7380380424
0.0391                    1070116.9965043843
0.03919999999999998       1114625.2749035542
0.039299999999999995      1121061.1580463927
0.0394                    1149653.3232116515
0.0395                    1254019.0479147115
0.03959999999999999       1424291.8067304215
0.03969999999999999       1487925.6235871941
0.039799999999999995      1319604.4400624696
0.0399                    1076964.4769989233
0.03999999999999999       983634.0882109242
0.04009999999999999       1072794.6764685917
0.04019999999999999       1186886.9569754303
0.04030000000000001       1132604.5692640322
0.040399999999999985      994464.668728743
0.04049999999999999       957441.4660142836
0.04059999999999999       1022599.1517323005
0.04069999999999999       1033543.6219120421
0.04079999999999997       931632.8027240782
0.04089999999999997       827793.5176664189
0.04099999999999999       768040.820330466
0.04109999999999998       666155.4332886558
0.041199999999999966      489033.23031478125
0.04129999999999997       365295.8431669227
0.041399999999999985      395523.3661395242
0.04149999999999999       583368.7365144975
0.04159999999999996       747236.1171945919
0.04169999999999998       710890.1668908308
0.04179999999999998       524199.8317953367
0.041899999999999986      363208.8594082967
0.04199999999999999       307238.96888761915
0.04245000000000001       222617.52151994262
0.042900000000000015      75675.27645502755
0.04335000000000001       73913.8877512447
0.04380000000000001       21739.455223090696
0.04425000000000002       7526.087573911774
0.044700000000000024      18693.057989075198
0.045150000000000017      16072.326967419523
0.04560000000000002       15531.225638650341
0.04605000000000003       7576.246717545013
0.04650000000000002       20771.273369055445
0.04695000000000004       15768.698477842168
0.04740000000000003       9581.155097021137
0.04785000000000004       17175.303223860228
0.048300000000000044      7436.049542154793
0.04875000000000005       8872.606698184503
0.04920000000000004       313.53725207087285
0.04965000000000005       2108.186422144454
0.05010000000000007       1145.2405066762299
0.05055000000000006       213.41013019123235
0.051000000000000066      16752.315005211185
0.05145000000000007       3905.976048228004
0.05190000000000008       1948.0753912840419
0.052350000000000056      14013.70918242437
0.05280000000000006       8563.45238020326
0.05325000000000008       2704.1039552690295
0.05370000000000009       3038.93975946237
0.054150000000000094      9531.919140241898
0.0546000000000001        16527.300106535564
0.055050000000000106      4100.856245714146
0.05550000000000011       1397.1696803290174
0.055950000000000104      998.4699696145075
0.05640000000000011       997.3531926588205
0.05685000000000013       7616.124556089514
0.057300000000000136      29559.29740444022
0.057750000000000114      2944.5076132596537
0.05820000000000015       5989.023510794289
0.05865000000000014       9723.455584514279
0.059100000000000145      1041.0031872546654
0.05955000000000014       2754.778335155712
0.05999999999999999       796.9978552913128
