0                         0.25753020396886217
4.500000000000094E-4      7.226469810598894
9.00000000000005E-4       30.42330047739663
0.001350000000000011      45.735794480380484
0.0018000000000000169     90.96197500609988
0.002250000000000016      105.16453426645202
0.002700000000000008      123.35934052909029
0.003150000000000021      121.84007645502555
0.003600000000000013      110.19833073572366
0.004050000000000033      105.95566450881802
0.004500000000000025      72.0390525305629
0.004950000000000017      56.75704270263159
0.005400000000000037      53.83156419692275
0.005850000000000022      40.01901709949973
0.006300000000000035      44.208806119151376
0.006750000000000034      56.16407211820918
0.007200000000000033      56.98357248382027
0.007650000000000039      99.21468247925696
0.008100000000000024      141.06505314439974
0.00855000000000005       199.7961568314445
0.009000000000000036      298.72732247278066
0.009450000000000042      504.35565248115074
0.00990000000000004       786.8358982612623
0.010350000000000047      1361.200224658313
0.010800000000000046      2327.7448514719567
0.011250000000000045      4045.1851134775475
0.01170000000000005       7289.368022122609
0.012150000000000057      12475.981346572016
0.012600000000000042      21855.41985397244
0.013050000000000048      38237.35565921612
0.01350000000000006       66351.17979629613
0.013950000000000046      115467.88447516474
0.014400000000000045      199511.04579666603
0.01485000000000005       345654.14664094
0.015300000000000057      595817.4554607297
0.01575000000000005       1031807.4641615013
0.016200000000000055      1788404.6693989849
0.016650000000000054      3105389.8587829457
0.017100000000000046      5392331.832386066
0.01755000000000006       9367614.559436355
0.018000000000000002      1.6432938550594376E7
0.018100000000000026      1.8474341843210813E7
0.01820000000000003       2.055425640677334E7
0.01830000000000003       2.265550105833431E7
0.018400000000000027      2.4757711852742188E7
0.018500000000000023      2.6840754765178423E7
0.018600000000000026      2.88869149329615E7
0.018700000000000022      3.0879233588106547E7
0.018800000000000018      3.279961623675618E7
0.018900000000000028      3.463172416717451E7
0.019000000000000017      3.6361388432795756E7
0.019100000000000027      3.797686843138952E7
0.01920000000000001       3.946461382724844E7
0.019300000000000025      4.0808511959849596E7
0.019400000000000014      4.199389234731892E7
0.019500000000000024      4.3010972289107576E7
0.01960000000000002       4.385360211274897E7
0.019700000000000023      4.451609027175531E7
0.01980000000000002       4.499261822631533E7
0.019900000000000022      4.527874180598539E7
0.020000000000000018      4.5371786684860714E7
0.02010000000000002       4.52702241105981E7
0.02020000000000001       4.497432350876971E7
0.02030000000000002       4.448740421999249E7
0.020400000000000015      4.381498931964393E7
0.020500000000000025      4.296260254721591E7
0.020600000000000014      4.193583462944208E7
0.020700000000000017      4.0742855943746485E7
0.02080000000000002       3.939528477014931E7
0.020900000000000023      3.790583738796047E7
0.02100000000000002       3.628649330246628E7
0.02110000000000002       3.454995450725766E7
0.021200000000000017      3.2711609166402217E7
0.021300000000000013      3.078854421118942E7
0.02140000000000001       2.8797275936176702E7
0.021500000000000026      2.6753823329627093E7
0.021600000000000015      2.4675492303135507E7
0.02170000000000001       2.2580963108948007E7
0.021800000000000014      2.048850486764866E7
0.02190000000000001       1.8415273847995475E7
0.022000000000000006      1.637842319436303E7
0.022150000000000003      1.3670134317495717E7
0.0223                    1.1370991998784896E7
0.022449999999999998      9464385.133422693
0.02260000000000001       7882186.521795814
0.022750000000000006      6569200.413341634
0.022900000000000004      5481874.359298998
0.02305                   4580992.92663339
0.023200000000000005      3836560.249838392
0.023349999999999996      3223152.7243263307
0.023499999999999993      2720378.583579635
0.023649999999999997      2310768.5746653606
0.0238                    1980380.0451492406
0.02395                   1717526.96897463
0.024100000000000003      1512788.3420866446
0.02425                   1360192.379133453
0.02439999999999999       1253469.4258119226
0.024549999999999995      1190854.2998299699
0.0247                    1168559.2227929875
0.024849999999999997      1187038.2075456143
0.024999999999999988      1245552.8512957704
0.025149999999999992      1346411.229812405
0.025299999999999996      1493045.1889066526
0.025449999999999987      1689996.6983400453
0.025599999999999984      1944840.3206292766
0.025749999999999988      2265144.7479259577
0.025899999999999992      2663293.080786095
0.02604999999999999       3150835.2143925102
0.026199999999999994      3746677.449886785
0.02634999999999999       4470617.305206373
0.02649999999999999       5347568.378321505
0.02664999999999998       6407361.96187051
0.026799999999999984      7688601.524812098
0.02694999999999998       9227943.265346589
0.027099999999999985      1.1089499288393484E7
0.02724999999999999       1.3323900780259512E7
0.027399999999999987      1.6021055473624365E7
0.027549999999999984      1.9264175958947394E7
0.02769999999999998       2.3170212947128043E7
0.027849999999999986      2.7866023339924425E7
0.027999999999999997      3.3517471635503136E7
0.028100000000000007      3.75536782565324E7
0.028199999999999996      4.1785911789639845E7
0.028300000000000006      4.6056866590565495E7
0.0284                    5.033181382652171E7
0.028500000000000004      5.457441851188983E7
0.028600000000000007      5.874552920113235E7
0.028700000000000003      6.280611148785624E7
0.028800000000000006      6.672156727149469E7
0.028900000000000002      7.046195281907263E7
0.029000000000000005      7.399776346676087E7
0.029100000000000008      7.729673987534854E7
0.029200000000000004      8.032580921251231E7
0.029300000000000007      8.305633096588168E7
0.029399999999999996      8.546758782688323E7
0.029500000000000005      8.754526378095548E7
0.029599999999999994      8.927601015322779E7
0.029699999999999997      9.064312806453504E7
0.029799999999999993      9.162840724509622E7
0.029899999999999996      9.221914354148784E7
0.030000000000000006      9.241235646110952E7
0.030099999999999995      9.221200709447636E7
0.030199999999999998      9.161904458555567E7
0.0303                    9.063307281457996E7
0.030400000000000003      8.92601092092687E7
0.030500000000000006      8.751740853267713E7
0.030599999999999995      8.542775410463174E7
0.030700000000000012      8.300994283669414E7
0.0308                    8.027738480527191E7
0.030899999999999997      7.724621495585069E7
0.030999999999999986      7.394262615914099E7
0.031100000000000003      7.040105090992644E7
0.031200000000000006      6.665631841185795E7
0.031299999999999994      6.273900917705035E7
0.0314                    5.8678058923897415E7
0.0315                    5.450622725850244E7
0.0316                    5.026186546803028E7
0.031700000000000006      4.598536840339732E7
0.031799999999999995      4.171446217499509E7
0.03190000000000001       3.74831653534501E7
0.032                     3.2619860627387814E7
0.0327                    1.3746323389377557E7
0.033400000000000006      5793597.748758593
0.0341                    2417993.5838613897
0.03479999999999999       1021930.6795819583
0.03550000000000001       430149.7831740481
0.0362                    182419.74251713336
0.03690000000000001       77195.12833269061
0.0376                    33339.92372333644
0.03830000000000001       14315.028780104321
0.039                     6355.767375197884
0.03969999999999999       2830.0272617828423
0.0404                    1262.393949297483
0.04109999999999999       530.9194368259197
0.0418                    203.2690781949891
0.04249999999999999       79.69846491803841
0.043199999999999995      31.35625980279503
0.043899999999999974      15.673289081939824
0.044599999999999994      12.581317392563415
0.0453                    14.983762344327353
0.04599999999999999       15.719125956424298
0.046699999999999985      19.74976312661323
0.047400000000000005      36.38839484283668
0.0481                    36.68522376228757
0.04879999999999999       49.26195425999254
0.049499999999999995      58.18797459329935
0.05019999999999999       110.37213136348433
0.05090000000000001       129.1877750170175
0.0516                    155.66166045401692
0.052300000000000006      174.32671210470824
0.052999999999999985      163.1667310085095
0.053700000000000005      135.50321270736242
0.05440000000000001       120.43655622363516
0.0551                    97.75707040273402
0.05580000000000001       105.0566335667811
0.05649999999999999       103.36090680170341
0.05720000000000001       99.55259545699147
0.057900000000000014      75.39861180056704
0.058600000000000006      37.0295276462246
0.05930000000000001       12.591224965269308
0.05999999999999999       0.11022879288850862
