0                         0.04501064685266136
4.5000000000001636E-4     0.975636995614913
9.000000000000119E-4      3.6185294362713574
0.001350000000000011      9.19919599575112
0.0018000000000000169     14.121947212710548
0.002250000000000016      19.97660888689912
0.002700000000000015      29.315600846720415
0.0031500000000000278     34.550652389756706
0.003600000000000027      43.416127118344086
0.004050000000000033      48.433257964434915
0.004500000000000025      52.35545166753826
0.004950000000000038      58.33606885907628
0.005400000000000051      54.36600104932958
0.005850000000000043      48.107285978576854
0.006300000000000049      37.0872044069142
0.006750000000000048      25.695604358880974
0.0072000000000000605     10.256495384070819
0.0076500000000000665     5.076573732720222
0.008100000000000045      18.64469679096058
0.008550000000000064      90.86527141752248
0.00900000000000007       257.47522150226683
0.009450000000000076      609.3906194285363
0.009900000000000062      1310.2009213341155
0.010350000000000074      2591.399909544015
0.010800000000000073      5004.924053892234
0.011250000000000066      9308.789429562039
0.011700000000000085      16918.741398349826
0.01215000000000007       30479.258412731215
0.01260000000000009       53987.234279975935
0.01305000000000009       95665.75881919003
0.013500000000000088      168338.2081387961
0.013950000000000087      294307.86734355654
0.014400000000000093      515690.9367503198
0.014850000000000092      899908.0241302364
0.015300000000000091      1563605.6380679836
0.015750000000000104      2726219.229085332
0.01620000000000011       4746338.837194327
0.016650000000000095      8264999.96812088
0.0171000000000001        1.438771858454771E7
0.017550000000000107      2.5040545280825555E7
0.018000000000000002      4.3999950230064765E7
0.018100000000000026      4.948458195842354E7
0.01820000000000003       5.5067608602768846E7
0.018300000000000025      6.069968420948534E7
0.018400000000000027      6.6332907165304735E7
0.018500000000000023      7.192053436048032E7
0.01860000000000002       7.741564893005104E7
0.018700000000000015      8.277073877866998E7
0.018800000000000018      8.793732826561955E7
0.01890000000000002       9.287077436700878E7
0.019000000000000017      9.752729104769687E7
0.019100000000000027      1.018693505924089E8
0.019200000000000016      1.0586284236583665E8
0.019300000000000025      1.0947282497941087E8
0.019400000000000014      1.1266371126982157E8
0.019500000000000024      1.1540588778832951E8
0.019600000000000027      1.1768035175688352E8
0.019700000000000023      1.1947357781025244E8
0.019800000000000026      1.2076870557311663E8
0.019900000000000022      1.215462132954946E8
0.020000000000000025      1.2179480412243257E8
0.02010000000000002       1.2151810027013372E8
0.020200000000000017      1.2072770025935966E8
0.020300000000000026      1.194318212085364E8
0.020400000000000015      1.1763435628933166E8
0.020500000000000025      1.1534440784563148E8
0.02060000000000002       1.12583050436195E8
0.020700000000000024      1.093797418976324E8
0.02080000000000002       1.057647795278948E8
0.020900000000000023      1.0176700551569024E8
0.021000000000000026      9.741721371446882E7
0.02110000000000003       9.275160194811842E7
0.02120000000000003       8.781198754104659E7
0.021300000000000027      8.264360311645858E7
0.021400000000000023      7.729223250808722E7
0.021500000000000033      7.18024234221893E7
0.021600000000000022      6.621843270915699E7
0.021700000000000032      6.05870749577174E7
0.021800000000000028      5.495859510196554E7
0.02190000000000003       4.9383534415443294E7
0.022000000000000006      4.390912940437456E7
0.022150000000000003      3.662655852561765E7
0.0223                    3.044692415747685E7
0.02245000000000001       2.530800453497759E7
0.02260000000000001       2.1041584588392075E7
0.022750000000000006      1.749072118714459E7
0.022900000000000004      1.4541656289801147E7
0.023050000000000008      1.2089518613111522E7
0.023200000000000005      1.0054691856305113E7
0.023349999999999996      8365090.440048437
0.0235                    6961400.633073673
0.023649999999999997      5795960.175707189
0.0238                    4827922.865387287
0.02395                   4023850.89827036
0.024099999999999996      3358972.791829888
0.02425                   2808054.5461972603
0.02439999999999999       2355688.2593253795
0.024549999999999995      1983864.8575290735
0.0247                    1680603.5420016956
0.024849999999999997      1434293.4812751545
0.024999999999999988      1237660.601921828
0.025149999999999992      1082069.2954301927
0.025299999999999996      964490.5955696836
0.025449999999999987      879158.0341546906
0.025599999999999984      823870.971002788
0.025749999999999988      797498.1258911735
0.025899999999999992      796225.7133952153
0.02604999999999999       824786.9529868872
0.026199999999999987      879846.2281323749
0.02634999999999999       966601.0327992173
0.02649999999999999       1086731.7682378113
0.02664999999999998       1244667.1416028326
0.026799999999999977      1444215.3128226395
0.02694999999999998       1694756.5060284815
0.027099999999999985      2002104.2562277704
0.02724999999999999       2377013.0175728733
0.027399999999999987      2836757.110158095
0.027549999999999984      3390338.7356111514
0.02769999999999998       4061103.167338273
0.02784999999999998       4869657.619673811
0.027999999999999997      5847547.577299553
0.028100000000000007      6542556.208830725
0.028199999999999996      7274491.377823249
0.028300000000000006      8014152.872155738
0.0284                    8754439.241182672
0.028500000000000004      9487574.518289044
0.028600000000000007      1.0206928363762835E7
0.028700000000000003      1.090762832235178E7
0.028800000000000006      1.1584974363206582E7
0.028900000000000002      1.2232650095804593E7
0.029000000000000005      1.2843207706923127E7
0.029100000000000008      1.3410432488575594E7
0.029200000000000004      1.3930733945056858E7
0.029300000000000007      1.4401904219317734E7
0.029399999999999996      1.4820807088285074E7
0.029500000000000005      1.5182710042508077E7
0.029599999999999994      1.5482846041015377E7
0.029699999999999997      1.5718221106849328E7
0.029799999999999993      1.5887677264237214E7
0.029899999999999996      1.5990470271453358E7
0.030000000000000006      1.6025338655289004E7
0.030099999999999995      1.5990854957187979E7
0.030199999999999998      1.5887196180178875E7
0.0303                    1.5715837548110126E7
0.030400000000000003      1.5478535081066452E7
0.030500000000000006      1.517683306619543E7
0.030599999999999995      1.4813007406043313E7
0.030700000000000012      1.439106938816169E7
0.0308                    1.3916119258746417E7
0.030899999999999997      1.3392603745043894E7
0.030999999999999986      1.2823749452467043E7
0.031100000000000003      1.2212973980331559E7
0.03119999999999999       1.1565386139575312E7
0.031299999999999994      1.0887435114038229E7
0.0314                    1.018535763329309E7
0.0315                    9464557.740223354
0.0316                    8730483.680304438
0.03169999999999999       7989497.132570657
0.031799999999999995      7248587.949564524
0.0319                    6514543.521941566
0.032                     5671291.242094753
0.032700000000000014      2398100.721682744
0.033400000000000006      1014088.5282007322
0.0341                    427893.1019476566
0.03479999999999999       183233.4405234205
0.03550000000000001       78088.0775214795
0.0362                    33234.57816900197
0.03690000000000001       13796.832700999616
0.0376                    5517.353868882103
0.03830000000000001       1908.1857810638219
0.039                     562.6109373275095
0.039700000000000006      81.71550638605152
0.0404                    0.5898752308514513
0.041100000000000005      41.59418033732249
0.04180000000000001       100.07890917529195
0.0425                    158.70362591568613
0.043199999999999995      181.62339163429286
0.0439                    187.03666012454343
0.04460000000000001       167.77740453271355
0.0453                    127.04186576331679
0.04599999999999999       103.16635602817011
0.0467                    77.1596145289453
0.047400000000000005      69.91569056711252
0.04810000000000001       78.54801711614587
0.04880000000000002       92.76708796792268
0.04950000000000001       105.75957558602295
0.050200000000000015      110.60833180200908
0.05090000000000002       100.68658475551783
0.05160000000000003       81.04578638939242
0.05230000000000002       58.34520644427431
0.053                     35.61574697832465
0.05370000000000003       16.678701528394154
0.054400000000000025      9.13449139230633
0.05510000000000002       2.5363106968316678
0.05580000000000001       1.1722647242527442
0.05650000000000003       1.139682371788756
0.057200000000000036      1.0777888653300551
0.05790000000000004       1.159783189267905
0.05860000000000002       0.9490091538989671
0.059300000000000026      0.3175956528589674
0.05999999999999999       0.028847860795136376
