0                         0.11557654971228061
4.5000000000001636E-4     3.1277948608351966
9.000000000000188E-4      12.981263585044783
0.0013500000000000179     26.200217307973077
0.0018000000000000169     44.376145419537536
0.002250000000000023      61.059003175234146
0.002700000000000015      80.70334799343891
0.0031500000000000347     93.98219434316874
0.003600000000000027      107.02590080853804
0.004050000000000047      115.06713454829732
0.004500000000000039      113.99982680893412
0.004950000000000052      124.627259999415
0.005400000000000051      125.85166349481709
0.0058500000000000565     133.46242581741765
0.0063000000000000625     149.6916397563734
0.0067500000000000684     165.48080041430606
0.007200000000000074      213.89703102040576
0.007650000000000073      268.9124247021263
0.008100000000000086      389.167944857021
0.008550000000000092      577.3970353416561
0.009000000000000084      910.0158550394468
0.00945000000000009       1462.8539161934254
0.009900000000000082      2404.141228311525
0.010350000000000102      4101.917163828705
0.010800000000000101      6884.1720699703565
0.0112500000000001        11861.544071964307
0.011700000000000113      20462.412597421415
0.012150000000000105      35158.29742048421
0.012600000000000118      61104.26900171919
0.013050000000000117      105653.40127273701
0.013500000000000123      183280.67080121223
0.013950000000000115      318763.25362646556
0.014400000000000135      552989.7051399647
0.014850000000000134      961533.668909118
0.01530000000000014       1666224.6272100098
0.015750000000000146      2895870.319354504
0.016200000000000138      5036808.187907816
0.016650000000000144      8756641.995530609
0.017100000000000143      1.5227691922016168E7
0.01755000000000015       2.6486911729947098E7
0.018000000000000002      4.651067330691577E7
0.01810000000000002       5.230325120220475E7
0.01820000000000002       5.819972530010338E7
0.018300000000000025      6.414719916404455E7
0.01840000000000002       7.009364600510328E7
0.018500000000000023      7.59899549632306E7
0.018600000000000026      8.178833574690104E7
0.018700000000000015      8.743912592912331E7
0.018800000000000018      9.288993467465825E7
0.01890000000000002       9.809323122304888E7
0.019000000000000017      1.030038786313345E8
0.01910000000000002       1.0758262244881392E8
0.019200000000000016      1.117916520559102E8
0.01930000000000002       1.1559340823494472E8
0.019400000000000014      1.189531051302203E8
0.019500000000000024      1.2184165296884452E8
0.019600000000000027      1.242359016975649E8
0.01970000000000003       1.2611679452153486E8
0.019800000000000026      1.2746790352334894E8
0.01990000000000003       1.2827586015045992E8
0.020000000000000025      1.2853248138648912E8
0.02010000000000002       1.282367531451184E8
0.020200000000000017      1.2739409179391885E8
0.020300000000000033      1.2601275735085824E8
0.020400000000000022      1.2410169838340676E8
0.020500000000000032      1.2167378325463484E8
0.02060000000000002       1.1875110627147625E8
0.02070000000000003       1.1536438114260887E8
0.020800000000000027      1.115453840152982E8
0.02090000000000003       1.0732205949397327E8
0.021000000000000033      1.0272383210043211E8
0.021100000000000035      9.77904930919147E7
0.02120000000000003       9.257186068932976E7
0.021300000000000034      8.71176720823461E7
0.021400000000000037      8.147101728988983E7
0.021500000000000033      7.567367954928549E7
0.02160000000000003       6.977492545513618E7
0.02170000000000004       6.3830974198061556E7
0.021800000000000035      5.7896190702686176E7
0.021900000000000037      5.2018268472162336E7
0.022000000000000006      4.624280577553044E7
0.022150000000000003      3.856120861388263E7
0.0223                    3.203909613087039E7
0.022449999999999998      2.6624590939085703E7
0.02260000000000001       2.2127484834957525E7
0.022750000000000006      1.8385542316088684E7
0.022900000000000004      1.5277629897627458E7
0.02305                   1.2693888193762241E7
0.023200000000000005      1.0545065478150899E7
0.023349999999999996      8763757.815673236
0.023499999999999993      7283013.784176778
0.023649999999999997      6053665.294223873
0.0238                    5035301.710966051
0.023950000000000006      4186400.7936648885
0.024100000000000003      3486197.9502613205
0.02425                   2901758.7718536044
0.02439999999999999       2421660.2941316925
0.024549999999999995      2024397.5076057957
0.0247                    1698572.57029346
0.024849999999999997      1431641.5414824148
0.024999999999999988      1215333.7824244825
0.025149999999999992      1039786.0286971241
0.025299999999999996      901211.5427107636
0.025449999999999987      792709.1558274677
0.025599999999999984      712980.7068578803
0.02574999999999998       657164.1108306199
0.025899999999999992      625279.0440105001
0.02604999999999999       615035.9984525816
0.026199999999999987      626645.1301340008
0.02634999999999999       659586.3350221715
0.02649999999999999       715701.2231242317
0.02664999999999998       795210.0474649462
0.026799999999999977      901375.9910179016
0.02694999999999998       1038197.1420856073
0.027099999999999985      1210279.6038843938
0.02724999999999999       1422607.9609788514
0.027399999999999987      1685214.9253812209
0.027549999999999984      2004714.6821303612
0.02769999999999998       2393865.369102806
0.027849999999999986      2863185.6023890255
0.027999999999999997      3430050.459305014
0.028100000000000007      3839526.126227719
0.028199999999999996      4266230.215705697
0.028300000000000006      4695999.525416556
0.0284                    5125611.058863161
0.028500000000000004      5552598.206459591
0.028600000000000007      5973873.703107291
0.028700000000000003      6384826.609197982
0.028800000000000006      6780398.260916621
0.028900000000000002      7157068.129973559
0.029000000000000005      7512966.0177919855
0.029100000000000008      7845571.804476101
0.029200000000000004      8150238.558486396
0.029300000000000007      8422344.911092587
0.029399999999999996      8660739.457523875
0.029500000000000005      8867345.74276912
0.029599999999999994      9042417.071424127
0.029699999999999997      9181405.335991979
0.029799999999999993      9278237.576700578
0.029899999999999996      9331435.82657681
0.030000000000000006      9345042.63939293
0.030099999999999995      9323601.339557374
0.030199999999999998      9264979.878168903
0.0303                    9164456.672344944
0.030400000000000003      9020861.46142986
0.030500000000000006      8838817.090280246
0.030599999999999995      8624388.052678337
0.030699999999999998      8379956.791989504
0.0308                    8104253.411271043
0.030899999999999997      7796592.524532536
0.030999999999999986      7459848.086918029
0.031100000000000003      7099242.796478036
0.03119999999999999       6719231.328484287
0.031299999999999994      6322242.942639461
0.0314                    5910157.213178829
0.0315                    5486303.986464514
0.03159999999999999       5055672.994508231
0.03169999999999999       4623294.438584642
0.031799999999999995      4192721.0500414944
0.0319                    3766250.4861567817
0.032                     3274830.6848632297
0.032700000000000014      1374751.2532151728
0.033400000000000006      578260.3156195204
0.03410000000000001       238484.49761779382
0.03479999999999999       98672.34947270094
0.03550000000000001       40755.882030109395
0.0362                    16429.064811950826
0.03690000000000001       6616.776975536831
0.0376                    2621.710490729267
0.03830000000000001       1005.4444981426952
0.039000000000000014      405.50292616219474
0.039700000000000006      179.8142534848871
0.0404                    116.46967723167782
0.041100000000000005      97.72624565713946
0.04180000000000001       99.77445502352984
0.0425                    99.4532633912668
0.04320000000000001       95.3942100602262
0.0439                    79.06709092650631
0.04460000000000001       62.85359822111089
0.0453                    41.87475450668134
0.046000000000000006      26.12595516230586
0.0467                    17.871216287194347
0.04740000000000002       16.384744573516763
0.04810000000000001       19.65642708332389
0.04880000000000002       19.922996600200147
0.04950000000000001       23.2510863485499
0.05020000000000003       13.960960457607728
0.05090000000000002       10.452389438725197
0.05160000000000003       3.32827655848896
0.052300000000000034      3.5118861714587
0.05300000000000001       7.558011665343967
0.05370000000000003       15.15515759993819
0.054400000000000025      26.873287977353396
0.055100000000000045      31.16203665067505
0.05580000000000002       34.68389226394144
0.05650000000000006       28.93504957816988
0.057200000000000036      24.586850953126635
0.05790000000000004       14.446645115233338
0.058600000000000034      6.505805844108974
0.059300000000000054      2.1782826004499207
0.05999999999999999       0.043252633853438055
