0                         0.04162157065144955
4.5000000000001636E-4     1.111755773484577
9.000000000000188E-4      3.927133081559994
0.0013500000000000248     7.607316473587324
0.0018000000000000307     12.113857033536984
0.002250000000000023      15.618035421936213
0.0027000000000000357     18.412644397849643
0.0031500000000000347     20.449735298116178
0.0036000000000000476     20.288742308184464
0.004050000000000047      18.18179867091928
0.004500000000000053      15.223093174636972
0.004950000000000072      12.169934051732403
0.0054000000000000645     9.078330516475456
0.00585000000000007       6.669105916435551
0.006300000000000076      5.276061266380825
0.006750000000000075      4.763393650412423
0.007200000000000088      5.430428732847749
0.007650000000000087      9.135358557921375
0.0081000000000001        19.85423990478248
0.008550000000000106      45.21751346173973
0.009000000000000105      104.82115963905434
0.009450000000000111      228.5350241492854
0.009900000000000124      487.2584859463521
0.010350000000000109      987.9190220478362
0.010800000000000115      1942.2869053243564
0.011250000000000128      3734.470179407612
0.011700000000000127      6968.416783996219
0.012150000000000154      12843.123411386196
0.012600000000000146      23303.264788042437
0.013050000000000145      41820.53612352047
0.013500000000000158      74573.34522475603
0.013950000000000164      131895.74717491557
0.014400000000000163      232663.94697442645
0.014850000000000162      408671.01614132785
0.015300000000000175      714164.8769393814
0.01575000000000018       1249838.0445246606
0.016200000000000193      2183304.8417505897
0.016650000000000192      3812659.2532220315
0.01710000000000019       6650146.974711179
0.017550000000000204      1.1594909538947277E7
0.018000000000000002      2.0407076605912417E7
0.01810000000000002       2.295665598309892E7
0.018200000000000015      2.5551650931068856E7
0.018300000000000018      2.8171487618487652E7
0.018400000000000014      3.07954352403044E7
0.018500000000000016      3.3400344715642363E7
0.018600000000000012      3.596129398877387E7
0.018700000000000015      3.8454880715357E7
0.01880000000000001       4.086102533045932E7
0.01890000000000002       4.316198112738655E7
0.019000000000000017      4.533864508309287E7
0.01910000000000002       4.737046190662947E7
0.019200000000000016      4.923779445156556E7
0.01930000000000002       5.092451834994621E7
0.019400000000000014      5.241792573133697E7
0.019500000000000024      5.3706764417580254E7
0.019600000000000027      5.477996269783571E7
0.019700000000000023      5.5627031211482815E7
0.019800000000000026      5.6239260239862606E7
0.01990000000000003       5.661077071647483E7
0.02000000000000003       5.673905284222702E7
0.02010000000000002       5.6624570445847265E7
0.020200000000000023      5.6269304372595906E7
0.020300000000000033      5.567546647191386E7
0.020400000000000022      5.484615430566478E7
0.020500000000000032      5.378768633048139E7
0.020600000000000028      5.251081943120387E7
0.02070000000000003       5.102882417889207E7
0.020800000000000027      4.935432374485696E7
0.020900000000000037      4.749890803799169E7
0.021000000000000033      4.547638983108093E7
0.021100000000000042      4.330564375754587E7
0.021200000000000045      4.100888190494594E7
0.02130000000000004       3.8606884126665086E7
0.021400000000000044      3.611708837200849E7
0.02150000000000004       3.3557259369147025E7
0.021600000000000036      3.0950135366604645E7
0.021700000000000046      2.832266613685362E7
0.02180000000000004       2.5700257606951114E7
0.02190000000000005       2.310314539030529E7
0.022000000000000006      2.0549357287311647E7
0.022150000000000003      1.7151992732802603E7
0.0223                    1.4266488553612027E7
0.022449999999999998      1.186993725848229E7
0.02260000000000001       9881437.99570971
0.022750000000000006      8226427.798693364
0.022900000000000004      6858593.4314523535
0.023050000000000008      5721100.315489113
0.023200000000000005      4782984.669417351
0.023349999999999996      4005485.3722098465
0.023499999999999993      3364356.87628118
0.02364999999999999       2839002.4767188146
0.0238                    2409798.7099885643
0.02395                   2064372.6866855402
0.024100000000000003      1789796.471649692
0.02425                   1576670.1524307814
0.02439999999999999       1417359.749060575
0.024549999999999995      1305952.5469206788
0.0247                    1239450.6948323254
0.02484999999999999       1215419.0523966206
0.024999999999999988      1233641.772626755
0.025149999999999992      1294361.1180161803
0.025299999999999996      1400166.8044343514
0.025449999999999987      1553705.5525044678
0.025599999999999984      1760112.0534572012
0.02574999999999998       2027366.638201441
0.025899999999999992      2363443.891334676
0.02604999999999999       2782477.9736952223
0.026199999999999987      3296019.8674777346
0.02634999999999999       3926196.5709547936
0.02649999999999999       4689175.491391622
0.02664999999999998       5613351.873854222
0.026799999999999984      6729970.196518964
0.02694999999999998       8074561.035904861
0.027099999999999985      9696754.750274673
0.027249999999999983      1.1652610755185911E7
0.027399999999999987      1.4011080698667478E7
0.027549999999999984      1.6850133154063944E7
0.02769999999999998       2.0273791473346565E7
0.02784999999999998       2.439185346718851E7
0.027999999999999997      2.9350382489524316E7
0.028100000000000007      3.290245355219358E7
0.028199999999999996      3.661940641127929E7
0.028300000000000006      4.036934570559019E7
0.0284                    4.412435012394051E7
0.028500000000000004      4.7855620634130195E7
0.028600000000000007      5.152762630944339E7
0.028700000000000003      5.510000268912798E7
0.028800000000000006      5.853783010616386E7
0.028900000000000002      6.1818603708651386E7
0.029000000000000005      6.492574072947264E7
0.029100000000000008      6.783508125438237E7
0.029200000000000004      7.05114878253496E7
0.029300000000000007      7.292131911697899E7
0.029399999999999996      7.504608428992349E7
0.029500000000000005      7.687993158107074E7
0.029599999999999994      7.841381672892244E7
0.029699999999999997      7.962670710382238E7
0.029799999999999993      8.049568490740773E7
0.029899999999999996      8.101242887768352E7
0.030000000000000006      8.118462449211705E7
0.030099999999999995      8.102155333715728E7
0.030199999999999998      8.051696556181107E7
0.0303                    7.966142875571649E7
0.030400000000000003      7.845928758787507E7
0.030500000000000006      7.693230802793473E7
0.030599999999999995      7.51043773634865E7
0.030699999999999998      7.298738227764836E7
0.0308                    7.058649735941721E7
0.030899999999999997      6.791721916302016E7
0.030999999999999986      6.5011490743439294E7
0.031100000000000003      6.190554364831421E7
0.03119999999999999       5.862584831334665E7
0.031299999999999994      5.519024152752833E7
0.0314                    5.1620490740012E7
0.0315                    4.794947542259585E7
0.03159999999999999       4.421586873630583E7
0.03169999999999999       4.045525993647352E7
0.031799999999999995      3.669808872944542E7
0.0319                    3.2973834792379174E7
0.032                     2.8689825627444252E7
0.032700000000000014      1.2096597216445882E7
0.033400000000000006      5108314.216060277
0.03410000000000001       2126919.579999818
0.03479999999999999       894314.47139205
0.03550000000000001       373849.51970313536
0.0362                    155705.163557917
0.03690000000000001       63809.05963401307
0.037600000000000015      26143.09435433323
0.03830000000000001       10350.022982261522
0.039000000000000014      3893.142447185704
0.039700000000000006      1406.7112065668653
0.04040000000000001       443.22510246525604
0.041100000000000005      122.13968348001599
0.04180000000000001       27.971850592652167
0.0425                    21.96218216397898
0.04320000000000001       32.65466876028956
0.043900000000000015      51.83854337741348
0.04460000000000001       57.82284973856339
0.045300000000000014      63.76867506087122
0.04600000000000002       64.98439251769372
0.0467                    56.04697527849453
0.04740000000000002       48.3745922185742
0.048100000000000025      35.14524725153755
0.04880000000000003       25.609647565514774
0.04950000000000001       15.819856596811231
0.05020000000000003       14.62859285888497
0.050900000000000035      16.25020514449948
0.05160000000000003       24.636687427267454
0.052300000000000034      34.486522626595516
0.05300000000000004       44.80858717397207
0.053700000000000046      53.43869080450205
0.05440000000000005       60.914976298484724
0.055100000000000045      60.35765436420208
0.05580000000000004       60.50108411050557
0.05650000000000006       50.72028670485119
0.05720000000000006       42.149154127527964
0.05790000000000007       26.251330374571456
0.05860000000000006       13.955336074426874
0.05930000000000007       3.8056620910247587
0.05999999999999999       0.0998251437338188
