0                         2.0180893195392262E-7
1.7500000000000154E-4     0.023581685144840332
3.499999999999996E-4      0.04313002162502197
5.250000000000046E-4      0.03302475996600792
7.000000000000027E-4      0.035877035626721863
8.750000000000042E-4      0.00818837044808816
0.0010500000000000023     0.04082762118180239
0.0012250000000000004     0.045331446230938995
0.001400000000000002      0.0875240436561955
0.0015750000000000035     0.017386518898825545
0.0017500000000000016     0.08721400679293906
0.0019249999999999996     0.046260492363545604
0.002100000000000001      0.012704482577604526
0.0022749999999999992     0.06777578986003586
0.002450000000000001      0.033508284135829416
0.0026250000000000023     0.018284231975306986
0.002799999999999997      0.457246865916695
0.0029749999999999985     0.07675943847397645
0.00315                   0.2820697708924651
0.003324999999999998      0.012794456858272619
0.0034999999999999996     1.007471485269885
0.003675000000000001      0.0030029548204407175
0.0038499999999999993     0.1420770828483915
0.004025000000000001      0.0423445108866401
0.004200000000000002      0.326467761788291
0.004375000000000004      0.03127513773003829
0.004550000000000002      0.0197687891090724
0.0047249999999999966     0.08680231979955129
0.004899999999999998      0.2105452896680437
0.005074999999999996      0.04210565455307624
0.005249999999999998      0.149428597232715
0.005424999999999996      0.15484276249577753
0.00559999999999999       0.3835882450077672
0.005774999999999992      0.06446757265032044
0.0059499999999999935     0.1199635752879942
0.006124999999999995      0.03603002148842175
0.006299999999999997      0.11741177043172149
0.006474999999999995      0.004062264545551574
0.006649999999999996      0.05888009840704749
0.006824999999999994      0.05402304790456038
0.006999999999999996      0.08854529751423783
0.007174999999999997      0.09316811440536195
0.007349999999999995      0.13556641545730763
0.0075249999999999935     0.04399041621747563
0.007699999999999995      0.04353508654860187
0.007874999999999993      0.13914786753296055
0.008049999999999991      0.17700904924565933
0.00822499999999999       0.029292617051285594
0.008399999999999987      0.15805652022656536
0.008574999999999989      0.07770523643160199
0.00874999999999999       0.029735724317666655
0.008924999999999992      0.022330230678603683
0.009099999999999994      0.06918868229011642
0.009274999999999992      0.04258336633876659
0.00944999999999999       0.12655538728945892
0.009624999999999991      0.0641530751768201
0.009799999999999993      0.1304847867972914
0.00997499999999999       0.05243571829836328
0.010149999999999992      0.03700036067169405
0.01032499999999999       0.0604512774745251
0.010499999999999989      0.11450965447153354
0.010674999999999987      0.07866104187158653
0.010849999999999988      0.11762800743186624
0.01102499999999999       0.048485450218561044
0.011199999999999984      0.782547437213668
0.011374999999999986      0.1085368154548131
0.011549999999999987      0.4409206635320224
0.011724999999999985      0.19686557471659769
0.011899999999999987      0.5427001124951173
0.012074999999999985      0.19545450256910113
0.012249999999999987      0.22858634610828843
0.012424999999999988      0.2574190942739603
0.01259999999999999       0.2944530134289077
0.012774999999999991      0.35865129159081216
0.01294999999999999       0.4499434250107118
0.013124999999999984      0.5723156397176965
0.013299999999999985      0.8008071508763188
0.013474999999999984      0.8520812574799825
0.013649999999999985      1.0979525696331733
0.013824999999999983      1.3196533178088543
0.013999999999999978      1.6714089093869728
0.01417499999999998       2.0750402732741615
0.01434999999999998       2.5654952899499466
0.014524999999999982      3.1391411873079345
0.014699999999999982      4.324923215421601
0.014874999999999984      4.818160983877481
0.015049999999999985      6.140202276418237
0.015224999999999983      7.458488484548802
0.015399999999999985      8.794223730926824
0.015574999999999983      11.296163734741516
0.015749999999999986      14.192182720013102
0.015924999999999988      17.411540884623797
0.016099999999999986      20.831422287099542
0.016274999999999987      26.80676470578232
0.016449999999999985      33.60438610695135
0.016624999999999984      41.12415935354929
0.016799999999999985      49.172605960122006
0.016974999999999983      63.24040017968985
0.017149999999999985      79.3677059926433
0.017324999999999986      97.49356285487538
0.017499999999999984      117.69547603135845
0.017674999999999986      149.8219995243669
0.017849999999999984      188.03154580815746
0.018024999999999982      230.9976987382694
0.018199999999999984      278.594015914907
0.01837499999999998       355.5142237820847
0.018549999999999983      445.800945055177
0.018724999999999985      546.8570130876441
0.018899999999999986      655.8432414525734
0.019074999999999988      841.9318028044975
0.01924999999999999       1056.2339202668777
0.01942499999999999       1295.2432409677806
0.019599999999999992      1550.7028821252077
0.019774999999999994      1992.8048310906756
0.019949999999999996      2501.926448491925
0.020124999999999997      3068.985846486203
0.0203                    3674.402601779731
0.020475                  4721.678849433478
0.02065                   5926.543322229478
0.020825000000000003      7268.425348343269
0.021000000000000005      8700.117776370567
0.021175000000000006      11185.59730400535
0.021350000000000008      14042.543036656154
0.02152500000000001       17222.14541593208
0.02170000000000001       20611.172157387093
0.021875000000000012      26491.662790617716
0.02205000000000001       33256.163897200604
0.022225000000000012      40792.36878720814
0.02240000000000001       48833.44730052298
0.02257500000000001       62762.147414004496
0.022750000000000013      78781.94171170263
0.022925000000000015      96626.11011594906
0.023100000000000016      115661.75829034564
0.023275000000000018      148675.09526556925
0.02345000000000002       186634.42069721644
0.023625000000000018      228904.33602264532
0.02380000000000002       273980.8535079105
0.023975000000000017      352188.07534098567
0.02415000000000002       442110.9602283584
0.02432500000000002       542244.9536143232
0.02450000000000002       649026.8735882998
0.02467500000000002       834274.5619676644
0.024850000000000018      1047282.9795869658
0.02502500000000002       1284491.8695956205
0.02520000000000002       1537464.445106728
0.025375000000000023      1976276.1676632427
0.025550000000000024      2480848.1498970278
0.025725000000000026      3042747.524869708
0.025900000000000027      3641989.6260357657
0.02607500000000003       4681373.282031649
0.02625000000000003       5876612.1195481755
0.026425000000000032      7207762.235252155
0.026600000000000033      8627518.699102057
0.026775000000000035      1.1089414856944524E7
0.026950000000000036      1.3920587346170815E7
0.027125000000000038      1.7073831435982108E7
0.02730000000000004       2.0437135539618514E7
0.02747500000000004       2.6268985981606804E7
0.027650000000000043      3.2975625302168004E7
0.027825000000000044      4.0445244785140224E7
0.028000000000000046      4.8678253250621796E7
0.028000000000000046      4.973385983802279E7
0.028025000000000046      5.124956811385547E7
0.028050000000000047      5.278811014121476E7
0.028075000000000048      5.434948636266094E7
0.02810000000000005       5.593414622634779E7
0.02812500000000005       5.748084758285247E7
0.02815000000000005       5.904826981064246E7
0.02817500000000005       6.063686182814598E7
0.02820000000000005       6.224707865270916E7
0.028225000000000052      6.381085829029773E7
0.028250000000000053      6.539363004835892E7
0.028275000000000054      6.699584948156754E7
0.028300000000000054      6.861797433228227E7
0.028325000000000055      7.018507075450157E7
0.028350000000000056      7.176941852227552E7
0.028375000000000056      7.337147629663013E7
0.028400000000000057      7.499170103784469E7
0.028425000000000058      7.65483222875991E7
0.02845000000000006       7.812050066565971E7
0.02847500000000006       7.970869306683266E7
0.02850000000000006       8.131335076997003E7
0.02852500000000006       8.28459455106303E7
0.02855000000000006       8.439245333607107E7
0.028575000000000062      8.595332411108294E7
0.028600000000000063      8.752899817889753E7
0.028625000000000064      8.902429265634444E7
0.028650000000000064      9.053187202516721E7
0.028675000000000065      9.205217598220038E7
0.028700000000000066      9.358563094207324E7
0.028725000000000066      9.503056138931245E7
0.028750000000000067      9.648616767531079E7
0.028775000000000068      9.795287721135522E7
0.02880000000000007       9.94311004433119E7
0.02882500000000007       1.008129162646911E8
0.02885000000000007       1.0220386821926825E8
0.02887500000000007       1.0360436795057958E8
0.02890000000000007       1.050148066519035E8
0.028925000000000072      1.0632133066068459E8
0.028950000000000073      1.0763556155862221E8
0.028975000000000074      1.0895789042676178E8
0.029000000000000074      1.1028868454315399E8
0.029025000000000075      1.1150850313901548E8
0.029050000000000076      1.1273470652588609E8
0.029075000000000076      1.1396766053511141E8
0.029100000000000077      1.1520770402033599E8
0.029125000000000078      1.1633018453774233E8
0.02915000000000008       1.1745781630591992E8
0.02917500000000008       1.1859093737709384E8
0.02920000000000008       1.1972985592542201E8
0.02922500000000008       1.2074513364520998E8
0.02925000000000008       1.2176442488416001E8
0.029275000000000082      1.227880385001409E8
0.029300000000000083      1.238162508124071E8
0.029325000000000084      1.2471531872343801E8
0.029350000000000084      1.2561738674098574E8
0.029375000000000085      1.2652273233038735E8
0.029400000000000086      1.2743159805866116E8
0.029425000000000087      1.282064584208272E8
0.029450000000000087      1.2898345257256724E8
0.029475000000000088      1.2976282330432266E8
0.02950000000000009       1.3054477643963143E8
0.02952500000000009       1.3118855216974358E8
0.02955000000000009       1.3183374496687493E8
0.02957500000000009       1.3248055944546662E8
0.02960000000000009       1.331291614796969E8
0.029625000000000092      1.336361250873658E8
0.029650000000000093      1.3414392956820188E8
0.029675000000000094      1.3465273948104003E8
0.029700000000000094      1.3516267924101436E8
0.029725000000000095      1.3552824808907732E8
0.029750000000000096      1.3589422214245006E8
0.029775000000000097      1.3626072604675803E8
0.029800000000000097      1.3662784321553737E8
0.029825000000000098      1.3684861361533588E8
0.0298500000000001        1.370695080170211E8
0.0298750000000001        1.372906113447341E8
0.0299000000000001        1.3751196657502288E8
0.0299250000000001        1.3758578587972343E8
0.0299500000000001        1.3765961504322326E8
0.029975000000000102      1.3773349815429592E8
0.030000000000000103      1.3780743702516901E8
0.030025000000000104      1.3773345006373847E8
0.030050000000000104      1.3765952179907405E8
0.030075000000000105      1.3758565281396094E8
0.030100000000000106      1.375118013750623E8
0.030125000000000107      1.372904220878054E8
0.030150000000000107      1.370692998968725E8
0.030175000000000108      1.3684839102482212E8
0.03020000000000011       1.3662760979520866E8
0.03022500000000011       1.3626047980785045E8
0.03025000000000011       1.358939584448112E8
0.03027500000000011       1.3552795993378434E8
0.03030000000000011       1.351623572864192E8
0.030325000000000112      1.3465237292407015E8
0.030350000000000113      1.341435118888955E8
0.030375000000000114      1.3363564881660892E8
0.030400000000000114      1.3312861822944197E8
0.030425000000000115      1.32479949157115E8
0.030450000000000116      1.3183307266119313E8
0.030475000000000117      1.3118782445539062E8
0.030500000000000117      1.3054400157047328E8
0.030525000000000118      1.2976201675177288E8
0.03055000000000012       1.2898262506783739E8
0.03057500000000012       1.2820562194284083E8
0.03060000000000012       1.2743076582750064E8
0.03062500000000012       1.2652191196074204E8
0.03065000000000012       1.2561657633300245E8
0.030675000000000122      1.2471451570048138E8
0.030700000000000123      1.2381545200598827E8
0.030725000000000124      1.2278723219840811E8
0.030750000000000124      1.2176359895444807E8
0.030775000000000125      1.2074427472196452E8
0.030800000000000126      1.1972894943006139E8
0.030825000000000127      1.1858997132952826E8
0.030850000000000127      1.1745678594674048E8
0.030875000000000128      1.16329084733232E8
0.03090000000000013       1.15206529290744E8
0.03092500000000013       1.1396641607020369E8
0.03095000000000013       1.1273340059607576E8
0.03097500000000013       1.115071448143765E8
0.03100000000000013       1.1028728371336225E8
0.031025000000000132      1.0895646244304281E8
0.031050000000000133      1.0763411623682384E8
0.031075000000000134      1.0631987843175004E8
0.031100000000000134      1.0501335854357255E8
0.031125000000000135      1.0360293144756919E8
0.031150000000000136      1.022024438761245E8
0.031175000000000137      1.0081150450520977E8
0.031200000000000137      9.942970156406961E7
0.031225000000000138      9.795148737558241E7
0.03125000000000014       9.648478113160741E7
0.031275000000000136      9.502917203698476E7
0.03130000000000013       9.358423233852795E7
0.03132500000000013       9.20507629521035E7
0.03135000000000013       9.053044137274721E7
0.031375000000000125      8.902284101952972E7
0.03140000000000012       8.752752201456991E7
0.03142500000000012       8.595182518792419E7
0.03145000000000012       8.43909352400543E7
0.031475000000000114      8.284441197091489E7
0.03150000000000011       8.131180567071632E7
0.03152500000000011       7.97071457962403E7
0.031550000000000106      7.811895815076095E7
0.0315750000000001        7.654679177064513E7
0.0316000000000001        7.49901900627694E7
0.0316250000000001        7.336999267594601E7
0.031650000000000095      7.17679617889275E7
0.03167500000000009       7.018364029063596E7
0.03170000000000009       6.861656937508151E7
0.031725000000000086      6.699446325917413E7
0.031750000000000084      6.539225068515587E7
0.03177500000000008       6.380947355429671E7
0.03180000000000008       6.22456759879652E7
0.031825000000000075      6.063542733522423E7
0.03185000000000007       5.9046796895440795E7
0.03187500000000007       5.7479329452814534E7
0.03190000000000007       5.5932575881531954E7
0.03192500000000007       5.434786902868831E7
0.031950000000000076      5.2786460706339866E7
0.03197500000000008       5.124790189522583E7
0.032000000000000084      4.973219260045114E7
0.032000000000000084      4.981577968526165E7
0.03205833333333342       4.6532579986894935E7
0.03211666666666675       4.3361437747950405E7
0.032175000000000085      4.0302337213016436E7
0.03223333333333342       3.736267044760692E7
0.03229166666666675       3.490690062367968E7
0.03235000000000009       3.2527812481033698E7
0.03240833333333342       3.023279955518326E7
0.032466666666666755      2.8027405312412046E7
0.03252500000000009       2.6185253602347314E7
0.03258333333333342       2.4400704136723395E7
0.032641666666666756      2.267929461257433E7
0.03270000000000009       2.102517570777721E7
0.032758333333333424      1.9643368556427643E7
0.03281666666666676       1.83046572119355E7
0.03287500000000009       1.7013207418372795E7
0.032933333333333425      1.5772143764732584E7
0.03299166666666676       1.4735460729619471E7
0.03305000000000009       1.3731210467458352E7
0.03310833333333343       1.2762507354635559E7
0.03316666666666676       1.1831685464990605E7
0.033225000000000095      1.1054100521407694E7
0.03328333333333343       1.0300745636229409E7
0.03334166666666676       9573967.310926776
0.033400000000000096      8875526.061236016
0.03345833333333343       8292092.855312041
0.033516666666666764      7726933.428960919
0.0335750000000001        7181798.063992229
0.03363333333333343       6657998.188859534
0.033691666666666766      6220448.71757515
0.0337500000000001        5796540.252914946
0.03380833333333343       5387592.5248731235
0.03386666666666677       4994595.491318658
0.0339250000000001        4666318.75061581
0.033983333333333435      4348311.341033608
0.03404166666666677       4041559.682376914
0.0341000000000001        3746803.070395003
0.034158333333333436      3500549.7292159223
0.03421666666666677       3261964.9354156423
0.034275000000000104      3031792.394499926
0.03433333333333344       2810590.288867293
0.03439166666666677       2625833.369116691
0.034450000000000106      2446875.531761883
0.03450833333333344       2274269.782405433
0.03456666666666677       2108430.44782832
0.03462500000000011       1969884.4734011795
0.03468333333333344       1835644.53312205
0.034741666666666775      1706129.8731019667
0.03480000000000011       1581655.3761534188
0.03485833333333344       1477684.3759952409
0.034916666666666776      1376972.1587386718
0.03497500000000011       1279830.379326347
0.035033333333333444      1186492.5343597413
0.03509166666666678       1108505.3435535838
0.03515000000000011       1032948.8952245897
0.035208333333333446      960058.5473997094
0.03526666666666678       890010.9016195766
0.03532500000000011       831523.6828179997
0.03538333333333345       774872.6188962896
0.03544166666666678       720233.0819292071
0.035500000000000115      667736.5859165674
0.03555833333333345       623852.6498760134
0.03561666666666678       581321.0986463329
0.035675000000000116      540276.4472854112
0.03573333333333345       500820.57718551205
0.035791666666666784      467880.89600892324
0.03585000000000012       435991.94075552654
0.03590833333333345       405250.59800121957
0.035966666666666786      375730.24989895173
0.03602500000000012       351065.2271021276
0.03608333333333345       327151.76239562855
0.03614166666666679       304065.7376654727
0.03620000000000012       281865.51638825325
0.036258333333333455      263319.2456301514
0.03631666666666679       245362.5353300953
0.03637500000000012       228049.4940856838
0.036433333333333456      211421.00871448827
0.03649166666666679       197531.90001038715
0.036550000000000124      184073.6173661819
0.03660833333333346       171088.09604938078
0.03666666666666679       158606.91356454103
0.036725000000000126      148183.50763744966
0.03678333333333346       138085.91782236987
0.03684166666666679       128345.50965069544
0.03690000000000013       118985.80607272455
0.03695833333333346       111160.1568420087
0.037016666666666795      103579.38855186089
0.03707500000000013       96266.94247418855
0.03713333333333346       89240.4081872479
0.037191666666666796      83379.47534615664
0.03725000000000013       77702.24828016115
0.037308333333333464      72226.28750217645
0.0373666666666668        66964.79996241836
0.03742500000000013       62559.63376799046
0.037483333333333466      58290.970243807686
0.0375416666666668        54172.21334589906
0.03760000000000013       50213.536849204014
0.03765833333333347       46915.47216476521
0.0377166666666668        43722.76768325332
0.037775000000000135      40645.21380077433
0.03783333333333347       37690.423665027265
0.0378916666666668        35213.98394748962
0.037950000000000136      32811.38953482359
0.03800833333333347       30490.443666064035
0.038066666666666804      28257.59985138604
0.03812500000000014       26397.61219509079
0.03818333333333347       24598.54881164822
0.038241666666666806      22865.31632567606
0.03830000000000014       21202.068419084215
0.03835833333333347       19809.13271871003
0.03841666666666681       18458.9425744503
0.03847500000000014       17155.270896275142
0.038533333333333475      15901.320441171632
0.03859166666666681       14858.60580879545
0.03865000000000014       13850.043450835246
0.038708333333333476      12878.13725574554
0.03876666666666681       11945.018351710063
0.038825000000000144      11156.894990321845
0.03888333333333348       10391.986218306352
0.03894166666666681       9653.152337423888
0.039000000000000146      8943.124988764117
0.03905833333333348       8353.835525597218
0.03911666666666681       7785.50246305507
0.03917500000000015       7240.208795558004
0.03923333333333348       6720.815628712015
0.039291666666666815      6283.353347903432
0.03935000000000015       5854.860870538021
0.03940833333333348       5437.273364157024
0.039466666666666816      5034.045817000688
0.03952500000000015       4700.094001906081
0.039583333333333484      4379.100997982203
0.03964166666666682       4071.0958258313417
0.03970000000000015       3777.9426261424132
0.039758333333333486      3534.3289187223854
0.03981666666666682       3295.9936272347054
0.03987500000000015       3062.8629083226815
0.03993333333333349       2836.116365404454
0.03999166666666682       2646.942714628894
0.040050000000000155      2465.454053375634
0.04010833333333349       2291.3378643066494
0.04016666666666682       2124.915444782695
0.040225000000000156      1986.6165562365288
0.04028333333333349       1852.0853454616013
0.040341666666666824      1721.3241300205295
0.04040000000000016       1594.8411769347442
0.04045833333333349       1489.592866413784
0.040516666666666826      1388.2984114040698
0.04057500000000016       1290.5425831618581
0.04063333333333349       1196.5449096067719
0.04069166666666683       1118.0187237530406
0.04075000000000016       1042.3272968829997
0.040808333333333495      968.8276886811544
0.04086666666666683       897.4899490526846
0.04092500000000016       837.8203491339559
0.040983333333333496      781.2512978701758
0.04104166666666683       727.1006422872039
0.041100000000000164      675.1339674117474
0.0411583333333335        630.4609487775517
0.04121666666666683       587.7790164403268
0.041275000000000166      546.8017695453422
0.0413333333333335        507.3862434365923
0.04139166666666683       472.8993174917519
0.04145000000000017       439.83869434771486
0.0415083333333335        408.4190568716471
0.041566666666666835      378.85249147512764
0.04162500000000017       353.75597417639744
0.0416833333333335        329.47207092262045
0.041741666666666837      306.1900515610678
0.04180000000000017       284.22991438396633
0.041858333333333504      265.9518420921472
0.04191666666666684       248.14928160094036
0.04197500000000017       230.8826647602454
0.042033333333333506      214.3703436723415
0.04209166666666684       199.9963948641628
0.04215000000000017       186.1370587250756
0.04220833333333351       172.8415501071317
0.04226666666666684       160.34980117403956
0.042325000000000175      150.43907034839114
0.04238333333333351       140.48689098281588
0.04244166666666684       130.39739229594812
0.042500000000000177      120.36300114872415
0.04255833333333351       111.93025498155751
0.042616666666666844      104.35077418764354
0.042675000000000185      97.13886688053636
0.04273333333333352       90.06987238786
0.04279166666666685       84.07697413645326
0.04285000000000019       78.64491153861357
0.04290833333333352       73.54742798923243
0.04296666666666686       68.61136569787048
0.043025000000000195      63.70252297554547
0.04308333333333353       59.06647830884887
0.04314166666666686       54.69540785580634
0.0432000000000002        50.590309863286585
0.04325833333333353       47.37027256821722
0.043316666666666864      44.20619703319799
0.0433750000000002        41.0646347193461
0.04343333333333353       37.97741643841478
0.043491666666666866      35.52168735551189
0.0435500000000002        33.305608952256975
0.043608333333333534      31.081864610131316
0.04366666666666687       28.788337258053474
0.0437250000000002        26.76007749891007
0.043783333333333535      25.053314403020686
0.04384166666666687       23.383853693294753
0.0439000000000002        21.664278949287166
0.04395833333333354       20.0557563161683
0.04401666666666687       18.802217252419823
0.044075000000000204      17.580815593142006
0.04413333333333354       16.253228897801623
0.04419166666666687       14.965059407549221
0.044250000000000206      14.18377297344467
0.04430833333333354       13.635404122244466
0.044366666666666874      13.118292097099536
0.04442500000000021       11.712157893814734
0.04448333333333354       10.6638860095232
0.044541666666666875      10.039843726830991
0.04460000000000021       9.949822808294451
0.04465833333333354       9.013977039488742
0.04471666666666688       7.981705123357868
0.04477500000000021       7.356317636286791
0.044833333333333544      7.96942791588691
0.04489166666666688       8.15843884567885
0.04495000000000021       7.315354119722946
0.045008333333333546      5.857705990322952
0.04506666666666688       5.264079899597789
0.045125000000000214      5.894321990491195
0.04518333333333355       5.865934034140612
0.04524166666666688       4.8063052833010245
0.045300000000000215      4.0938632019840835
0.04535833333333355       5.060560099738816
0.04541666666666688       5.709376123959973
0.04547500000000022       4.894236710939447
0.04553333333333355       3.4644536207050374
0.04559166666666689       3.4515281698243263
0.04565000000000022       4.206943143285613
0.04570833333333355       4.020896444244244
0.045766666666666886      2.8392475864304827
0.04582500000000021       2.0930092232267463
0.045883333333333554      2.66513806166052
0.04594166666666688       3.171162608303022
0.046000000000000214      2.9953319029886614
0.04605833333333355       1.7441646040124636
0.04611666666666688       1.418286582520758
0.046175000000000216      1.633281772908306
0.04623333333333355       2.1238171463282662
0.046291666666666884      1.62424147763679
0.046350000000000224      1.177463572457138
0.04640833333333355       0.9851540799856178
0.046466666666666885      1.3505599395071797
0.04652500000000022       1.445293229207117
0.04658333333333356       1.261522123757221
0.0466416666666669        0.90953284231922
0.04670000000000023       0.757785713313213
0.04675833333333356       0.7889064130593961
0.046816666666666895      0.7271596590282927
0.04687500000000023       0.5928366557592456
0.04693333333333356       0.6652147928050522
0.04699166666666689       0.8656946609952296
0.04705000000000023       0.8279750085307365
0.047108333333333564      0.5620783315932684
0.0471666666666669        0.4258950380239206
0.04722500000000024       0.6540949656099609
0.047283333333333566      0.8698710437181342
0.0473416666666669        0.8155034071754707
0.047400000000000234      0.6213214999268843
0.04745833333333357       0.41852637196975206
0.0475166666666669        0.3944376986797987
0.047575000000000235      0.34067010868258435
0.04763333333333357       0.2876031665725104
0.047691666666666896      0.24544542571515837
0.04775000000000024       0.26653793541368415
0.04780833333333358       0.2414893318446582
0.047866666666666904      0.18378533803223301
0.04792500000000024       0.17558103055464644
0.04798333333333357       0.2706551031085802
0.048041666666666906      0.3612138303362029
0.04810000000000024       0.4411443240728044
0.04815833333333357       0.19541403230371016
0.04821666666666691       0.17048981728118773
0.04827500000000024       0.26016696630570346
0.048333333333333575      0.4697348899377988
0.048391666666666916      0.22103168736356235
0.04845000000000024       0.18686305847044804
0.04850833333333358       0.34697688828596973
0.04856666666666691       0.799182197238544
0.048625000000000244      0.40971514559676037
0.04868333333333358       0.11563285306203257
0.048741666666666905      0.13355464200544245
0.04880000000000024       0.8892669394642719
0.04885833333333357       0.9289161977996863
0.048916666666666914      0.5934144577628921
0.048975000000000254      0.16267984121001963
0.04903333333333358       0.38534414003858863
0.04909166666666692       0.619073974096413
0.049150000000000256      0.5205284257811476
0.04920833333333359       0.149928087049812
0.04926666666666693       0.2609877267811315
0.04932500000000026       0.712167130482638
0.04938333333333359       0.8727171602314745
0.049441666666666925      0.500812716448302
0.04950000000000026       0.06048446889773272
0.04955833333333359       0.17569064510858332
0.04961666666666692       0.48346848575935014
0.049675000000000254      0.5268421008442721
0.04973333333333359       0.2977674297267394
0.04979166666666692       0.021371141412946285
0.049850000000000255      0.06364320788950431
0.04990833333333358       0.11109255081077084
0.049966666666666916      0.05994394955048215
0.05002500000000025       0.12157633336991971
0.05008333333333359       0.35344203806687297
0.05014166666666693       0.3968404321432085
0.05020000000000026       0.20694383888863582
0.0502583333333336        0.23133753009090915
0.05031666666666693       0.8385935428566198
0.05037500000000027       1.1442031408888982
0.05043333333333361       0.8496418392472037
0.050491666666666934      0.036591633825131205
0.05055000000000027       0.5530021090566981
0.0506083333333336        1.1886166752683118
0.050666666666666936      1.3287964061646258
0.05072500000000027       0.18096325981128691
0.0507833333333336        0.5285114057795786
0.05084166666666694       1.3269170080932406
0.05090000000000027       1.9619453731693666
0.050958333333333605      0.48211869039505467
0.05101666666666694       0.31071611612695094
0.05107500000000027       0.6739802292917058
0.05113333333333361       1.0995681515327023
0.05119166666666694       0.08582782067585629
0.051250000000000275      0.09667809664917364
0.05130833333333361       0.4496463120275334
0.051366666666666935      0.7543014821013209
0.051425000000000276      0.10038846763365428
0.05148333333333361       0.7184736869599554
0.051541666666666944      1.6537184325975083
0.051600000000000285      2.3216717527979025
0.05165833333333362       0.3607356322996514
0.05171666666666695       0.24245173290633654
0.05177500000000028       1.0943093950094147
0.05183333333333362       2.2484821244672073
0.051891666666666954      0.49083793255407704
0.05195000000000029       0.001922818543455651
0.05200833333333363       0.4610625808062378
0.052066666666666955      1.585215264727398
0.05212500000000029       0.44441409916285923
0.05218333333333362       0.10355022076775137
0.05224166666666696       0.41196805230107125
0.05230000000000029       1.364363094839667
0.052358333333333625      0.5703203131258049
0.05241666666666696       0.5695131175318556
0.05247500000000029       0.9277570413285494
0.052533333333333626      1.5670620793534846
0.05259166666666696       0.2729198417172484
0.052650000000000294      0.3057226609999896
0.052708333333333635      1.0346116025892795
0.05276666666666697       2.1571246474817816
0.0528250000000003        0.4929845752903384
0.052883333333333636      0.11918448680726265
0.05294166666666696       0.6339658648572455
0.0530000000000003        1.807077756091485
0.05305833333333363       0.34024993784278496
0.053116666666666965      0.07085753060400041
0.053175000000000305      0.8980680275051318
0.05323333333333363       2.7745621291144342
0.053291666666666966      1.0053963538476456
0.0533500000000003        0.07731348381810543
0.053408333333333634      0.3501500577470208
0.05346666666666697       2.240644911969373
0.0535250000000003        1.1018907992250961
0.053583333333333635      0.20235897399842115
0.053641666666666976      0.13166681154103138
0.05370000000000031       1.658086007875088
0.053758333333333644      0.875211757427903
0.05381666666666697       0.1960189350797469
0.05387500000000031       0.3463155734866893
0.053933333333333645      2.3862474303752967
0.05399166666666698       1.7375663279645241
0.05405000000000031       0.6760825049649132
0.05410833333333364       0.05619939290365401
0.054166666666666974      1.2686394619675483
0.05422500000000031       1.2933885424096419
0.05428333333333364       0.7147451267193712
0.054341666666666975      0.06346876021688573
0.05440000000000031       0.4312921727359379
0.05445833333333364       0.45226851057420764
0.05451666666666698       0.28983518670599817
0.054575000000000304      0.24241328830197495
0.05463333333333364       0.9143360558353437
0.05469166666666697       0.5466020133990096
0.054750000000000305      0.11995745951232936
0.05480833333333364       0.06922233404435525
0.05486666666666697       1.0287541580782
0.05492500000000031       0.8573223328077534
0.054983333333333634      0.47377250995844034
0.055041666666666975      0.2168713506721409
0.05510000000000031       0.7481118598762276
0.05515833333333364       0.5063459642509228
0.055216666666666976      0.21890346011294326
0.05527500000000031       0.06136705737839087
0.05533333333333365       0.4947072539422307
0.055391666666666985      0.3131814134484791
0.05545000000000032       0.12961206412518633
0.05550833333333366       0.08452707652440014
0.055566666666666986      0.5170249361852193
0.05562500000000032       0.3211793059070425
0.055683333333333654      0.18639210058638514
0.05574166666666698       0.14521369539074466
0.055800000000000315      0.3681354672764065
0.05585833333333365       0.11580436708621776
0.05591666666666698       0.06622254818476453
0.055975000000000316      0.11484397223093921
0.05603333333333365       0.19871709153936926
0.056091666666666984      0.06750691923481424
0.05615000000000032       0.30384231601261996
0.05620833333333365       0.6541290464341027
0.056266666666666985      0.9532934960578394
0.05632500000000032       0.1790329180200148
0.05638333333333365       0.2388172276053819
0.05644166666666699       0.782846759213445
0.05650000000000033       1.6003097798275763
0.05655833333333366       0.6188173916097538
0.056616666666666995      0.18144814610141152
0.056675000000000336      0.16870319520884644
0.05673333333333366       0.6547133518345613
0.056791666666667004      0.3266195034821949
0.05685000000000033       0.3875227775876862
0.056908333333333665      0.7165749468085117
0.056966666666667         1.4858038223417624
0.057025000000000325      0.7481949890297149
0.057083333333333666      0.4115381934415915
0.05714166666666699       0.5042847239301421
0.05720000000000033       1.3560386325795275
0.05725833333333366       1.0488822357617458
0.057316666666666995      0.6630057580986952
0.05737500000000033       0.23124111480274362
0.05743333333333366       0.06280567665013333
0.057491666666666996      0.03152528785699538
0.05755000000000034       0.08022506839953264
0.05760833333333367       0.14599459377936844
0.057666666666667005      0.2642457502875401
0.05772500000000033       0.04829033437999186
0.057783333333333665      0.014467497350561749
0.057841666666667         0.16182516036482938
0.057900000000000326      0.4926319678136819
0.05795833333333367       0.3629980320954962
0.058016666666666994      0.22032156873123204
0.058075000000000335      0.08523544299844925
0.058133333333333675      0.0069879703577051646
0.058191666666667         0.028417579223570345
0.058250000000000336      0.08906738835274942
0.05830833333333367       0.1077334196949103
0.058366666666667004      0.0732579206083986
0.05842500000000034       0.010592570702591016
0.05848333333333367       0.10968638551631639
0.058541666666667005      0.20415240024567807
0.05860000000000034       0.2604765294114601
0.05865833333333367       0.20569551659314164
0.058716666666667014      0.29380457089794043
0.05877500000000035       0.3124530950330987
0.05883333333333368       0.21719788660837058
0.05889166666666701       0.013831813780953462
0.05895000000000034       0.09952931166886174
0.059008333333333676      0.24828784047572333
0.059066666666667         0.32772927071225555
0.059125000000000344      0.08711543464331971
0.05918333333333367       0.00488182759704814
0.05924166666666701       0.020618099005409115
0.05930000000000035       0.08558243079582255
0.05935833333333368       0.030139022308523167
0.05941666666666701       0.010954982256422021
0.05947500000000035       0.03281908419051636
0.05953333333333368       0.10302058208844844
0.059591666666667015      0.09033097896775698
0.05965000000000034       0.039336128691772033
0.059708333333333675      7.541048597238791E-5
0.05976666666666701       0.0752486785041393
0.05982500000000028       0.20301835006802413
0.05988333333333356       0.21623791685066396
0.05994166666666684       0.09920880500849455
0.06000000000000011       2.0745835177083143E-7
