0                         0.14093179756852975
1.7499999999998073E-4     0.6366204198242397
3.49999999999958E-4       2.085455563560791
5.249999999999422E-4      4.487457314940729
6.999999999999194E-4      7.901593758356512
8.74999999999921E-4       12.036975803983843
0.0010499999999999225     16.964272180187166
0.0012249999999999206     22.742451993937166
0.0013999999999999221     29.371551563775284
0.0015749999999999202     35.79701491397657
0.0017499999999999252     42.84180430889428
0.0019249999999999268     50.52051778406526
0.0020999999999999283     58.8814555797232
0.00227499999999993       66.08122253843626
0.002449999999999928      73.64572085768503
0.002624999999999926      81.62318349010391
0.002799999999999931      90.07549791859634
0.002974999999999929      96.69760392959346
0.003149999999999934      103.49271458576561
0.0033249999999999356     110.52274685547198
0.0034999999999999337     117.63932614969339
0.0036749999999999387     122.24604415177886
0.003849999999999937      127.10729270702907
0.004024999999999935      132.07461356185885
0.004199999999999936      137.23658635187968
0.0043749999999999345     140.25911846367705
0.0045499999999999395     143.23332492504684
0.0047249999999999445     146.24783345628148
0.004899999999999943      149.14394745680784
0.005074999999999944      149.9419078878081
0.005249999999999942      150.9088290930055
0.00542499999999994       151.88599526623844
0.005599999999999945      152.79540753704867
0.005774999999999947      152.2947774305206
0.005949999999999945      151.87456269148538
0.00612499999999995       151.45678268170929
0.0062999999999999515     151.09240650478517
0.006474999999999953      149.46847798898972
0.0066499999999999546     147.8032479903564
0.006824999999999953      146.14767005107637
0.006999999999999954      144.30955122145596
0.007174999999999956      142.24958857699846
0.007349999999999954      140.40174134546808
0.007524999999999959      138.57384466119606
0.007699999999999953      136.83079083878243
0.007874999999999958      134.1877393457662
0.008049999999999956      131.52539324999293
0.008224999999999962      128.90858967678517
0.008399999999999963      126.33730307679468
0.008574999999999961      124.52038726250964
0.00874999999999996       122.75193413221574
0.008924999999999964      121.03910995785125
0.009099999999999962      119.21148612814929
0.009274999999999967      116.6472821112825
0.009449999999999962      114.31236930085598
0.009624999999999963      112.03630616193567
0.009799999999999965      110.11166102044507
0.009974999999999967      108.96461658315214
0.010149999999999968      107.58186498041806
0.01032499999999997       106.25594166010602
0.010499999999999971      104.66745413607862
0.010674999999999973      102.49792174983247
0.01084999999999997       100.6812387806489
0.011024999999999972      98.89802265763778
0.011199999999999974      97.43348801619244
0.011374999999999972      96.04195868649221
0.011549999999999973      94.39345208106653
0.011724999999999975      92.7731670999122
0.011899999999999977      91.05282178525917
0.012074999999999978      89.03007174301499
0.012249999999999976      87.15644526194092
0.012424999999999981      85.30363547244006
0.012599999999999983      83.38042866959051
0.012774999999999984      81.26595592360943
0.012949999999999986      79.26763330604764
0.013124999999999984      77.29424653326508
0.013299999999999985      75.52882117896324
0.013474999999999987      73.76552566480694
0.013649999999999985      71.84590327622362
0.013824999999999987      69.95299168446637
0.013999999999999985      67.7411063073001
0.014174999999999986      66.35270964747694
0.014349999999999988      65.3203255392059
0.01452499999999999       64.2982840833888
0.014699999999999989      63.353400105710264
0.01487499999999999       63.020739284921866
0.01504999999999999       62.62343641711694
0.01522499999999999       62.22834751388997
0.015399999999999992      61.69952497965902
0.01557499999999999       63.999550113866874
0.015749999999999993      66.48702503005273
0.015924999999999995      69.02606548148074
0.016099999999999993      71.10092353319813
0.016274999999999994      76.47250252117185
0.016449999999999992      82.60595930257577
0.016624999999999994      88.98603961694003
0.016799999999999995      95.70849696340245
0.016974999999999997      110.83665633519978
0.01715                   127.03393664857194
0.017325                  144.395992850201
0.0175                    161.40846149851347
0.017675000000000003      194.52866453932876
0.017850000000000005      232.62153177887984
0.018025000000000006      274.1751818011718
0.018200000000000008      318.2796173273781
0.01837500000000001       399.1393391602949
0.01855000000000001       490.400097584057
0.018725000000000012      591.153197882905
0.018900000000000014      697.3531496626317
0.019075000000000016      888.0666000857177
0.019250000000000017      1107.02935985741
0.01942500000000002       1350.2043295210738
0.01960000000000002       1608.190284543082
0.01977500000000002       2062.0126306277984
0.019950000000000023      2584.269287072456
0.020125000000000025      3165.5741551956785
0.020300000000000026      3788.3565053347766
0.020475000000000028      4867.0903133595475
0.020650000000000026      6103.426988518145
0.020825000000000024      7479.832387833333
0.021000000000000026      8944.850396632615
0.021175000000000027      11492.061375887606
0.02135000000000003       14424.038023822728
0.021525000000000027      17689.41370735361
0.02170000000000003       21176.543478742453
0.02187500000000003       27175.145547981352
0.022050000000000028      34064.04348810237
0.02222500000000003       41731.802780967795
0.02240000000000003       49917.01253016609
0.022575000000000033      64073.17712051943
0.022750000000000034      80329.55512648592
0.022925000000000036      98425.21901540284
0.023100000000000037      117705.04551658574
0.02327500000000004       150996.30408681944
0.023450000000000037      189267.90438337903
0.02362500000000004       231865.92534779
0.023800000000000036      277311.87418372295
0.023975000000000038      355853.200627399
0.02415000000000004       446071.22715084715
0.02432500000000004       546490.212244543
0.024500000000000043      653576.4301127181
0.024675000000000044      838966.0282649305
0.024850000000000046      1052005.5566087174
0.025025000000000047      1289167.8760851538
0.02520000000000005       1541873.919080167
0.02537500000000005       1979480.579464676
0.025550000000000052      2482686.274217556
0.025725000000000053      3042927.7570180255
0.025900000000000055      3640824.1016278034
0.026075000000000056      4676063.206752115
0.026250000000000058      5865545.026222906
0.02642500000000006       7189925.186661971
0.02660000000000006       8601549.515610714
0.026775000000000063      1.10505898408883E7
0.026950000000000064      1.3867191754523324E7
0.027125000000000066      1.700378860286088E7
0.027300000000000067      2.0343747078245986E7
0.02747500000000007       2.6135040642535675E7
0.02765000000000007       3.2800439008574277E7
0.027825000000000072      4.022352041955795E7
0.028000000000000073      4.840472526915252E7
0.028000000000000073      4.948919048073506E7
0.028025000000000078      5.1001028672808394E7
0.02805000000000008       5.253568513278199E7
0.02807500000000008       5.409316049941414E7
0.02810000000000008       5.5674619058686025E7
0.02812500000000008       5.7216709320191E7
0.02815000000000008       5.87787352314672E7
0.028175000000000082      6.036186100937762E7
0.028200000000000083      6.196656646050363E7
0.028225000000000083      6.352018680543034E7
0.028250000000000084      6.509261049326917E7
0.028275000000000085      6.668431730312506E7
0.028300000000000086      6.829517509538622E7
0.028325000000000086      6.98485256113204E7
0.028350000000000087      7.141953085046397E7
0.028375000000000088      7.300805870305288E7
0.02840000000000009       7.461404649564818E7
0.02842500000000009       7.61586469270956E7
0.02845000000000009       7.771918294528322E7
0.02847500000000009       7.92955919126819E7
0.02850000000000009       8.088845955192636E7
0.028525000000000092      8.241328808802682E7
0.028550000000000093      8.395180295057213E7
0.028575000000000093      8.550458984666422E7
0.028600000000000094      8.707268949716805E7
0.028625000000000095      8.856143431753331E7
0.028650000000000096      9.00617832125414E7
0.028675000000000096      9.157477683953445E7
0.028700000000000097      9.310115388444802E7
0.028725000000000098      9.45361009302584E7
0.0287500000000001        9.598131332662684E7
0.0287750000000001        9.743752970287386E7
0.0288000000000001        9.89047818819423E7
0.0288250000000001        1.0027289374601232E8
0.0288500000000001        1.0165041023532218E8
0.028875000000000102      1.0303736315886375E8
0.028900000000000103      1.0443354673799045E8
0.028925000000000103      1.0572724561156583E8
0.028950000000000104      1.0702915442941892E8
0.028975000000000105      1.0833906741872081E8
0.029000000000000106      1.0965730710806668E8
0.029025000000000106      1.108688680926323E8
0.029050000000000107      1.1208679640376586E8
0.029075000000000108      1.1331141454899782E8
0.02910000000000011       1.1454363490913603E8
0.02912500000000011       1.1566042980276679E8
0.02915000000000011       1.1678175825448707E8
0.02917500000000011       1.1790853258256133E8
0.02920000000000011       1.1904149415399463E8
0.029225000000000112      1.2004861982469574E8
0.029250000000000113      1.210592768746011E8
0.029275000000000113      1.220742065941738E8
0.029300000000000114      1.2309338470930015E8
0.029325000000000115      1.2398058955283038E8
0.029350000000000116      1.2487104090574816E8
0.029375000000000116      1.2576471443822116E8
0.029400000000000117      1.2666120690459797E8
0.029425000000000118      1.2742494528100167E8
0.02945000000000012       1.2819142077853823E8
0.02947500000000012       1.2896023012465018E8
0.02950000000000012       1.2973146042788848E8
0.02952500000000012       1.3036913552864479E8
0.02955000000000012       1.3100832204995993E8
0.029575000000000122      1.3164910707947966E8
0.029600000000000123      1.3229222903179836E8
0.029625000000000123      1.3279642528239122E8
0.029650000000000124      1.3330087493076305E8
0.029675000000000125      1.3380631634505256E8
0.029700000000000126      1.3431334629076278E8
0.029725000000000126      1.3467419478845078E8
0.029750000000000127      1.3503496464931893E8
0.029775000000000128      1.3539625255653542E8
0.02980000000000013       1.3575785358311352E8
0.02982500000000013       1.359704988979347E8
0.02985000000000013       1.3618355138502118E8
0.02987500000000013       1.3639680602654883E8
0.02990000000000013       1.3660965584781003E8
0.029925000000000132      1.3667645661972412E8
0.029950000000000133      1.367439162776401E8
0.029975000000000133      1.36811427789795E8
0.030000000000000134      1.3687888769924873E8
0.030025000000000135      1.3680319510778916E8
0.030050000000000136      1.3672766211641634E8
0.030075000000000136      1.366521852518185E8
0.030100000000000137      1.3657730159740597E8
0.030125000000000138      1.3635758362628692E8
0.03015000000000014       1.3613754188656363E8
0.03017500000000014       1.359177134405127E8
0.03020000000000014       1.3569845310613984E8
0.03022500000000014       1.3533110975076762E8
0.03025000000000014       1.3496394600104776E8
0.030275000000000142      1.3459731660189855E8
0.030300000000000143      1.3423077774273187E8
0.030325000000000144      1.3371763287476808E8
0.030350000000000144      1.3320594796893321E8
0.030375000000000145      1.3269527910630049E8
0.030400000000000146      1.3218483871429141E8
0.030425000000000146      1.3153463994189176E8
0.030450000000000147      1.3088686266701913E8
0.030475000000000148      1.302407192420508E8
0.03050000000000015       1.2959594861275494E8
0.03052500000000015       1.2881778936228502E8
0.03055000000000015       1.28042267811171E8
0.03057500000000015       1.2726912289560471E8
0.03060000000000015       1.2649868336062548E8
0.030625000000000152      1.2559671739318024E8
0.030650000000000153      1.2469768802914637E8
0.030675000000000154      1.2380192401815708E8
0.030700000000000154      1.2290953955973566E8
0.030725000000000155      1.218863067747778E8
0.030750000000000156      1.2086727406875113E8
0.030775000000000156      1.1985255558919352E8
0.030800000000000157      1.1884152293662074E8
0.030825000000000158      1.1770490643440585E8
0.03085000000000016       1.1657440949618126E8
0.03087500000000016       1.1544940361956659E8
0.03090000000000016       1.1432898204602998E8
0.03092500000000016       1.1309292762500235E8
0.03095000000000016       1.1186452355742946E8
0.030975000000000162      1.106428630095191E8
0.031000000000000163      1.0942754353512663E8
0.031025000000000164      1.0810569459048745E8
0.031050000000000164      1.0679231182552943E8
0.031075000000000165      1.0548699279341514E8
0.031100000000000166      1.0418987120683852E8
0.031125000000000166      1.02791041853966E8
0.031150000000000167      1.0140157291189921E8
0.031175000000000168      1.000215981202758E8
0.03120000000000017       9.86510697096195E7
0.03122500000000017       9.718250005844699E7
0.03125000000000017       9.572503091586947E7
0.031275000000000164      9.427861448943293E7
0.03130000000000016       9.284255134453562E7
0.03132500000000016       9.131603233052044E7
0.031350000000000156      8.980289577046736E7
0.03137500000000015       8.83024421509264E7
0.03140000000000015       8.681370700902021E7
0.03142500000000015       8.524611670245647E7
0.031450000000000145      8.36937971713852E7
0.03147500000000014       8.215578389020802E7
0.03150000000000014       8.063155143125857E7
0.031525000000000136      7.903922310434532E7
0.031550000000000133      7.746333436184397E7
0.03157500000000013       7.590335978314462E7
0.03160000000000013       7.435932265852258E7
0.031625000000000125      7.275374524055661E7
0.03165000000000012       7.116571870598114E7
0.03167500000000012       6.959526639004101E7
0.03170000000000012       6.804235509524177E7
0.031725000000000114      6.643258354501978E7
0.03175000000000011       6.484217125266354E7
0.03177500000000011       6.3271085030452944E7
0.031800000000000106      6.1718652613364786E7
0.0318250000000001        6.011713965264301E7
0.0318500000000001        5.853739423886757E7
0.0318750000000001        5.6978744057101354E7
0.031900000000000095      5.543996203884156E7
0.03192500000000009       5.3864663792658806E7
0.03195000000000009       5.231332686607906E7
0.03197500000000009       5.078472413114616E7
0.032000000000000084      4.927885493557113E7
0.032000000000000084      4.9409604427846156E7
0.03203750000000009       4.725165757683199E7
0.03207500000000009       4.514196773730713E7
0.0321125000000001        4.3080529647757344E7
0.0321500000000001        4.106535107113841E7
0.032187500000000105      3.926332227243204E7
0.0322250000000001        3.7503698715747856E7
0.032262500000000104      3.578448824127096E7
0.032300000000000106      3.410839017344797E7
0.03233750000000011       3.2622230646356463E7
0.03237500000000011       3.116664511980621E7
0.032412500000000115      2.9744333992894486E7
0.03245000000000012       2.8356366360774864E7
0.03248750000000012       2.7117603713360816E7
0.03252500000000012       2.5905533810994778E7
0.032562500000000126      2.4721226102198005E7
0.03260000000000013       2.3566950381145418E7
0.03263750000000013       2.253860912261475E7
0.032675000000000134      2.1531072637064915E7
0.03271250000000014       2.0546611467725642E7
0.03275000000000014       1.9587043377715364E7
0.03278750000000014       1.8730785877668936E7
0.032825000000000146      1.789196205196114E7
0.03286250000000015       1.7072389873400778E7
0.03290000000000015       1.6274058947620057E7
0.032937500000000154      1.5564307798724454E7
0.03297500000000016       1.4868504169242635E7
0.03301250000000016       1.4188638162917668E7
0.03305000000000016       1.3524068281529572E7
0.03308750000000016       1.2931657907959845E7
0.03312500000000016       1.2353154690814978E7
0.033162500000000164      1.1787917242803337E7
0.03320000000000016       1.1236042276786566E7
0.03323750000000016       1.074553074539967E7
0.033275000000000166      1.0265894921093889E7
0.03331250000000016       9797231.82945971
0.033350000000000164      9340380.502372622
0.03338750000000017       8931710.34669413
0.03342500000000016       8531400.976043822
0.033462500000000166      8140291.556159668
0.03350000000000017       7758904.262041307
0.03353750000000017       7420813.56402844
0.033575000000000174      7089771.483541641
0.03361250000000018       6766300.433685489
0.03365000000000018       6450288.648811821
0.03368750000000018       6167828.566246466
0.033725000000000185      5891818.663643059
0.03376250000000019       5622147.228418819
0.03380000000000019       5359410.909564605
0.033837500000000194      5125137.9019302055
0.0338750000000002        4895546.622297894
0.03391250000000019       4671233.881408425
0.03395000000000019       4452956.780721765
0.03398750000000019       4259098.298973231
0.034025000000000194      4068848.3294251333
0.0340625000000002        3882964.049173877
0.0341000000000002        3700882.3212888986
0.0341375000000002        3538885.851401866
0.034175000000000205      3381072.65689111
0.0342125000000002        3226879.668035074
0.034250000000000204      3076742.919849934
0.03428750000000021       2942430.429357997
0.0343250000000002        2810719.5636955434
0.034362500000000205      2682046.424758414
0.03440000000000021       2556621.125731358
0.034437500000000204      2445831.4879468614
0.03447500000000021       2337317.4922891427
0.03451250000000021       2231289.3140145545
0.034550000000000206      2127671.436080194
0.03458750000000021       2034615.1778617678
0.03462500000000021       1943738.5275843733
0.03466250000000021       1854965.9997429962
0.0347000000000002        1768507.606062863
0.034737500000000206      1692283.314783292
0.03477500000000021       1617566.6888051496
0.03481250000000021       1544567.78718177
0.034850000000000214      1473230.2238615295
0.03488750000000022       1409187.1069557332
0.03492500000000022       1346656.7879708668
0.034962500000000216      1285582.9002893784
0.03500000000000022       1226286.983699032
0.03503750000000022       1173963.5990580965
0.035075000000000224      1122514.65511159
0.03511250000000023       1072261.7207510998
0.03515000000000022       1022998.8349215218
0.035187500000000226      979247.8678853936
0.03522500000000023       936697.6595509702
0.035262500000000224      895142.2748787991
0.03530000000000022       854727.2580896405
0.03533750000000022       818795.5612842003
0.03537500000000022       783555.7261294161
0.03541250000000022       749153.3013614896
0.035450000000000224      715599.3911075445
0.03548750000000023       685954.8094601085
0.03552500000000023       656991.6240192695
0.03556250000000023       628720.9707003398
0.035600000000000236      601240.3767750696
0.03563750000000024       577061.7942041528
0.035675000000000234      553367.1432526108
0.03571250000000024       530253.9514670034
0.03575000000000024       507602.49507636303
0.03578750000000024       487616.68922068167
0.035825000000000246      468239.7674484431
0.03586250000000024       449352.0228267305
0.035900000000000244      431087.1496076539
0.03593750000000025       415150.155549757
0.03597500000000025       399495.32598401053
0.03601250000000025       384256.35940604913
0.03605000000000025       369485.94419817574
0.03608750000000025       356780.71961320704
0.036125000000000254      344372.99821339943
0.03616250000000026       332315.4796613951
0.03620000000000026       320450.4911002766
0.03623750000000026       310316.62994286226
0.036275000000000265      300645.8757486186
0.03631250000000026       291280.5574987652
0.03635000000000026       282386.22562138084
0.03638750000000026       274967.1155311415
0.03642500000000026       267646.2594158654
0.036462500000000266      260589.22095647597
0.03650000000000027       253700.63807210387
0.03653750000000027       248223.2164949505
0.036575000000000274      243083.89970720044
0.03661250000000027       238187.32164204298
0.03665000000000027       233583.75879096714
0.036687500000000275      230235.90127537987
0.03672500000000027       227053.01532038752
0.036762500000000274      224085.39175276156
0.03680000000000028       221342.48870988883
0.03683750000000027       219754.1727062446
0.036875000000000276      218367.2033357079
0.03691250000000028       217191.0366817952
0.036950000000000274      216227.80849807343
0.03698750000000028       216508.6957931413
0.03702500000000028       216995.49268180877
0.037062500000000276      217690.33873586592
0.03710000000000028       218615.20927174215
0.03713750000000028       220669.30223819247
0.03717500000000028       222909.45265395357
0.03721250000000028       225357.6450286015
0.03725000000000028       227916.79458823195
0.03728750000000028       231796.36583411382
0.037325000000000275      235998.5050141984
0.03736250000000028       240426.12800074377
0.03740000000000028       245056.0631725018
0.03743750000000028       250864.9214771707
0.037475000000000286      256937.095274072
0.03751250000000029       263249.4221617201
0.03755000000000029       269880.9245214595
0.037587500000000294      278030.8964864018
0.0376250000000003        286375.24449349905
0.0376625000000003        294992.9941308118
0.0377000000000003        303807.4007692862
0.0377375000000003        314218.228394642
0.037775000000000294      325017.90168983553
0.0378125000000003        336129.6828575372
0.0378500000000003        347650.90149499266
0.0378875000000003        361194.5875357929
0.037925000000000306      375012.0564578851
0.03796250000000031       389200.64187285973
0.03800000000000031       403760.3808019419
0.03800000000000031       402067.10525127855
0.038025000000000295      412317.84026578994
0.03805000000000028       422742.1245837059
0.03807500000000027       433339.96298107784
0.03810000000000026       444132.0629003595
0.038125000000000256      454604.0969324861
0.03815000000000025       465215.1848428927
0.03817500000000025       475986.0331466618
0.03820000000000025       486914.9384360586
0.038225000000000245      497411.8280342746
0.03825000000000024       508056.18662027956
0.03827500000000024       518846.31064807094
0.03830000000000024       529773.2369800899
0.038325000000000234      540283.2607883362
0.03835000000000023       550936.0698421035
0.03837500000000023       561722.7011802129
0.038400000000000226      572644.5253707117
0.03842500000000022       583149.9445168559
0.03845000000000022       593776.8486679684
0.03847500000000022       604526.6083670977
0.038500000000000215      615409.3019044308
0.03852500000000021       625792.1749963076
0.03855000000000021       636276.3215652477
0.038575000000000206      646871.8197894032
0.038600000000000204      657584.6911921452
0.0386250000000002        667694.9026795662
0.0386500000000002        677898.447573349
0.038675000000000195      688201.3473939727
0.03870000000000019       698601.879431525
0.03872500000000019       708350.6320158872
0.03875000000000019       718188.9199529433
0.038775000000000184      728115.0204959891
0.03880000000000018       738127.6906243019
0.03882500000000018       747472.6016268918
0.038850000000000176      756895.8768047917
0.03887500000000017       766396.2729125862
0.03890000000000017       775978.6967298213
0.03892500000000017       784848.5285274165
0.038950000000000165      793780.393627737
0.03897500000000016       802779.1985077178
0.03900000000000016       811851.3433631237
0.03902500000000016       820133.3010879431
0.039050000000000154      828465.8646394978
0.03907500000000015       836855.4339315037
0.03910000000000015       845303.8127005608
0.039125000000000146      852900.3760697169
0.03915000000000014       860542.7172711439
0.03917500000000014       868232.6396936119
0.03920000000000014       875969.2325027948
0.039225000000000135      882827.2236981638
0.03925000000000013       889725.2165173669
0.03927500000000013       896662.2997567732
0.039300000000000126      903640.1482465039
0.039325000000000124      909714.7790471149
0.03935000000000012       915819.3873527786
0.03937500000000012       921955.6478559846
0.039400000000000115      928127.2181193721
0.03942500000000011       933351.9540306833
0.03945000000000011       938598.1306978804
0.03947500000000011       943869.4057244159
0.039500000000000104      949166.7385806302
0.0395250000000001        953479.1621621395
0.0395500000000001        957809.9156928852
0.039575000000000096      962159.9583180712
0.03960000000000009       966527.9018224991
0.03962500000000009       969898.9565337729
0.03965000000000009       973285.7143279848
0.039675000000000085      976686.786036418
0.03970000000000008       980103.7606954447
0.03972500000000008       982512.702148175
0.03975000000000008       984930.4914003691
0.039775000000000074      987358.7165653062
0.03980000000000007       989802.379131506
0.03982500000000007       991200.8611351419
0.039850000000000066      992602.2078526102
0.03987500000000006       994011.4206894585
0.03990000000000006       995429.9131503709
0.03992500000000006       995768.4877335855
0.039950000000000055      996112.2182899561
0.03997500000000005       996462.5188056438
0.04000000000000005       996813.6622600278
0.04002500000000005       996100.0063718411
0.040050000000000044      995398.3342257225
0.04007500000000004       994702.9187252473
0.04010000000000004       994008.0927348032
0.040125000000000036      992298.2293631905
0.04015000000000003       990600.7551925733
0.04017500000000003       988910.0019990132
0.04020000000000003       987228.7002567877
0.040225000000000025      984548.4682208361
0.04025000000000002       981873.7024373186
0.04027500000000002       979207.1321594144
0.040300000000000016      976556.2953594661
0.040325000000000014      972868.1008990024
0.04035000000000001       969183.4761054963
0.04037500000000001       965509.9586037837
0.040400000000000005      961848.459744931
0.040425                  957122.6873432504
0.04045                   952411.5045943022
0.040475                  947715.8232051755
0.0405                    943026.950747532
0.040525                  937320.7977767792
0.04055                   931644.1966363213
0.040575                  925988.4550295414
0.0406                    920345.1675082246
0.040624999999999994      913773.5699013728
0.04065                   907237.0796165522
0.040675                  900727.2906581089
0.0407                    894244.8086612283
0.040725                  886883.4491651239
0.040749999999999995      879554.7084486975
0.04077499999999999       872259.1912667847
0.04079999999999999       865002.371019897
0.040824999999999986      856858.9347502448
0.04084999999999999       848751.0139628446
0.040874999999999995      840684.0813313928
0.04089999999999999       832658.3735908332
0.04092499999999999       823745.0540886357
0.040949999999999986      814881.6016317058
0.040974999999999984      806068.2525719396
0.04099999999999998       797297.9536640946
0.04102499999999998       787696.8923885205
0.041049999999999975      778162.9148860154
0.04107499999999997       768688.9679128752
0.04109999999999997       759267.7508330663
0.04112499999999997       749105.0860366105
0.041149999999999964      739019.9593516699
0.04117499999999996       729005.0703996832
0.04119999999999996       719057.9297135199
0.041224999999999956      708437.6233261361
0.04124999999999995       697900.5390708441
0.04127499999999995       687444.1875332046
0.04129999999999995       677068.133222098
0.041324999999999945      666058.7514336468
0.04134999999999994       655141.5799960108
0.04137499999999994       644316.1828666517
0.04139999999999994       633579.7537709454
0.041424999999999934      622254.7250591181
0.04144999999999993       611035.8647098287
0.04147499999999993       599920.3656236015
0.041499999999999926      588903.8523639475
0.04152499999999992       577363.2044454243
0.04154999999999992       565942.189355309
0.04157499999999992       554636.4313735977
0.041599999999999915      543443.6308476103
0.04162499999999991       531789.4731205507
0.041649999999999916      520265.0354029926
0.04167499999999992       508868.0184737662
0.04169999999999992       497598.01276511454
0.041724999999999915      485911.9474647236
0.04174999999999991       474366.31255389383
0.04177499999999991       462960.6988388019
0.04179999999999991       451691.9779768309
0.041824999999999904      440055.59499629436
0.0418499999999999        428575.1840475318
0.0418749999999999        417247.61644659203
0.041899999999999896      406064.19360819116
0.04192499999999989       394595.3525975095
0.04194999999999989       383300.1861707813
0.04197499999999989       372169.99505259463
0.041999999999999885      361204.7743060417
0.041999999999999885      358625.57786010444
0.042112499999999824      316549.9944514643
0.04222499999999976       277110.59240871534
0.0423374999999997        240306.40237596215
0.04244999999999964       206476.94611024443
0.04256249999999964       182657.31434742254
0.042674999999999644      160004.1580625136
0.042787499999999645      138857.3571494905
0.04289999999999965       119360.06149084921
0.04301249999999965       105601.51131700464
0.04312499999999965       92562.89193525174
0.04323749999999965       80387.54243794714
0.04334999999999965       69150.49346982848
0.043462499999999654      61209.48098693138
0.043574999999999656      53688.83381007103
0.04368749999999966       46663.694494963645
0.04379999999999966       40171.710128161445
0.04391249999999966       35583.92238521029
0.04402499999999966       31242.365529109655
0.04413749999999966       27184.753677570076
0.044249999999999665      23431.243079255735
0.044362499999999666      20773.042959196402
0.04447499999999967       18257.778104917885
0.04458749999999967       15905.644246349384
0.04469999999999967       13729.707447426252
0.04481249999999967       12187.713453211138
0.044924999999999674      10726.399988169156
0.045037499999999675      9358.854800513598
0.045149999999999677      8095.311970420247
0.04526249999999968       7195.9521029715925
0.04537499999999968       6340.679966859486
0.04548749999999968       5539.742772025272
0.04559999999999968       4801.13370096614
0.045712499999999684      4277.358644506978
0.045824999999999685      3776.8382217453354
0.04593749999999969       3307.5724980750006
0.04604999999999969       2876.2297747318694
0.04616249999999969       2569.4959830210473
0.04627499999999969       2274.1768932230593
0.04638749999999969       1996.9444615439586
0.046499999999999694      1740.994155441445
0.046612499999999696      1557.9726794180851
0.0467249999999997        1382.2949731514282
0.0468374999999997        1217.15870462999
0.0469499999999997        1063.8170337945148
0.0470624999999997        955.1914395531549
0.0471749999999997        851.3064021218569
0.047287499999999705      753.4165366786596
0.047399999999999706      661.5766567368863
0.04751249999999971       595.3859752570611
0.04762499999999971       532.6449014258397
0.04773749999999971       473.40884043536556
0.04784999999999971       417.1363915108659
0.047962499999999714      376.26075940713315
0.048074999999999715      337.99070302989895
0.04818749999999972       301.7852387522799
0.04829999999999972       267.40588170599904
0.04841249999999972       242.2153650927737
0.04852499999999972       218.49549033735627
0.04863749999999972       196.00813093883795
0.048749999999999724      174.73589476210742
0.048862499999999726      158.88939695291785
0.04897499999999973       143.83297914125552
0.04908749999999973       129.54923991337603
0.04919999999999973       116.20244091309343
0.04931249999999973       106.34135040052875
0.04942499999999973       96.79967259396133
0.049537499999999735      87.74176384474113
0.049649999999999736      79.26984401777527
0.04976249999999974       72.86287805843521
0.04987499999999974       66.66496012729596
0.04998749999999974       60.77842376067377
0.05009999999999974       55.203179099061764
0.05021249999999974       51.14244624946038
0.050324999999999745      47.3483693252568
0.050437499999999746      43.75728656556606
0.05054999999999975       40.36909418148012
0.05066249999999975       37.84280139040997
0.05077499999999975       35.43913145952522
0.05088749999999975       33.165758110280706
0.050999999999999754      30.96368165413892
0.051112499999999755      29.21126417655088
0.05122499999999976       27.612917705072945
0.05133749999999976       26.10966705624017
0.05144999999999976       24.83504660379361
0.05156249999999976       24.097269384785477
0.05167499999999976       23.28889140544988
0.051787499999999764      22.543427847066233
0.051899999999999766      22.0757427275312
0.05201249999999977       21.603021513337136
0.05212499999999977       20.965617109463476
0.05223749999999977       20.37841575407766
0.05234999999999977       20.00455422840526
0.05246249999999977       19.869096106399773
0.052574999999999775      19.610485702917938
0.052687499999999776      19.391840872181213
0.05279999999999978       19.463500465214242
0.05291249999999978       19.508872122982435
0.05302499999999978       19.321482628230374
0.05313749999999978       19.151665439730532
0.053249999999999784      19.148708409557738
0.053362499999999785      18.994695083768647
0.05347499999999979       18.707933752735574
0.05358749999999979       18.43772492229136
0.05369999999999979       18.515459515897913
0.05381249999999979       18.667488451072085
0.05392499999999979       18.491109685111343
0.054037499999999794      18.3176819898589
0.054149999999999796      18.59892066807186
0.0542624999999998        18.51966623736169
0.0543749999999998        17.99624773154916
0.0544874999999998        17.480379135207013
0.0545999999999998        17.396877040885173
0.0547124999999998        17.309234367761537
0.054824999999999804      16.804300889744432
0.054937499999999806      16.306878128670053
0.05504999999999981       16.21326604506661
0.05516249999999981       16.160090108269852
0.05527499999999981       15.721696410154776
0.05538749999999981       15.29432540665943
0.05549999999999981       14.877959325713348
0.055612499999999815      14.516855347274904
0.055724999999999816      14.103430434341707
0.05583749999999982       13.698810889672037
0.05594999999999982       12.990743117929625
0.05606249999999982       12.427333500065151
0.05617499999999982       12.180053029623533
0.056287499999999824      11.93663440174095
0.056399999999999825      11.150369643947794
0.05651249999999983       10.378266927798846
0.05662499999999983       10.156784290753665
0.05673749999999983       9.939196033385477
0.05684999999999983       9.166892941786273
0.05696249999999983       8.330524433269554
0.057074999999999834      8.05737457549376
0.057187499999999836      7.788816169028908
0.05729999999999984       7.206802797878878
0.05741249999999984       6.463762130020178
0.05752499999999984       6.0523916095273815
0.05763749999999984       5.6546272718905
0.05774999999999984       5.270478504153469
0.057862499999999845      4.745925031701158
0.057974999999999846      4.214623527820938
0.05808749999999985       3.714979093076853
0.05819999999999985       3.5300476101816436
0.05831249999999985       3.1976719460523797
0.05842499999999985       2.6365916776782825
0.058537499999999854      2.1298364096328855
0.058649999999999855      2.0173973825385767
0.058762499999999857      1.839293881066659
0.05887499999999986       1.3863508175501853
0.05898749999999986       0.9985106301645953
0.05909999999999986       0.9025414147795272
0.05921249999999986       0.8043246326173712
0.059324999999999864      0.536689480205032
0.05943749999999987       0.3263515380553093
0.05954999999999987       0.23341705509643085
0.05966249999999987       0.16525699050115508
0.05977499999999987       0.0768327076702032
0.05988749999999987       0.02823529486174628
0.05999999999999987       0.01946564752419852
