0                         1.9157773732011507
2.6666666666666505E-4     15.865694510372505
5.333333333333162E-4      69.01348522262637
7.999999999999813E-4      61.44451928128702
0.0010666666666666602     59.042050757781986
0.0013333333333333253     15.061047688144159
0.0015999999999999903     9.24470544045267
0.0018666666666666554     7.009337459816179
0.0021333333333333204     10.493329901209286
0.0023999999999999855     98.23786651955275
0.0026666666666666644     193.95851543713252
0.0029333333333333295     130.21428360668884
0.0031999999999999945     84.4877859186389
0.0034666666666666596     133.1951793402682
0.0037333333333333246     282.7228688869164
0.00399999999999999       371.2625852976442
0.004266666666666669      474.6056770261248
0.004533333333333334      697.659931415622
0.004799999999999999      1393.295350416605
0.005066666666666664      2543.783577850022
0.005333333333333329      3747.653611617892
0.005599999999999994      5252.987886205052
0.005866666666666659      6980.669801065994
0.006133333333333324      9497.79292513086
0.006399999999999989      13343.715743013016
0.006666666666666668      18767.617345849638
0.006933333333333333      26190.66089640367
0.007199999999999998      36726.79788210622
0.007466666666666663      54670.722250611914
0.007733333333333328      70920.7681211921
0.007999999999999993      102209.15528487037
0.008133333333333333      128318.47349866848
0.008266666666666651      135738.29810945538
0.00839999999999999       148878.0131145809
0.008533333333333323      156496.80590007073
0.008666666666666656      180657.8102492172
0.008799999999999988      199520.28681844866
0.008933333333333328      216695.91616579986
0.00906666666666666       230142.80610599098
0.009199999999999993      234412.3977368061
0.009333333333333332      244675.35846461105
0.009466666666666651      252503.08488200913
0.00959999999999999       271127.0912856234
0.009733333333333316      271572.0968496626
0.009866666666666656      283019.40508356015
0.009999999999999988      271858.48507644655
0.010133333333333328      276299.38695321186
0.01026666666666666       267451.6440151141
0.010399999999999993      254668.9124739001
0.010533333333333332      250275.3473884885
0.010666666666666665      240127.9771866273
0.01079999999999999       241460.67690092168
0.010933333333333337      216918.9994537196
0.011066666666666662      211183.10231980216
0.011199999999999988      193956.6549235386
0.01133333333333332       192905.9878075712
0.01146666666666666       178032.46280462822
0.011599999999999992      163893.84095430764
0.011733333333333325      150895.17659372513
0.011866666666666657      137405.40035071073
0.011999999999999997      127021.01305303768
0.012199999999999996      110662.35074686959
0.012400000000000001      109999.72610534707
0.012599999999999986      110742.58289356728
0.012799999999999992      113429.37840410403
0.01299999999999999       131119.49045271068
0.013199999999999996      149476.55207663844
0.013399999999999995      179678.79687244724
0.013600000000000001      225428.1174700892
0.013799999999999986      279952.9321990947
0.013999999999999985      359466.95290207234
0.01419999999999999       462657.7808396086
0.014400000000000003      587543.253552164
0.014599999999999988      764890.7374945191
0.0148                    972593.3322996368
0.014999999999999993      1233089.9693411798
0.015199999999999991      1578906.6286116713
0.01539999999999999       2024996.4596849054
0.015599999999999996      2551450.729215819
0.015799999999999995      3273289.0943602896
0.015999999999999993      4187443.4799168594
0.016199999999999992      5330489.951642797
0.01639999999999999       6860703.8640174465
0.01659999999999999       8788902.475491473
0.016799999999999995      1.1259036574490609E7
0.017                     1.447364488787504E7
0.017199999999999993      1.850129204715277E7
0.0174                    2.3712450302441835E7
0.017599999999999998      3.035430136937664E7
0.017799999999999996      3.8745574359111756E7
0.017999999999999995      4.9486706571019195E7
0.018133333333333314      5.7809889212581664E7
0.01826666666666664       6.623791826866956E7
0.01839999999999998       7.463651605726151E7
0.018533333333333304      8.29727078897981E7
0.01866666666666665       9.121570091002016E7
0.018799999999999983      9.91742955459759E7
0.018933333333333323      1.066137976429494E8
0.01906666666666665       1.1346567182627447E8
0.01919999999999998       1.1968441961255957E8
0.01933333333333332       1.2506866081705199E8
0.019466666666666646      1.2948636936071357E8
0.01959999999999998       1.3303316286813964E8
0.01973333333333331       1.357108012930114E8
0.01986666666666665       1.3727177647173756E8
0.019999999999999983      1.3761134491648284E8
0.02013333333333331       1.369270570506748E8
0.020266666666666655      1.353462594754352E8
0.020399999999999995      1.3278729549511708E8
0.020533333333333313      1.2922740170953323E8
0.020666666666666646      1.2478341148637217E8
0.020799999999999992      1.1954883536610657E8
0.02093333333333331       1.13542903660042E8
0.02106666666666665       1.0680017385709256E8
0.02119999999999999       9.943142346279834E7
0.02133333333333331       9.159863421342365E7
0.021466666666666648      8.345311435628048E7
0.021599999999999987      7.509781517279235E7
0.021733333333333313      6.6623810441313066E7
0.021866666666666652      5.816269919740682E7
0.021999999999999992      4.991625888802656E7
0.022199999999999977      3.903539185200711E7
0.02239999999999999       3.0623771203840174E7
0.02259999999999998       2.3891414675466117E7
0.022799999999999987      1.8743570193613093E7
0.022999999999999986      1.4660649770547695E7
0.023199999999999978      1.1455557234500913E7
0.023399999999999983      8982944.087792253
0.023599999999999982      7027200.728072936
0.02379999999999998       5495018.753562351
0.02399999999999998       4306233.410962468
0.024199999999999985      3366669.116824066
0.024399999999999984      2642281.004591886
0.02459999999999999       2062490.356574523
0.024799999999999982      1612191.506999685
0.024999999999999994      1275059.498925076
0.02519999999999998       987980.4677358588
0.025399999999999992      773927.2330020153
0.025599999999999977      615112.6385404244
0.02579999999999999       473986.8032085029
0.025999999999999995      373913.2215368902
0.026199999999999994      297187.2768093843
0.026399999999999993      229322.299048891
0.0266                    181760.999130973
0.02679999999999999       144923.20746556186
0.026999999999999996      113030.40779236455
0.027200000000000002      89764.69298029566
0.0274                    70900.84756334698
0.0276                    56500.528758034474
0.027800000000000005      45384.112471293025
0.027999999999999997      35851.991639882835
0.02813333333333335       31788.801692356203
0.02826666666666669       25641.87161853192
0.02840000000000003       23686.24151065229
0.028533333333333348      19481.184278414996
0.028666666666666688      16057.970592424694
0.028800000000000027      15182.725579774064
0.028933333333333353      11742.366247433389
0.029066666666666685      9426.839151465909
0.029200000000000018      8367.843771194865
0.02933333333333335       5771.430317155678
0.029466666666666683      5519.98341065167
0.029600000000000015      3828.9153789273023
0.02973333333333334       3115.286610763801
0.029866666666666666      2811.416946108235
0.030000000000000013      1977.9056337064371
0.03013333333333334       2472.804408521744
0.03026666666666667       1739.578819989671
0.03040000000000001       1596.3582116817165
0.030533333333333336      1512.5680207831242
0.03066666666666667       1118.9239922274598
0.0308                    1398.0922253661392
0.030933333333333334      1116.2030072147502
0.031066666666666666      865.7628145300599
0.0312                    1255.2438210840219
0.031333333333333345      522.0624268067006
0.031466666666666664      610.8746800514123
0.0316                    596.1975792227059
0.031733333333333336      255.16191823179693
0.03186666666666666       236.7287772100902
0.031999999999999994      175.96642198784338
0.03219999999999998       122.49517430277778
0.03239999999999999       128.19040202423042
0.032599999999999976      76.13605294386822
0.03279999999999999       80.57563385546764
0.03299999999999998       54.14012217376011
0.03319999999999997       42.36943522051254
0.033399999999999985      37.52800030630623
0.03359999999999999       35.8365667961566
0.03379999999999997       36.678308794994514
0.033999999999999975      59.0175861487762
0.03419999999999997       8.88767594049664
0.03439999999999997       35.71354671003171
0.034599999999999985      23.994141969280903
0.03479999999999997       34.15381655813193
0.03499999999999998       38.24565946518547
0.03519999999999997       109.08647720909016
0.03539999999999997       68.894785099418
0.03559999999999998       63.77086855578504
0.03579999999999997       51.059426580239254
0.03599999999999997       23.355881174167227
0.036199999999999975      13.385247619293004
0.036399999999999974      2.808788250050081
0.036599999999999966      8.004405062877254
0.036799999999999965      6.7675869016358625
0.03699999999999997       14.54241627664787
0.03719999999999996       32.96759410875107
0.037399999999999975      112.34315790660894
0.03759999999999997       116.95146878582295
0.03779999999999995       272.77727339729245
0.03799999999999999       195.6623094344655
0.038133333333333366      293.66776155184454
0.0382666666666667        287.7768233015712
0.038400000000000024      303.09540392897793
0.038533333333333364      415.9490230239556
0.03866666666666669       238.4595210947002
0.038800000000000015      185.63045569466846
0.03893333333333335       182.49744403696522
0.03906666666666669       479.3520648288518
0.039200000000000026      705.6830988464844
0.039333333333333345      855.0934662725058
0.03946666666666668       479.0226172161598
0.03960000000000001       451.12512561180944
0.03973333333333334       333.32812042043525
0.039866666666666675      448.9171752347297
0.04000000000000001       812.4863675424573
0.04013333333333334       698.4220242336012
0.04026666666666667       713.0597836028802
0.040400000000000005      244.52858465656544
0.04053333333333334       252.4557380569525
0.04066666666666667       246.87659083614864
0.0408                    173.33816145034277
0.04093333333333335       102.87390396857123
0.04106666666666667       69.17995373702975
0.04120000000000001       81.56516358342603
0.04133333333333333       78.93129260415881
0.041466666666666666      111.0743741616964
0.0416                    77.23308252588771
0.04173333333333333       244.2602826655626
0.04186666666666666       130.2722688207526
0.041999999999999996      143.79396313809838
0.042199999999999946      77.33841332693942
0.042399999999999945      62.368601871646156
0.04259999999999995       30.818204345612806
0.042799999999999935      49.7835529908882
0.04299999999999992       23.382418074448974
0.04319999999999992       20.068070354769862
0.04339999999999992       17.18562882830966
0.04359999999999992       14.005121307827276
0.04379999999999991       12.491288634309806
0.0439999999999999        23.335806903395603
0.044199999999999906      5.685392513078588
0.044399999999999884      12.8004013189484
0.04459999999999989       19.25845802878508
0.0447999999999999        7.524742950329472
0.04499999999999989       1.237820416694314
0.04519999999999987       3.338414276719758
0.04539999999999988       14.753481351006707
0.04559999999999988       3.118084406042709
0.04579999999999986       13.926343116810866
0.04599999999999985       34.771254839950586
0.04619999999999985       43.2256970641463
0.046399999999999844      47.15811933701923
0.04659999999999984       93.48310444811015
0.046799999999999835      80.8275132342198
0.046999999999999834      126.57059316319076
0.047199999999999825      59.91370394478575
0.04739999999999983       132.23591338011337
0.047599999999999816      50.367852985558066
0.04779999999999981       66.13820128118583
0.04799999999999999       82.03469696817314
0.04813333333333313       46.50885847304109
0.04826666666666649       76.51175975706361
0.04839999999999982       178.0044653603926
0.04853333333333315       226.22938968126346
0.04866666666666648       160.75859369621142
0.048799999999999844      117.84539472485521
0.04893333333333317       137.93271089580577
0.049066666666666515      184.48603108328956
0.04919999999999985       241.15645833331638
0.0493333333333332        310.9140780237014
0.04946666666666652       307.87934910682986
0.049599999999999866      194.4934508750458
0.04973333333333321       86.0294710613814
0.049866666666666545      41.020397094795584
0.04999999999999989       57.25317546586127
0.05013333333333321       150.71025290478474
0.05026666666666656       224.082199508877
0.0503999999999999        184.53632940463237
0.050533333333333236      101.93707202207074
0.05066666666666657       54.553469984122835
0.050799999999999915      52.02244342996812
0.05093333333333325       54.682742646620646
0.05106666666666659       32.38053119324737
0.05119999999999994       26.0619015602218
0.051333333333333286      51.32784518602794
0.05146666666666661       91.89298128205627
0.05159999999999997       82.6030776206939
0.051733333333333284      54.926150821750454
0.05186666666666662       61.580353850826114
0.05199999999999999       58.15556375563837
0.052266666666666656      46.123193318538746
0.05253333333333332       24.5593889280714
0.05279999999999998       7.502104354498702
0.05306666666666665       12.461913406542214
0.05333333333333331       17.215231083812576
0.05359999999999997       26.68000856665939
0.053866666666666625      27.513690394222944
0.054133333333333276      27.06377537030696
0.05439999999999994       45.58892135999451
0.054666666666666607      97.87385168322223
0.05493333333333326       122.76223049720915
0.055199999999999916      103.0045336351186
0.055466666666666574      70.35796523496612
0.055733333333333246      12.233617547081854
0.0559999999999999        14.062889843215522
0.056266666666666555      59.045562747776465
0.05653333333333324       59.931829137157635
0.05679999999999987       51.18206168979595
0.05706666666666656       64.05067757608838
0.05733333333333319       86.55525979188572
0.05759999999999985       149.91298253358113
0.05786666666666651       189.48323635613477
0.05813333333333318       129.8523437475348
0.058399999999999855      39.67076137785612
0.058666666666666506      26.685883877403164
0.05893333333333316       80.93166076448624
0.05919999999999982       146.4124555086681
0.05946666666666647       139.6301852495816
0.059733333333333145      61.877294750335864
0.05999999999999999       3.2018563199271446
