0                         10421.401487248017
6.666666666666626E-5      10496.820077465409
1.3333333333333426E-4     10576.14847327652
2.0000000000000052E-4     10656.049776756656
2.666666666666668E-4      10739.70978741598
3.3333333333333305E-4     10964.276749134875
3.999999999999993E-4      11193.38377605677
4.6666666666666384E-4     11422.100030245567
5.333333333333318E-4      11646.58514444865
5.999999999999981E-4      12023.701642800635
6.666666666666661E-4      12404.603698824956
7.333333333333324E-4      12793.43903967915
8.000000000000004E-4      13195.794108821594
8.666666666666649E-4      13784.74547558665
9.333333333333329E-4      14391.534952163807
0.0010000000000000009     15010.365242730995
0.0010666666666666672     15638.911201494691
0.0011333333333333351     16496.659558958927
0.0012000000000000014     17381.572117957563
0.0012666666666666694     18290.13845094125
0.001333333333333334      19217.875742216904
0.001400000000000002      20441.780290556166
0.0014666666666666665     21713.94665830775
0.0015333333333333327     23029.980693114456
0.001599999999999999      24384.045021639322
0.001666666666666667      26086.958459643483
0.0017333333333333333     27854.355263259804
0.0018000000000000013     29681.367838579074
0.0018666666666666675     31562.523205997124
0.0019333333333333338     33950.40809890784
0.002                     36419.63772040927
0.002066666666666668      38961.00549854709
0.0021333333333333326     41566.16703797865
0.0022000000000000006     44854.46461731463
0.002266666666666666      48288.53696488072
0.002333333333333333      51857.197058452635
0.0024000000000000002     55547.13205600862
0.0024666666666666665     60134.39510796135
0.0025333333333333328     64914.99700063474
0.0026                    69873.9514713328
0.002666666666666666      74991.0061506842
0.0027333333333333333     81358.96454866498
0.0027999999999999995     88010.8179561627
0.0028666666666666667     94926.23876982796
0.002933333333333334      102076.93590074294
0.003                     110896.47025239859
0.0030666666666666663     120126.34193482503
0.0031333333333333326     129738.53656880838
0.0031999999999999997     139695.6373916619
0.003266666666666667      152020.28389871522
0.003333333333333333      164901.2134273477
0.0033999999999999994     178292.7465953881
0.0034666666666666665     192135.13291967908
0.0035333333333333328     209157.41961353517
0.003599999999999999      226979.70685320802
0.003666666666666666      245548.55232711643
0.0037333333333333324     264790.0385067103
0.0037999999999999987     288463.1352012296
0.003866666666666666      313226.9855717893
0.003933333333333334      339004.44612418796
0.004                     365689.07247427903
0.004066666666666667      398613.60998911125
0.004133333333333333      433075.65269489406
0.0042                    468967.56063835404
0.004266666666666666      506141.0649766263
0.004333333333333332      551768.815968142
0.0043999999999999985     599505.4623501927
0.004466666666666665      649201.7120966049
0.004533333333333331      700651.2945904091
0.004599999999999997      764016.6430695346
0.0046666666666666645     830354.8445397523
0.004733333333333331      899459.2938692152
0.004799999999999997      971044.9789944028
0.004866666666666663      1058970.3707571412
0.00493333333333333       1151084.4651554504
0.004999999999999997      1247106.4957320695
0.005066666666666663      1346647.8482437576
0.005133333333333329      1468965.7120683102
0.005199999999999995      1596987.0059844991
0.0052666666666666626     1730308.1380562661
0.005333333333333329      1868372.4110412751
0.005399999999999995      2038120.4489260907
0.005466666666666661      2215909.507837461
0.005533333333333328      2401195.4469353175
0.005599999999999994      2593221.0674762735
0.00566666666666666       2829086.5460973554
0.005733333333333326      3076034.2739849053
0.005799999999999993      3333295.1763414936
0.005866666666666659      3599802.298915096
0.005933333333333327      3927446.8225055896
0.005999999999999993      4270490.232190917
0.0060666666666666594     4627863.668402864
0.006133333333333326      4998084.304233691
0.006199999999999992      5452775.857158688
0.006266666666666658      5929011.671132348
0.0063333333333333245     6425327.038374975
0.006399999999999991      6939686.318740351
0.006466666666666657      7571788.514748629
0.006533333333333323      8233668.280226375
0.0065999999999999896     8923268.899912223
0.006666666666666656      9637735.923802271
0.006733333333333322      1.0515328163630297E7
0.006799999999999988      1.143432055309771E7
0.006866666666666655      1.2391867644531252E7
0.006933333333333321      1.3384014796202376E7
0.006999999999999987      1.4602615537255276E7
0.007066666666666653      1.587869787866957E7
0.00713333333333332       1.72083038642417E7
0.007199999999999986      1.8585937098189496E7
0.007266666666666652      2.027884626538746E7
0.0073333333333333185     2.205177931162634E7
0.007399999999999985      2.3899262555073686E7
0.007466666666666651      2.5813684064745642E7
0.007533333333333317      2.816525905613084E7
0.0075999999999999835     3.062772438880375E7
0.00766666666666665       3.319344299985428E7
0.007733333333333316      3.585180532877308E7
0.007799999999999987      3.911779673878842E7
0.007866666666666657      4.2537910279762074E7
0.007933333333333327      4.6101551670455195E7
0.007999999999999997      4.980874626020003E7
0.007999999999999997      4.9787477884546734E7
0.00803333333333333       5.180258414129287E7
0.008066666666666663      5.385782544128303E7
0.008099999999999996      5.595320239384395E7
0.00813333333333333       5.808978654000376E7
0.008166666666666662      6.015389077409368E7
0.008199999999999995      6.225308819892609E7
0.008233333333333329      6.438844860353143E7
0.008266666666666662      6.6561054878091276E7
0.008299999999999995      6.86408671818796E7
0.008333333333333328      7.075157016038734E7
0.008366666666666661      7.289425216699886E7
0.008399999999999994      7.506999834636599E7
0.008433333333333327      7.71325337038658E7
0.00846666666666666       7.922196211429103E7
0.008499999999999994      8.133936791027418E7
0.008533333333333327      8.34858155964917E7
0.00856666666666666       8.549913278014232E7
0.008599999999999993      8.753550693576235E7
0.008633333333333326      8.959599581335518E7
0.00866666666666666       9.168162109638283E7
0.008699999999999992      9.361456604429218E7
0.008733333333333326      9.556669462914412E7
0.008766666666666659      9.753903264771113E7
0.008799999999999992      9.953255417291917E7
0.008833333333333325      1.0135454525344555E8
0.008866666666666658      1.0319211866631015E8
0.008899999999999991      1.050462499992394E8
0.008933333333333324      1.0691784831540361E8
0.008966666666666658      1.0860037112953487E8
0.00899999999999999       1.1029521628764245E8
0.009033333333333324      1.120032871049585E8
0.009066666666666657      1.1372540659469742E8
0.00909999999999999       1.1524220675425996E8
0.009133333333333323      1.1676824901250777E8
0.009166666666666656      1.1830436243024825E8
0.00919999999999999       1.198512832494778E8
0.009233333333333323      1.2117816315722856E8
0.009266666666666656      1.2251162118176916E8
0.009299999999999989      1.23852397523066E8
0.009333333333333322      1.2520112855931395E8
0.009366666666666655      1.2631712435622606E8
0.009399999999999988      1.2743754272363408E8
0.009433333333333321      1.2856300865123257E8
0.009466666666666654      1.2969403352933611E8
0.009499999999999988      1.3058165390444838E8
0.00953333333333332       1.3147186772450876E8
0.009566666666666654      1.3236518619084165E8
0.009599999999999987      1.332619989297446E8
0.00963333333333332       1.3390682881444986E8
0.009666666666666653      1.3455286791640085E8
0.009699999999999986      1.3520051262731773E8
0.00973333333333332       1.3585003178988615E8
0.009766666666666653      1.3624139957085198E8
0.009799999999999986      1.3663313580065426E8
0.009833333333333319      1.370255030717995E8
0.009866666666666652      1.3741863234072912E8
0.009899999999999985      1.375498747058349E8
0.009933333333333318      1.37681102344172E8
0.009966666666666651      1.3781244707100064E8
0.009999999999999985      1.3794390702174127E8
0.010033333333333318      1.378122122230662E8
0.01006666666666665       1.3768063948907006E8
0.010099999999999984      1.3754919672509044E8
0.010133333333333317      1.3741775846818113E8
0.01016666666666665       1.3702445445108438E8
0.010199999999999983      1.3663192526080254E8
0.010233333333333317      1.3624003692021468E8
0.01026666666666665       1.3584852379780617E8
0.010299999999999983      1.351988534108783E8
0.010333333333333316      1.345510450591406E8
0.010366666666666649      1.3390482388710988E8
0.010399999999999982      1.3325978787201874E8
0.010433333333333315      1.3236275078877695E8
0.010466666666666648      1.3146919091366453E8
0.010499999999999982      1.3057871606014128E8
0.010533333333333315      1.2969081241281298E8
0.010566666666666648      1.2855949317274474E8
0.010599999999999981      1.2743371958090813E8
0.010633333333333314      1.2631297964421222E8
0.010666666666666647      1.2519664763340876E8
0.01069999999999998       1.2384758234842268E8
0.010733333333333313      1.2250648863369766E8
0.010766666666666647      1.2117273410162026E8
0.01079999999999998       1.1984558226883855E8
0.010833333333333313      1.1829845483423565E8
0.010866666666666646      1.1676219824290575E8
0.01089999999999998       1.1523608299385963E8
0.010933333333333312      1.137192866462821E8
0.010966666666666645      1.1199726001336274E8
0.010999999999999979      1.1028931741320018E8
0.011033333333333312      1.0859463775616631E8
0.011066666666666645      1.0691231966535747E8
0.011099999999999978      1.050409203060494E8
0.011133333333333311      1.0318693651335964E8
0.011166666666666644      1.0134945240164703E8
0.011199999999999977      9.952748601906973E7
0.01123333333333331       9.753390544435604E7
0.011266666666666644      9.55614386277861E7
0.011299999999999977      9.360910695004377E7
0.01133333333333331       9.167588036213568E7
0.011366666666666643      8.958993578435381E7
0.011399999999999976      8.752910776449187E7
0.01143333333333331       8.549237351595876E7
0.011466666666666642      8.347867420532593E7
0.011499999999999976      8.13318640124886E7
0.011533333333333309      7.92141270814416E7
0.011566666666666642      7.712440141656238E7
0.011599999999999975      7.506160510822973E7
0.011633333333333308      7.288568180519423E7
0.011666666666666641      7.074291213189279E7
0.011699999999999974      6.863221514703026E7
0.011733333333333307      6.655250652024791E7
0.01176666666666664       6.43801345487138E7
0.011799999999999974      6.2245074177609295E7
0.011833333333333307      6.014624513816701E7
0.01186666666666664       5.808258041142268E7
0.011899999999999973      5.5946454147193804E7
0.011933333333333306      5.385145955337268E7
0.01196666666666664       5.179652104860727E7
0.011999999999999972      4.9781634183633044E7
0.011999999999999972      4.9917637916320436E7
0.012044444444444417      4.736001759844018E7
0.01208888888888886       4.486967925270032E7
0.012133333333333307      4.244662072098896E7
0.012177777777777753      4.0094351100537494E7
0.012222222222222197      3.804326689347132E7
0.012266666666666641      3.6042979654752485E7
0.012311111111111085      3.409697748114767E7
0.01235555555555553       3.22080597064063E7
0.012399999999999974      3.05609467074016E7
0.012444444444444418      2.8954347152469523E7
0.012488888888888862      2.739108478016125E7
0.012533333333333306      2.58734286200137E7
0.01257777777777775       2.4550132351481143E7
0.012622222222222194      2.3259584913431384E7
0.012666666666666639      2.200404031559441E7
0.012711111111111083      2.0785308105508655E7
0.012755555555555527      1.972246388316691E7
0.012799999999999971      1.8685599582797945E7
0.012844444444444415      1.7676549148049373E7
0.01288888888888886       1.6696790248905506E7
0.012933333333333304      1.5842244582944943E7
0.012977777777777748      1.5008889733155081E7
0.013022222222222192      1.4198174411985226E7
0.013066666666666636      1.3411260689780569E7
0.01311111111111108       1.272516760433203E7
0.013155555555555525      1.2056020025696062E7
0.013199999999999969      1.1404988491291413E7
0.013244444444444413      1.0773012726171292E7
0.013288888888888857      1.0221824459413406E7
0.013333333333333301      9684279.734683964
0.013377777777777745      9161316.00471591
0.01342222222222219       8653685.5393916
0.013466666666666634      8211225.726544263
0.013511111111111078      7779642.5396860875
0.013555555555555522      7359694.810615234
0.013599999999999966      6951992.36117175
0.01364444444444441       6596261.414544938
0.013688888888888855      6249281.384036126
0.013733333333333299      5911662.747733335
0.013777777777777743      5583896.285411
0.013822222222222187      5298193.764095368
0.013866666666666631      5019611.3543430185
0.013911111111111076      4748630.937539132
0.01395555555555552       4485639.553380795
0.013999999999999964      4256250.714890069
0.014044444444444408      4032498.810026739
0.014088888888888852      3814777.5077340873
0.014133333333333296      3603403.230775892
0.01417777777777774       3419132.6811400517
0.014222222222222185      3239429.3867832506
0.014266666666666629      3064607.355790948
0.014311111111111073      2894918.9720842293
0.014355555555555517      2746958.781226873
0.014399999999999961      2602565.794934622
0.014444444444444406      2461998.137230592
0.01448888888888885       2325466.1213215934
0.014533333333333294      2206341.0313424557
0.014577777777777738      2090234.7564087696
0.014622222222222182      1977341.1867046428
0.014666666666666626      1867816.7249793373
0.01471111111111107       1772354.1897669148
0.014755555555555515      1679217.9277501816
0.014799999999999959      1588572.832848237
0.014844444444444403      1500551.925115121
0.014888888888888847      1423787.723383933
0.014933333333333292      1348934.0484541233
0.014977777777777736      1276120.7489345241
0.01502222222222218       1205452.0794760203
0.015066666666666624      1143847.0310294293
0.015111111111111068      1083738.848960077
0.015155555555555512      1025234.1783043463
0.015199999999999957      968419.188925809
0.0152444444444444        918821.7069009595
0.015288888888888845      870445.6053248036
0.015333333333333289      823376.5240550917
0.015377777777777733      777683.678932522
0.015422222222222177      737898.5446326024
0.015466666666666622      699124.2352796006
0.015511111111111066      661426.460603426
0.01555555555555551       624859.0666504676
0.015599999999999954      592930.4782484182
0.0156444444444444        561777.4978244264
0.015688888888888843      531455.3482050603
0.015733333333333287      502008.64161112043
0.01577777777777773       476359.79687361827
0.015822222222222175      451341.6959829273
0.01586666666666662       426998.4369624246
0.015911111111111063      403365.6243718997
0.015955555555555508      382737.5245162546
0.015999999999999952      362591.35881585936
0.016044444444444396      342965.39650262514
0.01608888888888884       323892.527600065
0.016133333333333284      307255.8735225353
0.01617777777777773       291059.58235651086
0.016222222222222173      275326.239160145
0.016266666666666617      260074.9898130847
0.01631111111111106       246790.03052023792
0.016355555555555505      233824.53892737027
0.01639999999999995       221201.52518251704
0.016444444444444394      208939.79188330524
0.016488888888888838      198233.22953009343
0.016533333333333282      187800.21242485722
0.016577777777777726      177657.72478286226
0.01662222222222217       167819.65241511515
0.016666666666666614      159255.8891806824
0.01671111111111106       150891.0906136527
0.016755555555555503      142740.21421192956
0.016799999999999947      134816.38447299943
0.01684444444444439       127897.01503026781
0.016888888888888835      121158.31482295746
0.01693333333333328       114610.35570061849
0.016977777777777724      108261.60787014192
0.017022222222222168      102737.47666336369
0.017066666666666612      97354.00455358198
0.017111111111111056      92121.26305544142
0.0171555555555555        87048.24758961276
0.017199999999999944      82620.79137653309
0.01724444444444439       78297.20722759653
0.017288888888888833      74084.41608225182
0.017333333333333277      69988.22324840422
0.01737777777777772       66407.569128136
0.017422222222222165      62918.3274972318
0.01746666666666661       59526.28317838947
0.017511111111111054      56236.12983702817
0.017555555555555498      53367.47263896216
0.017599999999999942      50562.59256990063
0.017644444444444386      47826.954227345115
0.01768888888888883       45165.49210675809
0.017733333333333275      42835.48575710577
0.01777777777777772       40565.34608453537
0.017822222222222163      38358.83442796245
0.017866666666666607      36219.02755572379
0.01791111111111105       34358.77138027509
0.017955555555555495      32549.5492490197
0.01799999999999994       30793.866948883253
0.018044444444444384      29094.638945140796
0.018088888888888828      27616.527186005813
0.018133333333333272      26172.684403490777
0.018177777777777716      24764.89517848604
0.01822222222222216       23394.953980550476
0.018266666666666605      22194.714711086002
0.01831111111111105       21023.789281062025
0.018355555555555493      19884.264719240648
0.018399999999999937      18777.88016464924
0.01844444444444438       17815.746951870166
0.018488888888888826      16878.813872112285
0.01853333333333327       15968.64866160988
0.018577777777777714      15086.646047876578
0.018622222222222158      14316.485935153936
0.018666666666666602      13562.804411381398
0.018711111111111046      12827.262522400446
0.01875555555555549       12111.734997208749
0.018799999999999935      11487.493240058398
0.01884444444444438       10880.999267518211
0.018888888888888823      10292.282842799259
0.018933333333333267      9721.545675165751
0.01897777777777771       9225.20206206024
0.019022222222222156      8742.011734684671
0.0190666666666666        8273.323026607528
0.019111111111111044      7820.4969476815
0.019155555555555488      7425.179521413351
0.019199999999999932      7037.021244157785
0.019244444444444377      6656.37841932533
0.01928888888888882       6284.338648598987
0.019333333333333265      5958.839668507763
0.01937777777777771       5643.048165635287
0.019422222222222153      5336.819816636356
0.019466666666666597      5040.178218586223
0.01951111111111104       4782.559596306273
0.019555555555555486      4531.744692565405
0.01959999999999993       4288.179657665287
0.019644444444444374      4052.307048722562
0.01968888888888882       3845.680520171568
0.019733333333333263      3643.3438129074048
0.019777777777777707      3445.82991566648
0.01982222222222215       3253.843894148634
0.019866666666666595      3086.9389539431063
0.01991111111111104       2924.7638010008077
0.019955555555555483      2767.386397759034
0.019999999999999928      2615.4760332996802
0.02004444444444437       2485.3512860853702
0.020088888888888816      2359.333036031481
0.02013333333333326       2237.0755086599975
0.020177777777777704      2118.2792430588697
0.02022222222222215       2010.7088445109755
0.020266666666666593      1903.339934899106
0.020311111111111037      1796.9318141914669
0.02035555555555548       1692.712644935813
0.020399999999999925      1603.4180288275995
0.02044444444444437       1518.475008577442
0.020488888888888813      1437.224571269878
0.020533333333333258      1359.4803529691396
0.020577777777777702      1292.4319410280254
0.020622222222222146      1226.139906440703
0.02066666666666659       1160.4464345028437
0.020711111111111034      1095.4490291810573
0.02075555555555548       1036.8575988354416
0.020799999999999923      980.2798409647617
0.020844444444444367      925.9251020148911
0.02088888888888881       874.0025744841942
0.020933333333333255      829.2601309319774
0.0209777777777777        785.5192607864891
0.021022222222222144      743.1294401429714
0.021066666666666588      703.2619608934104
0.021111111111111032      670.7621424781964
0.021155555555555476      639.5407002011531
0.02119999999999992       608.4798589014554
0.021244444444444364      576.9358331500816
0.02128888888888881       546.0251307421751
0.021333333333333253      515.3791979469171
0.021377777777777697      485.25078865525404
0.02142222222222214       456.06633643507035
0.021466666666666585      431.72993634172576
0.02151111111111103       408.7298285713511
0.021555555555555474      386.882928030912
0.021599999999999918      366.2830707250786
0.021644444444444362      348.36125243492705
0.021688888888888806      330.1506312703342
0.02173333333333325       311.7838277482721
0.021777777777777695      293.73520200854693
0.02182222222222214       278.2819889086503
0.021866666666666583      263.96580721128555
0.021911111111111027      250.1205129672003
0.02195555555555547       236.36474085067334
0.021999999999999915      223.59055568287633
0.022044444444444363      211.65727531256152
0.022088888888888807      201.35187909974147
0.02213333333333325       193.73761747667868
0.022177777777777696      188.3835123431517
0.022222222222222136      181.76189999199477
0.02226666666666658       172.99692303229972
0.022311111111111025      162.23779559735308
0.02235555555555547       151.246564056176
0.022399999999999913      141.55443078312135
0.022444444444444357      132.75856589026884
0.0224888888888888        124.59205456310234
0.022533333333333246      117.6334309283113
0.02257777777777769       111.09618170848645
0.022622222222222134      104.90492712125516
0.022666666666666578      99.058837697567
0.022711111111111022      94.42275786129225
0.022755555555555466      90.02632997107587
0.02279999999999991       86.34087162893574
0.022844444444444355      84.20937618926357
0.0228888888888888        80.45229317173798
0.022933333333333243      75.04817989186168
0.022977777777777687      68.68140410019863
0.02302222222222213       63.31578093554331
0.023066666666666576      60.9252472529373
0.02311111111111102       59.30306931041682
0.023155555555555464      56.750591517848044
0.023199999999999908      52.83660900955574
0.023244444444444352      48.608975789070435
0.023288888888888797      45.64110856894166
0.02333333333333324       43.220439312608974
0.023377777777777685      41.33875785462165
0.02342222222222213       40.38949580701859
0.023466666666666573      38.67749956923494
0.023511111111111017      35.848005310542945
0.02355555555555546       32.834118904422894
0.023599999999999906      31.636519116884674
0.02364444444444435       30.91691406649551
0.023688888888888794      29.37443533053368
0.02373333333333324       27.112901498324767
0.023777777777777682      25.25218907884194
0.023822222222222127      24.639028627396453
0.02386666666666657       24.44874744425852
0.023911111111111015      24.101028817014978
0.02395555555555546       22.25098537161905
0.023999999999999903      20.4007544705331
0.024044444444444348      18.768104985235478
0.02408888888888879       17.666302206035724
0.024133333333333236      17.3642778399197
0.02417777777777768       16.809182517152074
0.024222222222222124      15.845210143156965
0.02426666666666657       14.571686226480054
0.024311111111111013      13.263535134487102
0.024355555555555457      12.407738143641392
0.0243999999999999        12.214345284627106
0.024444444444444345      12.992894910773446
0.02448888888888879       12.960625352978322
0.024533333333333233      11.819546298118802
0.024577777777777678      10.117764879047701
0.024622222222222122      9.335143351370258
0.024666666666666566      10.1993321944065
0.02471111111111101       10.41550724657812
0.024755555555555454      9.24793731793388
0.0247999999999999        7.40984744724889
0.024844444444444343      6.879740960688688
0.024888888888888787      7.549377808399349
0.024933333333333235      8.807738882990911
0.024977777777777675      10.840216409854813
0.02502222222222212       13.782727685458498
0.025066666666666564      15.756848460223072
0.025111111111111008      15.966318918901429
0.025155555555555452      14.218847159441964
0.025199999999999896      11.005683563379936
0.02524444444444434       9.058692678671697
0.025288888888888784      8.127152054991512
0.02533333333333323       8.28163540826049
0.025377777777777673      10.821019213241655
0.025422222222222114      13.362111133258711
0.02546666666666656       15.795269687031205
0.025511111111111005      19.093490680691687
0.02555555555555545       17.115139355522366
0.025599999999999894      16.349567305024628
0.025644444444444338      15.640505634968532
0.025688888888888782      14.579905152753135
0.025733333333333226      15.849529909412228
0.02577777777777767       17.69801509461626
0.025822222222222115      19.919190027111725
0.02586666666666656       22.383723399850105
0.025911111111111006      21.033691172092176
0.02595555555555545       19.323923568700632
0.02599999999999989       18.035364876539784
0.026044444444444335      18.19683260800332
0.026088888888888776      17.13006228889805
0.026133333333333224      13.909288716536958
0.026177777777777668      9.28740216401278
0.026222222222222112      5.237444628574795
0.026266666666666556      4.722140479062668
0.026311111111111         5.964956719460176
0.026355555555555445      8.197163456797792
0.026399999999999896      12.70768370284066
0.026444444444444336      17.630118762921906
0.02648888888888878       18.681318837517026
0.026533333333333225      15.275238408878392
0.02657777777777767       8.993266905838487
0.026622222222222113      4.784812244030977
0.02666666666666656       2.4105699510741863
0.026711111111111005      1.1006171890002319
0.02675555555555545       0.7795381231041822
0.026799999999999893      1.3034415810731113
0.026844444444444338      2.06048921364955
0.02688888888888878       3.2309580807937994
0.026933333333333226      5.922116673500202
0.02697777777777767       11.370895251246854
0.027022222222222114      15.723996555794464
0.02706666666666656       16.932905330145267
0.027111111111111003      14.406481670001723
0.027155555555555447      8.474409282157827
0.027199999999999894      4.434648864785955
0.02724444444444434       1.918052590973849
0.027288888888888783      0.6493836477161359
0.027333333333333227      0.6258606671769523
0.027377777777777668      1.0280471294098101
0.027422222222222115      1.42835286805104
0.02746666666666656       1.578285756003294
0.027511111111111004      1.303005560873107
0.027555555555555448      1.276730316439205
0.027599999999999892      1.6431829486540186
0.027644444444444336      2.5702474554013905
0.027688888888888784      1.8754547111628115
0.027733333333333228      0.9954219614247704
0.027777777777777672      0.28574179627700114
0.027822222222222116      0.35994250625603785
0.02786666666666656       0.5448960607121647
0.027911111111111005      0.5883734170686273
0.02795555555555545       0.7961352536599717
0.027999999999999893      1.9777609405286094
0.028044444444444337      3.658735457496778
0.028088888888888785      4.16362694616087
0.02813333333333323       3.0422891815876163
0.028177777777777673      1.0524869281154496
0.02822222222222212       0.15951230108830886
0.028266666666666565      0.9963240127960347
0.028311111111111006      2.3756189011073645
0.02835555555555545       3.6531004883567593
0.02839999999999989       3.501656380664363
0.028444444444444338      3.338810301825916
0.028488888888888782      2.881466895506038
0.028533333333333227      2.1197389297895617
0.02857777777777767       2.3386578668514346
0.028622222222222115      3.4912655741529304
0.02866666666666656       5.387052560531238
0.02871111111111101       7.895236044115121
0.02875555555555545       7.45149286943431
0.028799999999999895      5.398919943159536
0.02884444444444434       2.6363078608961987
0.028888888888888783      0.7665179029017155
0.028933333333333228      0.9433880394135516
0.028977777777777675      2.329127482770554
0.02902222222222212       3.9338175126134303
0.029066666666666564      5.2447746826110615
0.029111111111111008      6.02177132001851
0.029155555555555452      6.596022353250616
0.029199999999999896      6.7050441829068435
0.02924444444444434       6.281886024963464
0.029288888888888785      5.89991825619436
0.02933333333333323       5.598982855064772
0.029377777777777673      5.293422515394339
0.029422222222222117      4.927000518048857
0.029466666666666565      3.9733777801166306
0.02951111111111101       2.8298146683595164
0.029555555555555453      2.019463344672888
0.029599999999999897      2.262383419547652
0.02964444444444434       3.3758932667606496
0.029688888888888782      4.4079718547298254
0.02973333333333323       4.598413707942625
0.029777777777777674      3.7213793581821104
0.029822222222222118      2.3259754526731244
0.029866666666666562      1.4762736863526702
0.02991111111111101       0.9868569561790203
0.029955555555555454      0.7547787608723057
0.029999999999999902      1.0207629246613494
0.030044444444444342      1.3296333321081946
0.030088888888888787      1.6203884197067993
0.03013333333333323       1.8571863901516936
0.030177777777777675      1.4703756541994766
0.03022222222222212       1.3081208729784561
0.030266666666666563      1.4524282635845631
0.030311111111111008      1.9950539764420312
0.03035555555555545       3.178844594970326
0.0303999999999999        4.296818722146032
0.030444444444444344      5.1995695883743025
0.030488888888888788      5.821460404415922
0.030533333333333235      5.064742564063539
0.03057777777777768       3.690175069335012
0.03062222222222212       2.082621073356391
0.030666666666666564      0.8660702128824783
0.03071111111111101       0.7144691592157999
0.030755555555555456      1.2042295889010586
0.0307999999999999        1.8585653448710056
0.030844444444444345      2.339897645614198
0.03088888888888879       2.4997611647272366
0.030933333333333233      2.5651548079075295
0.030977777777777677      2.5112736394614337
0.031022222222222125      2.3337097277910015
0.031066666666666565      2.1186006188721014
0.03111111111111101       1.6916217968259677
0.031155555555555454      1.1275657554770864
0.031199999999999898      0.546901664152683
0.031244444444444342      0.05732500753407337
0.03128888888888879       0.1097460403210179
0.031333333333333234      0.8992724315011252
0.03137777777777768       2.6432734338913795
0.031422222222222115      4.583338040415352
0.03146666666666656       5.6845368876276625
0.031511111111111004      5.568867659915315
0.03155555555555545       4.333430946345613
0.03159999999999989       2.4154391723398567
0.031644444444444336      1.100302140520939
0.03168888888888878       0.31035950244229804
0.031733333333333225      0.11422293205984224
0.03177777777777767       0.45503355567439224
0.03182222222222211       0.9300514541314387
0.03186666666666656       1.4541709853231475
0.031911111111111         2.0696382945569605
0.031955555555555445      3.591819633584965
0.03199999999999989       5.630535356110777
0.032044444444444334      7.825275614456225
0.03208888888888878       9.886085888384908
0.03213333333333322       9.152564263242976
0.032177777777777666      7.345875015001832
0.03222222222222211       5.138567999173949
0.032266666666666555      3.5876855320084116
0.032311111111111         3.6358307733516186
0.03235555555555544       3.849629881528823
0.03239999999999989       3.4886513515577633
0.03244444444444433       2.458608895957136
0.032488888888888776      1.1932123911270005
0.03253333333333322       0.462463124727893
0.032577777777777664      0.0863715070596422
0.03262222222222211       0.10481609462554936
0.03266666666666655       0.8081134374958749
0.032711111111110996      1.9888533353009612
0.03275555555555544       3.451418332290468
0.032799999999999885      5.027355139364145
0.03284444444444433       5.615014578947713
0.03288888888888877       5.818735390967209
0.03293333333333322       5.870529131636042
0.03297777777777766       6.19066862935554
0.033022222222222106      6.1368335529250215
0.03306666666666655       5.7763998072789215
0.033111111111110994      5.1056513240520704
0.03315555555555544       4.947301679412259
0.03319999999999988       6.889344081659028
0.03324444444444433       8.400548300176577
0.03328888888888877       8.42530700627975
0.033333333333333215      6.705824971261644
0.03337777777777766       2.052831726041956
0.0334222222222221        0.23503547790661727
0.03346666666666655       0.6453050678460099
0.03351111111111099       2.780131002569137
0.033555555555555436      4.163723069069995
0.03359999999999988       4.826184543434693
0.033644444444444324      4.419293908694897
0.03368888888888877       3.0450148023962824
0.03373333333333321       2.6932078275054976
0.03377777777777766       2.8299073473278953
0.0338222222222221        3.1228648717412333
0.033866666666666545      3.330902291402104
0.03391111111111099       1.5182328276818162
0.03395555555555543       0.45942716764487657
0.03399999999999988       0.9915927436006391
0.03404444444444432       4.1348045325055285
0.034088888888888766      7.485688647122801
0.03413333333333321       8.797376491592397
0.034177777777777654      7.525891656953116
0.0342222222222221        4.757381031555138
0.03426666666666654       3.1574742466002377
0.03431111111111099       2.985428831760853
0.03435555555555543       2.7937964554306336
0.034399999999999875      2.0302454191270938
0.03444444444444432       1.1271317097163833
0.034488888888888763      0.668888631479235
0.03453333333333321       0.8862120891048855
0.03457777777777765       2.670167480746485
0.034622222222222096      6.772497092603129
0.03466666666666654       9.434157814433126
0.034711111111110984      9.280324118365735
0.03475555555555543       6.535226569312576
0.03479999999999987       2.886865761651814
0.03484444444444432       2.1263279395497654
0.03488888888888876       2.2266527816915387
0.034933333333333205      2.371334625898693
0.03497777777777765       3.20066021298741
0.035022222222222094      4.13219404574358
0.03506666666666654       4.3761089494315435
0.03511111111111098       3.640092976888336
0.035155555555555426      1.4801374774346034
0.03519999999999987       0.38957762112091493
0.035244444444444314      0.23666699985748435
0.03528888888888876       0.9110833683262596
0.0353333333333332        0.9345484005646664
0.03537777777777765       0.9240653399372797
0.03542222222222209       0.886526062536738
0.035466666666666535      0.8558455468411128
0.03551111111111098       2.876235118060887
0.035555555555555424      6.128885695964373
0.03559999999999987       10.450962556386603
0.03564444444444431       15.868716303456528
0.035688888888888756      15.350224877322502
0.0357333333333332        12.33573679812253
0.035777777777777645      7.554835237690744
0.03582222222222209       2.66019426720356
0.03586666666666653       0.8700965077645065
0.03591111111111098       0.2761346083868439
0.03595555555555542       0.1423825343515774
0.035999999999999865      0.4674030225722075
0.03604444444444431       0.9936183485375963
0.036088888888888754      1.2716662403908592
0.0361333333333332        1.2849979533228582
0.03617777777777764       1.3962927439911421
0.036222222222222086      2.0251998068782333
0.03626666666666653       2.4715091460154164
0.036311111111110975      2.096094837380711
0.03635555555555542       1.065055679192126
0.03639999999999986       0.35190757441925086
0.03644444444444431       0.27664979293638275
0.03648888888888875       0.09548714315184025
0.036533333333333196      0.24967315099006984
0.03657777777777764       2.405971621776877
0.036622222222222084      5.586161979200583
0.03666666666666653       8.367588701448641
0.03671111111111097       9.952237432025663
0.036755555555555416      8.745013041330834
0.03679999999999986       7.86211053457534
0.036844444444444305      7.194352552014139
0.03688888888888875       6.67505382720179
0.03693333333333319       5.867748129061314
0.03697777777777764       4.790908272171821
0.03702222222222208       3.5819331700354193
0.037066666666666526      2.4228712984273706
0.03711111111111097       0.9978726210628526
0.037155555555555414      0.2928254771332958
0.03719999999999986       0.4171921445279124
0.0372444444444443        1.4967190648461355
0.03728888888888875       1.8077117266101297
0.03733333333333319       2.5606291349073262
0.037377777777777635      4.643174194306444
0.03742222222222208       9.423237360298064
0.03746666666666652       13.635021610333698
0.03751111111111097       15.006826160939477
0.03755555555555541       13.176268561468447
0.037599999999999856      9.453554776551178
0.0376444444444443        7.22805466568154
0.037688888888888744      5.761150296106994
0.03773333333333319       4.323639705496642
0.03777777777777763       2.703441200067522
0.03782222222222208       1.314170443275359
0.03786666666666652       0.8436213375103743
0.037911111111110965      2.1266588532819135
0.03795555555555541       6.600318918498653
0.03799999999999985       13.732870783305433
0.0380444444444443        18.564105401784122
0.03808888888888874       19.416917780162493
0.038133333333333186      16.682656338413892
0.03817777777777763       12.040627895275438
0.038222222222222074      10.261397982960572
0.03826666666666652       9.622637061466461
0.03831111111111096       8.984114244430085
0.03835555555555541       8.082435187925265
0.03839999999999985       6.516933105238925
0.038444444444444295      4.476381342262601
0.03848888888888874       2.4338597149615455
0.03853333333333318       2.113880490697639
0.03857777777777763       3.21924907606956
0.03862222222222207       4.793418979092171
0.038666666666666516      6.136917408854993
0.03871111111111096       4.9480137445778904
0.038755555555555404      3.8594147671291448
0.03879999999999985       2.885349231984909
0.03884444444444429       2.0958776315857754
0.03888888888888874       1.6594467545942047
0.03893333333333318       1.3041447406453854
0.038977777777777625      1.1637031487282077
0.03902222222222207       1.7179123351292171
0.039066666666666514      2.8743544019675116
0.03911111111111096       3.551068483889876
0.0391555555555554        3.303418425117551
0.039199999999999846      2.1827153122979084
0.03924444444444429       0.6001406186954887
0.039288888888888734      0.04696119789157296
0.03933333333333318       0.5001786823839901
0.03937777777777762       1.976107006431498
0.03942222222222207       3.235710497835371
0.03946666666666651       4.010123095200827
0.039511111111110955      4.155126127114185
0.0395555555555554        3.812630668513204
0.039599999999999844      3.5000128652000613
0.03964444444444429       3.2458634666058637
0.03968888888888873       2.9544252750039
0.039733333333333176      2.8315377486699758
0.03977777777777762       3.2904608009579603
0.039822222222222065      3.716325321358756
0.03986666666666651       3.862015262902696
0.03991111111111095       3.6435094200863714
0.0399555555555554        2.3713473493456974
0.03999999999999984       1.4744699209171885
0.040044444444444285      1.1185282269566061
0.04008888888888873       1.520431078914572
0.040133333333333174      2.246986222714548
0.04017777777777762       2.57075334337491
0.04022222222222206       2.3220802556445266
0.040266666666666506      1.8738404279706444
0.04031111111111095       1.87190001419849
0.040355555555555395      2.1154197723638433
0.04039999999999984       2.127735738736379
0.04044444444444428       1.7134741770509945
0.04048888888888873       0.6787274170391658
0.040533333333333164      0.09651852213315269
0.04057777777777761       0.06712546752119962
0.04062222222222206       0.7175394530855795
0.040666666666666504      1.2609259504127432
0.04071111111111095       1.3980639257950265
0.04075555555555539       1.0524911606261889
0.040799999999999836      0.4293561492246662
0.04084444444444428       0.10760774205180955
0.040888888888888725      0.052517333250967635
0.04093333333333317       0.10296022544284908
0.04097777777777761       0.392213586693742
0.04102222222222206       1.3973527561090306
0.0410666666666665        2.614693772812869
0.041111111111110946      3.7087386217576523
0.04115555555555539       4.4458604211092005
0.041199999999999834      3.426742738614098
0.04124444444444427       1.9881112195862058
0.04128888888888872       0.7295469900445488
0.041333333333333167      0.5064392707594171
0.04137777777777761       1.50187230572304
0.041422222222222055      2.576389218588992
0.04146666666666649       2.960746562442607
0.041511111111110936      2.4146142473766714
0.04155555555555538       1.3334294546428718
0.041599999999999825      0.8092020367011852
0.04164444444444427       0.7020966228991479
0.04168888888888871       0.9249970757276562
0.041733333333333164      1.6519063483954946
0.0417777777777776        2.483190726776096
0.041822222222222045      3.403486467638253
0.04186666666666649       4.439290925824915
0.041911111111110934      4.260039500909337
0.04195555555555538       3.114883194017623
0.04199999999999982       1.4834465236994978
0.042044444444444266      0.31649918190286647
0.04208888888888871       0.6726332749339101
0.042133333333333155      1.9057316730018532
0.04217777777777759       3.0569544650137805
0.04222222222222204       3.5569931004328974
0.04226666666666649       2.67677767668883
0.042311111111110924      1.8684276871490944
0.04235555555555537       1.2192231235400228
0.04239999999999981       0.8434880847724083
0.04244444444444426       0.8076064499265466
0.0424888888888887        0.7720442974196853
0.042533333333333145      0.7687033855274222
0.04257777777777759       1.0519209838395553
0.042622222222222034      1.4694565149817438
0.04266666666666648       1.4782061923573324
0.04271111111111092       0.9816652909569062
0.04275555555555537       0.2842720932277139
0.04279999999999982       0.09923348255321093
0.04284444444444426       0.7188218204381441
0.0428888888888887        1.6802095813362308
0.04293333333333314       2.6234091015265366
0.04297777777777759       2.1904833615669688
0.043022222222222024      1.294116802922768
0.04306666666666647       0.37079509273576955
0.04311111111111091       0.11621726079333829
0.04315555555555536       0.7491270025036275
0.0431999999999998        1.3630541964635494
0.043244444444444245      1.407764087881565
0.04328888888888869       0.8412535491456853
0.043333333333333134      0.16503443478254573
0.04337777777777758       0.001988593200229042
0.04342222222222202       0.12754039011775625
0.043466666666666466      0.3830778340314051
0.04351111111111091       0.4211548227584178
0.043555555555555354      0.49514081447934344
0.0435999999999998        0.6524278769019658
0.04364444444444424       0.9680348462611005
0.04368888888888869       1.0765077556790605
0.04373333333333314       0.9598667311606233
0.04377777777777758       0.8432808708355767
0.043822222222222026      1.2525664861107677
0.04386666666666647       2.4534053636246935
0.04391111111111091       3.580996383655399
0.04395555555555535       4.085124478135857
0.043999999999999796      3.7502534744676
0.04404444444444424       2.5347436198510036
0.044088888888888685      1.3461230368259063
0.04413333333333313       0.43282401455465225
0.04417777777777757       0.0958937816468991
0.044222222222222024      0.6490375435215305
0.04426666666666647       1.700150846969633
0.044311111111110905      3.254102829084518
0.04435555555555535       5.335244083334212
0.044399999999999794      5.918488776662505
0.04444444444444424       6.271831743688974
0.04448888888888868       7.083387690612732
0.044533333333333126      9.41607226659422
0.04457777777777757       10.624158229185714
0.044622222222222015      10.326499203276875
0.04466666666666646       8.374168801806023
0.0447111111111109        5.324278493417101
0.044755555555555354      3.7070401240653985
0.04479999999999979       2.8274628525099645
0.04484444444444423       2.867256274180034
0.04488888888888867       4.352295969099733
0.04493333333333312       4.782443422970352
0.04497777777777756       3.8237122097714678
0.045022222222222005      1.9235393657035451
0.04506666666666645       0.5285112624927482
0.045111111111110894      1.4435593638317106
0.04515555555555534       3.1045536461123513
0.04519999999999978       4.000406320686111
0.04524444444444423       3.7345906884005022
0.04528888888888868       2.7679867056783167
0.045333333333333115      2.6078855811221833
0.04537777777777756       2.773538834679281
0.045422222222222         3.0604565901962224
0.04546666666666645       3.544148222751526
0.04551111111111089       3.7911690911587046
0.045555555555555335      3.7051886471651385
0.04559999999999978       3.558769693304134
0.04564444444444422       4.308752602202148
0.04568888888888866       5.557105971630355
0.04573333333333311       6.4167244526047265
0.04577777777777755       6.38039320196081
0.045822222222221994      3.7597658240272973
0.04586666666666644       1.759025045094753
0.04591111111111088       0.4917664547306974
0.045955555555555326      0.08059553526131472
0.04599999999999977       0.10579764992069947
0.046044444444444214      0.2510554496748156
0.04608888888888866       0.33222334831828687
0.0461333333333331        0.3067383406945414
0.04617777777777755       0.4286538079719481
0.046222222222222         0.9295940184091239
0.046266666666666435      2.384412064386487
0.04631111111111088       5.655822468522783
0.046355555555555324      7.410656704845456
0.04639999999999977       7.298787496232072
0.04644444444444421       5.332245695015288
0.046488888888888656      2.3798093118987746
0.0465333333333331        1.2497500465832891
0.04657777777777754       1.119724464790492
0.04662222222222198       1.8540626771831132
0.046666666666666426      4.095984455919142
0.04671111111111088       6.182744330348702
0.04675555555555532       6.036568667432189
0.04679999999999976       3.7604881709121316
0.0468444444444442        0.9244775597631646
0.04688888888888865       0.23716494830307872
0.04693333333333309       0.968822768815722
0.046977777777777535      1.4149249436881244
0.04702222222222198       0.9787645609607398
0.047066666666666424      0.27060074329016126
0.04711111111111087       0.13181035464574603
0.04715555555555531       0.300285364016919
0.047199999999999756      1.074585735525403
0.04724444444444421       3.338897035021269
0.047288888888888644      5.160336113687118
0.04733333333333309       5.76527565410925
0.04737777777777753       5.277518783215464
0.04742222222222198       3.554708703340752
0.04746666666666642       3.237931710540866
0.04751111111111086       3.480408276892441
0.0475555555555553        3.762376722734902
0.04759999999999975       4.408428745817263
0.04764444444444419       4.932431346287166
0.047688888888888635      5.28973950241496
0.047733333333333086      5.468705718631475
0.04777777777777753       4.634637923219328
0.04782222222222197       3.3102839432433617
0.04786666666666641       1.9017237000530376
0.047911111111110856      1.0069008012946572
0.0479555555555553        0.5322398174932015
0.047999999999999744      0.30177396731052786
0.04804444444444419       0.2120130899796885
0.04808888888888863       0.3376076227558404
0.04813333333333308       0.941430961036322
0.04817777777777752       1.7753361178820974
0.048222222222221965      3.069707537240682
0.04826666666666641       5.411617182500841
0.048311111111110853      7.502292725537401
0.04835555555555529       7.727614052480043
0.048399999999999735      6.097462333225208
0.04844444444444418       4.049898611712485
0.04848888888888862       3.517889846138984
0.04853333333333307       3.930048338900992
0.04857777777777751       3.8597212415261426
0.048622222222221956      2.816436266793731
0.0486666666666664        1.6810090152277528
0.04871111111111085       1.1946045513834502
0.04875555555555529       1.1995507428609975
0.04879999999999973       1.863177527402515
0.04884444444444418       3.5190910660873187
0.04888888888888862       4.079830115288572
0.048933333333333065      3.1487861746837598
0.04897777777777751       1.3090024781954481
0.04902222222222195       0.06201305991004498
0.0490666666666664        0.9925471197592954
0.04911111111111084       2.747765559979894
0.049155555555555286      4.336644526095926
0.04919999999999973       3.587695613400572
0.049244444444444174      2.996630968151506
0.04928888888888862       2.5604040186822643
0.049333333333333056      2.29071803679403
0.0493777777777775        2.774761210814351
0.049422222222221944      3.4018184606357478
0.04946666666666639       4.2666674916321865
0.04951111111111083       5.506241389382505
0.049555555555555277      5.808992443018841
0.04959999999999972       5.104324201264127
0.049644444444444165      3.5485622529574874
0.04968888888888861       1.639027335894225
0.04973333333333306       0.38857671666209515
0.0497777777777775        0.050116374624144894
0.04982222222222194       0.0727246786165264
0.049866666666666386      0.12281047855980434
0.04991111111111083       0.033487564954623426
0.049955555555555274      0.05123506863375949
0.04999999999999972       0.18329662450897072
0.05004444444444416       0.43723423730202265
0.05008888888888861       0.3470622764472968
0.05013333333333305       0.1394391253273952
0.05017777777777749       0.20899335081115628
0.05022222222222194       1.2267711416953193
0.05026666666666638       3.1872100291181935
0.05031111111111082       4.898456463192147
0.050355555555555265      5.685527975831757
0.05039999999999971       5.285415319380399
0.05044444444444415       3.569575673235748
0.0504888888888886        2.1892428028953534
0.05053333333333304       1.1360832350430616
0.050577777777777486      0.42478227116476547
0.05062222222222193       0.34637098183030407
0.050666666666666374      0.539820471582021
0.05071111111111082       1.0402604121888201
0.05075555555555527       1.978151237635374
0.050799999999999707      2.6194189574560878
0.05084444444444416       2.577315055537476
0.050888888888888595      1.9516649629627647
0.05093333333333304       1.2156761591900667
0.05097777777777748       1.1476543611594192
0.05102222222222192       1.69741623799263
0.051066666666666365      2.287493376180149
0.05111111111111081       2.549260657154046
0.05115555555555525       1.6877330308279894
0.051199999999999704      0.8055238757069382
0.05124444444444414       0.15502283117853496
0.051288888888888585      0.06746108226155399
0.05133333333333303       0.400583208927689
0.051377777777777474      0.5826988101890928
0.05142222222222192       0.44743932374064815
0.05146666666666636       0.23823327528113622
0.051511111111110806      0.4057319480459069
0.05155555555555525       0.7614058940004927
0.051599999999999695      0.9494080953772345
0.05164444444444414       0.8326620367736987
0.05168888888888858       0.2942658473899349
0.05173333333333303       0.06583054992038838
0.05177777777777748       0.1576030214415478
0.051822222222221916      0.5942440980116873
0.05186666666666636       0.7455298531955594
0.051911111111110804      0.5777796597429637
0.05195555555555524       0.2084493748765769
0.051999999999999685      0.005211511808931596
0.05204444444444413       0.2665611912980098
0.052088888888888574      0.5652324576671195
0.05213333333333302       0.6051646417039283
0.05217777777777746       0.42575876742375246
0.05222222222222191       0.42566860649632543
0.05226666666666635       0.9292043703727796
0.052311111111110795      1.7442346003355385
0.05235555555555524       2.70575252697486
0.05239999999999968       2.7682398603283858
0.05244444444444413       2.3341558123674067
0.05248888888888857       1.555966501339036
0.052533333333333015      0.7450686725482903
0.05257777777777746       0.30042778465875314
0.052622222222221904      0.08063176851117172
0.05266666666666634       0.01570904368752067
0.05271111111111079       0.34133324216719474
0.052755555555555236      1.319203838708205
0.052799999999999674      2.3571842714361
0.05284444444444412       3.0486751782645185
0.05288888888888856       3.188631816818096
0.052933333333333         2.3268950650897415
0.05297777777777745       1.665774745478994
0.0530222222222219        1.3996677763096153
0.05306666666666634       1.75591632082524
0.05311111111111079       2.2182185814809263
0.05315555555555523       2.24668021315239
0.05319999999999967       1.7332551454120055
0.05324444444444412       0.9695955696697288
0.05328888888888856       0.5622070020238998
0.05333333333333301       0.5331631458698864
0.05337777777777745       0.5318837917602713
0.05342222222222189       0.39544214443454895
0.053466666666666336      0.08967650910484043
0.05351111111111077       0.006664110094400722
0.05355555555555522       0.09049215704714947
0.05359999999999966       0.30004035631930137
0.053644444444444106      0.23685882897161958
0.05368888888888856       0.08944659661694626
0.053733333333332994      0.04648790619925475
0.05377777777777744       0.42566881114459315
0.05382222222222188       0.9910294428970368
0.05386666666666633       1.1278833606114171
0.05391111111111077       0.7139847980865108
0.053955555555555215      0.1178225599640825
0.05399999999999966       0.17096642283948027
0.054044444444444104      1.0931532554740784
0.05408888888888855       2.425688060707792
0.05413333333333299       3.797454741629061
0.054177777777777436      3.6609396149820386
0.05422222222222188       2.8789026539614966
0.05426666666666633       1.6930659206921952
0.05431111111111077       0.5457699235171014
0.05435555555555521       0.14505091120089875
0.05439999999999966       0.08942013911496327
0.054444444444444094      0.09286477862904578
0.05448888888888854       0.17155234978119555
0.05453333333333298       0.500246909607131
0.05457777777777743       0.8055854798678825
0.05462222222222187       0.894213600561072
0.054666666666666315      0.713529230033255
0.054711111111110766      0.09556752328927026
0.0547555555555552        0.01378673517010943
0.05479999999999965       0.11525868488997862
0.05484444444444409       0.2755580462650377
0.054888888888888536      0.5439993692497102
0.05493333333333298       1.124343753459667
0.054977777777777424      1.6042590810477964
0.05502222222222187       1.7420855191960272
0.05506666666666631       0.6593134175358007
0.05511111111111076       0.15907810691965182
0.0551555555555552        0.03534051784706368
0.05519999999999965       0.2542776952978113
0.05524444444444409       0.4867550944041767
0.055288888888888534      0.8310788899213966
0.05533333333333297       1.0667787351263514
0.055377777777777415      1.0955995594820105
0.05542222222222185       0.9973602582614438
0.0554666666666663        0.7661368027877851
0.055511111111110754      0.43630915852859126
0.05555555555555519       0.13291777126227114
0.05559999999999964       0.03607905658362541
0.05564444444444408       0.03684708046746562
0.055688888888888524      0.2798010105534819
0.055733333333332975      1.2869959897198462
0.05577777777777741       3.422229872640673
0.055822222222221864      5.372193717459206
0.0558666666666663        6.366570022452856
0.055911111111110745      6.071432354103366
0.05595555555555519       4.8635882156654295
0.05599999999999963       3.7081420629097988
0.05604444444444408       2.6486162933581467
0.05608888888888852       1.732618157994739
0.056133333333332966      0.6992164921385081
0.05617777777777741       0.25525678581889416
0.05622222222222185       0.7432248820577531
0.05626666666666629       2.5557400391936524
0.056311111111110736      3.6546857830253336
0.05635555555555518       3.801227946192119
0.056399999999999624      2.9175435771782925
0.05644444444444407       1.4142109934036828
0.05648888888888851       0.909110409665786
0.05653333333333296       0.8006333635604023
0.0565777777777774        1.0156827866470381
0.056622222222221845      1.705544049985792
0.05666666666666629       1.7491769491839597
0.05671111111111073       1.5754916598924713
0.056755555555555184      1.2352166150030541
0.05679999999999962       0.8454234924228147
0.05684444444444407       1.2095615173741199
0.05688888888888851       1.5063909659706742
0.05693333333333295       1.7117163542239233
0.0569777777777774        1.8286989056487537
0.057022222222221836      0.4875900980605877
0.05706666666666629       0.031420207431606895
0.057111111111110724      1.163631223661797
0.05715555555555517       4.714726432715959
0.05719999999999962       6.130857463339363
0.057244444444444056      6.40543092835296
0.0572888888888885        5.444098396428518
0.057333333333332945      3.6046234273026254
0.05737777777777739       4.257142184187924
0.05742222222222183       4.9405040504189985
0.05746666666666628       5.645831488983727
0.05751111111111072       6.371958249867124
0.057555555555555166      4.050103814539835
0.05759999999999961       2.5544797234883263
0.057644444444444054      1.6804943803611094
0.057688888888888505      1.2491092929079888
0.05773333333333295       1.4307945951612608
0.057777777777777393      1.6582950819459075
0.05782222222222183       1.8961067485772598
0.057866666666666275      2.1419296733602398
0.05791111111111072       0.5265000549015996
0.057955555555555156      0.10446925770925737
0.05799999999999961       1.2944224744983814
0.058044444444444045      4.556630513916575
0.058088888888888496      5.572935286904462
0.05813333333333293       6.3224481051675685
0.05817777777777738       6.7295950343545154
0.05822222222222183       6.789335715464332
0.058266666666666266      9.106700940394589
0.05831111111111072       10.498117033271615
0.058355555555555154      10.714494134744468
0.0583999999999996        9.728929540510025
0.05844444444444404       5.561089379424821
0.058488888888888486      3.007268485417831
0.05853333333333293       1.6151157968137486
0.058577777777777375      1.0662042239443104
0.05862222222222182       0.19326154696917341
0.05866666666666626       0.028302098453679633
0.05871111111111071       0.4904512744118021
0.05875555555555515       1.5026297906215558
0.058799999999999596      1.967968359766922
0.05884444444444404       2.9347843444185626
0.05888888888888848       4.275800926220817
0.05893333333333292       5.898907613167496
0.058977777777777365      5.2033477319554935
0.05902222222222181       4.473602106794863
0.059066666666666254      3.826892053673713
0.0591111111111107        3.4949132222186057
0.05915555555555514       5.040348979783597
0.059199999999999586      5.614062923343563
0.05924444444444404       4.808079696051082
0.059288888888888475      2.9081624737165024
0.059333333333332926      0.6133570122543002
0.05937777777777736       0.44115933660767764
0.0594222222222218        1.3683419154709824
0.05946666666666625       2.599608757340834
0.05951111111111069       2.697118898156026
0.05955555555555514       2.6979800394769997
0.05959999999999959       2.5967236901445294
0.05964444444444403       2.3959279836540675
0.05968888888888848       2.336859285997057
0.059733333333332916      1.9200384632963945
0.05977777777777736       1.2477886749490208
0.0598222222222218        0.5212941388720737
0.05986666666666633       0.04888309977178533
0.05991111111111086       0.00500546144384721
0.059955555555555394      0.020040613171794903
0.05999999999999993       4.134689164303755E-18
