0                         11.041427318067354
2.6666666666666505E-4     106.61005936579618
5.333333333333162E-4      400.58627490939267
7.999999999999813E-4      783.7975064586959
0.0010666666666666602     1475.575182760069
0.0013333333333333253     2544.352518821642
0.0015999999999999903     3216.844299780428
0.0018666666666666554     3684.4288263977505
0.0021333333333333204     4240.80289989681
0.0023999999999999855     4626.456079173452
0.0026666666666666505     5236.066087492266
0.0029333333333333295     5860.812867325276
0.0031999999999999945     5459.713591920311
0.0034666666666666596     4569.813918714832
0.0037333333333333246     4272.149501424132
0.00399999999999999       4133.7350829459565
0.004266666666666655      3612.290997303025
0.004533333333333334      2977.5202084219122
0.004799999999999999      2694.7819347039385
0.005066666666666664      2846.0960304114733
0.005333333333333329      2648.1076429941627
0.005599999999999994      2545.4745656991154
0.005866666666666659      3650.6953245602663
0.006133333333333324      5440.85855707185
0.006399999999999989      6666.871322854453
0.006666666666666654      7894.323524304238
0.006933333333333333      10905.479085023188
0.007199999999999998      15049.54565212552
0.007466666666666663      18692.479992673725
0.007733333333333328      21946.18654239023
0.007999999999999993      26774.215638416776
0.008133333333333333      28706.034799474415
0.008266666666666651      30288.577775143345
0.00839999999999999       30661.998383157003
0.008533333333333323      29930.093927641814
0.008666666666666656      29149.54411546912
0.008799999999999988      28749.845230425624
0.008933333333333328      27659.428003329733
0.00906666666666666       24931.97963831037
0.009199999999999993      21597.57413192269
0.009333333333333332      18784.790073231536
0.009466666666666651      15929.332879217456
0.00959999999999999       12528.525609649747
0.009733333333333316      9325.851626074049
0.009866666666666656      6874.95250923094
0.009999999999999988      4968.572215842523
0.010133333333333328      3364.884567050886
0.01026666666666666       1968.049561569847
0.010399999999999993      1021.8210164839372
0.010533333333333332      930.6304031988135
0.010666666666666665      1507.6746254735453
0.01079999999999999       2509.447097199587
0.010933333333333337      4191.9680609463785
0.011066666666666662      6462.56034824642
0.011199999999999988      8880.931098953844
0.01133333333333332       11575.012140727222
0.01146666666666666       14813.350709421899
0.011599999999999992      18285.21401607454
0.011733333333333325      21497.57308024622
0.011866666666666657      24035.34204086482
0.011999999999999997      25818.12983414226
0.01220000000000001       27944.066793808015
0.012400000000000015      32186.558199559455
0.0126                    33466.784701564495
0.012800000000000006      34891.38124890137
0.013000000000000005      38632.573626525766
0.01320000000000001       36905.24164702612
0.013400000000000009      39223.828024725306
0.013600000000000001      41324.031753074196
0.0138                    39059.92338719139
0.014000000000000005      41084.27139021808
0.014200000000000004      41879.845923101304
0.01440000000000001       39482.5413163107
0.014600000000000002      41828.65975052941
0.014800000000000008      40635.70795988768
0.015                     39755.816635764306
0.015200000000000005      38561.6133440264
0.015399999999999997      39122.345714629104
0.01560000000000001       36153.18885452748
0.015799999999999995      36111.8491662192
0.015999999999999993      35080.573792277995
0.0162                    31169.317561982745
0.016399999999999998      32007.09201322181
0.016600000000000004      29325.264600524817
0.016799999999999995      25998.961855160356
0.017                     26791.356174775658
0.017199999999999993      22512.40622996141
0.0174                    20926.182787429243
0.01759999999999999       20681.120276255362
0.017799999999999996      17092.532892601757
0.017999999999999995      15592.547285625593
0.018133333333333286      16127.396927203577
0.018266666666666626      14666.583037953
0.018399999999999965      15833.188212621033
0.01853333333333329       12258.49195839434
0.018666666666666637      14695.407188534915
0.01879999999999997       11502.969422572083
0.018933333333333302      12917.859911516603
0.019066666666666635      11223.687989726854
0.019199999999999974      11499.513308299342
0.019333333333333307      11103.001454075718
0.019466666666666646      9726.435730471336
0.01959999999999998       10759.425099761265
0.01973333333333331       8869.572410851728
0.01986666666666665       10689.733866171076
0.019999999999999983      8339.136333136015
0.02013333333333331       10164.904941201145
0.020266666666666648      8718.75630788713
0.020399999999999995      9696.006239805534
0.020533333333333313      8676.251196194118
0.020666666666666653      9304.873153302782
0.020799999999999992      9124.111619291218
0.02093333333333331       7991.424078891555
0.02106666666666665       9468.069378401276
0.02119999999999999       7381.492022145071
0.021333333333333315      9443.356357284047
0.02146666666666666       7160.231178051747
0.021599999999999994      8005.53563981598
0.021733333333333327      6594.831724782953
0.02186666666666666       7500.876524749024
0.021999999999999992      6849.3206913312415
0.022199999999999942      6139.077347576707
0.02239999999999994       6021.592140271063
0.02259999999999994       5431.148046455992
0.022799999999999945      5554.649832173961
0.022999999999999958      5022.554685887528
0.02319999999999995       4592.42537723834
0.02339999999999995       5345.259484443277
0.023599999999999954      3940.597104554713
0.023799999999999946      4312.015233393078
0.023999999999999952      4555.230597490203
0.02419999999999995       3496.6644588552053
0.024399999999999963      4146.579344648037
0.024599999999999955      4304.512710561924
0.02479999999999996       4008.7557220828144
0.024999999999999974      4601.688310179801
0.025199999999999965      5146.991633655607
0.025399999999999978      5249.517186283997
0.02559999999999997       6221.337580928122
0.025799999999999976      6670.280470030248
0.025999999999999975      7599.285894377495
0.026199999999999987      8608.061938541192
0.026399999999999972      9441.438760327404
0.02659999999999997       11736.677180632065
0.026799999999999977      13641.448370905613
0.02699999999999997       15826.172450461236
0.02719999999999998       21180.993644946164
0.027399999999999973      26254.126713550777
0.027599999999999986      31981.046236288836
0.0278                    44299.91698819682
0.027999999999999997      54660.70762521373
0.02813333333333335       63894.536762730546
0.02826666666666669       74490.18345997139
0.02840000000000003       82938.82220068871
0.028533333333333348      97269.87070223382
0.028666666666666688      106039.9634193402
0.028800000000000027      115728.3200330255
0.028933333333333353      125911.53482950853
0.029066666666666685      135405.63000572607
0.029200000000000018      139893.52071815942
0.02933333333333335       148425.91585308127
0.029466666666666683      157309.9819449589
0.029600000000000015      162891.53009573728
0.02973333333333334       165615.7955111689
0.029866666666666666      172183.6316228247
0.030000000000000013      174935.22455819568
0.03013333333333334       175547.26064846633
0.03026666666666667       175406.25342528324
0.03040000000000001       179258.79719420214
0.030533333333333336      180385.7909651173
0.03066666666666667       175781.2489973868
0.0308                    171652.22721652803
0.030933333333333334      171961.2054747995
0.031066666666666666      165040.71227738546
0.0312                    155636.50827804126
0.031333333333333345      148717.16484834533
0.031466666666666664      134891.0186044265
0.0316                    119030.97749035334
0.031733333333333336      106287.59315184692
0.03186666666666666       93073.50490631796
0.031999999999999994      78891.39275417899
0.03219999999999996       65018.31736376592
0.03239999999999996       54147.2567323386
0.03259999999999996       47568.02245769786
0.032799999999999954      48019.700171656856
0.03299999999999996       54945.10576306287
0.03319999999999995       66718.97081453665
0.03339999999999996       89274.76699996725
0.03359999999999996       121846.7203959239
0.033799999999999955      169433.59221364814
0.03399999999999996       233101.8697848577
0.03419999999999995       323681.9314845678
0.03439999999999996       440925.7526186499
0.034599999999999964      600404.4867180199
0.03479999999999996       803827.8344875304
0.034999999999999955      1074991.094270779
0.035199999999999954      1419513.0339966924
0.03539999999999996       1861095.6480965265
0.035599999999999965      2434071.7966223606
0.035799999999999964      3167694.2033320144
0.03599999999999997       4093752.5211456134
0.036199999999999975      5293487.480613618
0.03639999999999999       6837425.618706407
0.036599999999999966      8775975.77517391
0.036799999999999986      1.1310446238891844E7
0.03699999999999998       1.4515432499731103E7
0.03719999999999998       1.8631112875422616E7
0.03739999999999998       2.388974998466794E7
0.03759999999999998       3.0635870550901197E7
0.037799999999999986      3.923774429228367E7
0.03799999999999999       5.0257077136325695E7
0.038133333333333366      5.853215382725954E7
0.0382666666666667        6.709502766783551E7
0.038400000000000024      7.567026786191382E7
0.038533333333333364      8.414124756766799E7
0.03866666666666669       9.240757915090884E7
0.038800000000000015      1.0031882962195212E8
0.03893333333333336       1.0772394590419823E8
0.03906666666666669       1.145332217554804E8
0.03920000000000001       1.206757601212059E8
0.039333333333333345      1.260537581391954E8
0.03946666666666668       1.305551998838097E8
0.03960000000000001       1.3408160530008905E8
0.03973333333333334       1.3658143289942083E8
0.039866666666666675      1.3804790385720482E8
0.04000000000000001       1.3847327641380504E8
0.040133333333333326      1.3784163718335426E8
0.04026666666666667       1.3615074790825012E8
0.040400000000000005      1.3341672695805016E8
0.04053333333333334       1.296919647100972E8
0.04066666666666667       1.2506093803035724E8
0.04079999999999999       1.1957563784528238E8
0.04093333333333335       1.1326735143466142E8
0.041066666666666675      1.062570196079186E8
0.04120000000000001       9.872906019066189E7
0.04133333333333333       9.078648660154787E7
0.04146666666666666       8.248811620647986E7
0.0416                    7.398474673876143E7
0.04173333333333333       6.545464709313463E7
0.04186666666666666       5.699434620803534E7
0.041999999999999996      4.8697306516863376E7
0.04219999999999986       3.794812592677489E7
0.04239999999999987       2.9470100169967167E7
0.04259999999999986       2.289099504999518E7
0.04279999999999988       1.7740352590813395E7
0.042999999999999886      1.3723252086589282E7
0.043199999999999884      1.061192835498193E7
0.043399999999999876      8185297.692988797
0.04359999999999989       6284710.601342319
0.04379999999999988       4830980.105820481
0.04399999999999988       3687676.917205523
0.04419999999999989       2805825.148218713
0.044399999999999884      2127937.7703110985
0.04459999999999989       1601178.413668778
0.0447999999999999        1197749.24384016
0.04499999999999989       887311.6163049197
0.045199999999999886      651290.328511107
0.045399999999999906      473490.69692909886
0.045599999999999904      338228.27623519924
0.0457999999999999        237145.8937525942
0.045999999999999916      161435.50961017646
0.04619999999999991       109444.49237438827
0.046399999999999934      68775.17611378751
0.046599999999999905      42903.03074299507
0.04679999999999991       25278.78967861324
0.04699999999999991       13981.349625022649
0.047199999999999916      7619.658268262483
0.04739999999999993       5148.854692766241
0.047599999999999906      4704.313911626578
0.04779999999999994       5660.068400845663
0.04799999999999999       7502.825667801516
0.048133333333332945      8802.442437017366
0.04826666666666629       10265.677023852755
0.04839999999999965       12488.55046601683
0.048533333333332984      13758.166534434118
0.04866666666666633       16426.1008530128
0.04879999999999968       17548.565236913273
0.04893333333333302       20261.61257140097
0.049066666666666384      21160.253792223506
0.049199999999999716      23654.79884547852
0.04933333333333306       24736.292118735146
0.04946666666666641       25821.156204374212
0.049599999999999755      27958.98812142921
0.0497333333333331        28572.493726155924
0.04986666666666645       30114.126829424054
0.049999999999999795      30379.930129076693
0.05013333333333314       31857.448365905086
0.05026666666666649       31596.20164905482
0.05039999999999984       33584.49861751217
0.05053333333333318       33501.04181059977
0.05066666666666653       35117.319461441184
0.05079999999999987       35995.2582004699
0.05093333333333323       36552.006781997035
0.051066666666666566      37928.157917188226
0.05119999999999991       38198.52554891326
0.051333333333333266      40047.4276018369
0.051466666666666605      39726.555874059384
0.05159999999999995       42119.34089359674
0.051733333333333305      41834.338463954715
0.051866666666666644      43437.58745154954
0.05199999999999999       43972.363449200406
0.052266666666666683      45110.219375997476
0.05253333333333334       47252.930564096816
0.0528                    48343.62542657752
0.05306666666666667       48787.32100610451
0.053333333333333344      48758.69065483793
0.0536                    47459.31092527904
0.05386666666666667       45311.39228375235
0.054133333333333325      42831.53882113051
0.054400000000000004      40840.884706162324
0.05466666666666666       38970.28723057198
0.05493333333333333       36311.8680477766
0.05519999999999999       33314.59460048574
0.05546666666666664       30197.607118908116
0.05573333333333331       26551.824775677087
0.05599999999999998       22782.91073707138
0.05626666666666665       19020.09567924968
0.0565333333333333        15105.878913422644
0.05679999999999996       11940.726937842981
0.057066666666666634      9309.84168182965
0.05733333333333329       6996.8842429222395
0.05759999999999996       5350.27973991707
0.05786666666666663       3897.2369309063943
0.05813333333333327       2819.5539371710292
0.058399999999999945      2069.7156276764335
0.05866666666666662       1285.6358016811826
0.058933333333333275      737.1796834604468
0.05919999999999996       394.2528004859923
0.0594666666666666        166.99327317106597
0.05973333333333329       48.62364401415049
0.06                      3.8232753098006254
