0                         2.871523098682449
6.66666666666628E-5       1.42780620928939
1.3333333333332732E-4     2.725390773691767
1.9999999999999012E-4     6.763856698747069
2.666666666666564E-4      12.551644930334046
3.3333333333332264E-4     15.583536737133832
3.9999999999999064E-4     20.341011259043896
4.666666666666569E-4      25.833817578463687
5.333333333333249E-4      26.97378156926351
5.999999999999894E-4      25.718642559084593
6.666666666666574E-4      39.5200098197751
7.333333333333254E-4      63.290340496679214
7.999999999999917E-4      72.45154599480195
8.666666666666597E-4      52.303791734272025
9.33333333333326E-4       57.42606876148633
9.99999999999994E-4       63.23770491863219
0.0010666666666666602     88.45403199620023
0.0011333333333333282     101.31485359740687
0.0011999999999999927     97.42501520471761
0.001266666666666659      95.49708025241952
0.0013333333333333253     101.29000092302138
0.0013999999999999933     108.6675263645697
0.0014666666666666595     119.79320852933323
0.0015333333333333275     140.41943627819097
0.0015999999999999938     166.87968107901582
0.0016666666666666618     144.57621466290797
0.001733333333333328      132.99142564395223
0.001799999999999996      128.4631031719066
0.0018666666666666623     200.46595678704261
0.0019333333333333303     236.35488703235862
0.001999999999999995      205.09381198966753
0.002066666666666661      176.16368300756267
0.0021333333333333274     200.94272442434504
0.0021999999999999954     277.0816342203879
0.0022666666666666625     305.5001552407053
0.0023333333333333296     337.5630435964435
0.002399999999999996      320.3192261645252
0.002466666666666663      330.9929834681832
0.00253333333333333       401.37267262676744
0.0025999999999999973     478.50121206640057
0.0026666666666666644     533.6684412010168
0.0027333333333333307     561.771017504519
0.002799999999999998      625.2221504606438
0.002866666666666664      695.3172521450185
0.0029333333333333303     735.5835134798169
0.0029999999999999975     831.9944533966841
0.0030666666666666646     987.4705763521596
0.003133333333333331      1165.537618190328
0.003199999999999999      1174.951467108918
0.003266666666666665      1168.1411332163304
0.0033333333333333322     1380.8459260135621
0.0033999999999999994     1621.818926315471
0.0034666666666666656     1882.0386957422184
0.0035333333333333328     1926.55673143117
0.003599999999999999      1982.9977455642952
0.003666666666666666      2042.3428736591716
0.0037333333333333333     2501.421671174975
0.0038000000000000004     2932.1546447480355
0.0038666666666666667     2966.3937257456205
0.003933333333333334      3000.9632244759337
0.004                     3150.118888949528
0.004066666666666667      3646.5158976435155
0.0041333333333333335     4049.8823140969585
0.0042                    4474.470115615099
0.004266666666666667      4564.857082288585
0.004333333333333333      4631.578788991747
0.004399999999999999      5076.9543635432965
0.0044666666666666665     5545.561570000588
0.004533333333333333      6236.175545491196
0.0046                    6552.657419185217
0.004666666666666666      6674.185486788933
0.004733333333333333      6799.534274638511
0.0048000000000000004     7268.863532116924
0.004866666666666667      8163.219736949337
0.004933333333333334      8736.860062094618
0.005                     9329.94413505172
0.005066666666666666      9048.36951848969
0.0051333333333333335     9212.877711967925
0.0052                    10337.478533012709
0.005266666666666666      11528.06651330251
0.005333333333333333      11996.541510412682
0.0054                    11636.250659106818
0.0054666666666666665     12079.116628860835
0.005533333333333333      12537.031979605514
0.0056                    14119.155858858585
0.005666666666666667      14934.845043074947
0.005733333333333333      14646.19415670133
0.0058                    14362.354368580542
0.005866666666666667      15409.460614915926
0.005933333333333333      16970.276178244163
0.005999999999999999      17210.680653209613
0.0060666666666666655     17456.809546391607
0.006133333333333333      17481.342347969425
0.0062                    18199.53191623934
0.006266666666666667      19178.132809502033
0.006333333333333334      20189.82310006322
0.006400000000000001      20139.068778857236
0.0064666666666666674     20006.63868839257
0.006533333333333334      20997.88441241149
0.006600000000000001      22017.25795425039
0.006666666666666667      22316.670858274756
0.006733333333333334      22180.55946734456
0.0068000000000000005     22811.231892422344
0.006866666666666667      23460.59336567537
0.006933333333333333      24121.374183691405
0.006999999999999999      24254.472010409616
0.0070666666666666655     24396.60570735893
0.007133333333333332      24540.516053202973
0.007199999999999998      25420.05292292076
0.007266666666666664      26036.668493008347
0.0073333333333333315     25922.385329173307
0.007399999999999999      25811.053970865793
0.007466666666666665      26327.368193193077
0.007533333333333331      26923.965806907963
0.007599999999999997      26896.255171489283
0.007666666666666664      26868.93481669806
0.00773333333333333       27300.12979837729
0.007799999999999998      27473.192791869347
0.007866666666666666      27189.725236008304
0.007933333333333334      26907.860935265082
0.008000000000000002      26627.62398663921
0.008000000000000002      27316.955449927038
0.008033333333333335      27120.713022123913
0.008066666666666668      26926.03366686446
0.008100000000000001      26732.92129649324
0.008133333333333334      26563.81646612495
0.008166666666666668      26492.034059107515
0.0082                    26398.854513046426
0.008233333333333334      26306.716751413347
0.008266666666666667      26271.005478886178
0.0083                    25957.850598419547
0.008333333333333333      25596.26248116814
0.008366666666666666      25241.617160575955
0.0084                    24875.61815238466
0.008433333333333333      24109.96327696499
0.008466666666666666      23384.337727435937
0.008499999999999999      22680.43909346045
0.008533333333333332      21966.093079763443
0.008566666666666665      21142.462580654144
0.008599999999999998      20376.2731841143
0.008633333333333331      19635.352514872215
0.008666666666666665      18926.34100143506
0.008699999999999998      18193.071763943408
0.00873333333333333       17478.46062857659
0.008766666666666664      16789.14975300345
0.008799999999999997      16127.15987131411
0.00883333333333333       15390.61905020224
0.008866666666666663      14682.704219390393
0.008899999999999996      14005.436588982466
0.00893333333333333       13352.589719638065
0.008966666666666663      12670.975775699322
0.008999999999999996      12027.498177454081
0.009033333333333329      11415.932114976775
0.009066666666666662      10840.617920099992
0.009099999999999995      10246.421708157199
0.009133333333333328      9684.464759048375
0.009166666666666662      9159.087348648132
0.009199999999999995      8670.168226733409
0.009233333333333328      8170.773191441249
0.009266666666666661      7726.072243696523
0.009299999999999994      7335.941765999389
0.009333333333333327      6996.5968413625515
0.00936666666666666       6720.683029961489
0.009399999999999993      6511.735240731564
0.009433333333333327      6365.968533371232
0.00946666666666666       6280.629987805485
0.009499999999999993      6269.7433083599135
0.009533333333333326      6314.634369504993
0.009566666666666659      6412.551274403134
0.009599999999999992      6562.394040683808
0.009633333333333325      6790.6913084456155
0.009666666666666658      7073.249837508667
0.009699999999999992      7408.97073557639
0.009733333333333325      7816.811319435492
0.009766666666666658      8258.807567203881
0.009799999999999991      8744.11515500281
0.009833333333333324      9291.693522463751
0.009866666666666657      9906.809872432503
0.00989999999999999       10439.477161864294
0.009933333333333324      11028.439513696272
0.009966666666666657      11678.965114180415
0.00999999999999999       12355.325875221373
0.010033333333333323      13071.894156677157
0.010066666666666656      13881.732217941028
0.01009999999999999       14749.112273258073
0.010133333333333322      15671.161982260797
0.010166666666666655      16829.868192936912
0.010199999999999989      18051.872552336
0.010233333333333322      19334.30482022687
0.010266666666666655      20720.160468576178
0.010299999999999988      22153.223284129286
0.010333333333333321      23600.971169385128
0.010366666666666654      25106.401751068508
0.010399999999999987      26660.983927034955
0.01043333333333332       28062.489027151765
0.010466666666666654      29521.47520337855
0.010499999999999987      31029.410362131774
0.01053333333333332       32553.30218717311
0.010566666666666653      34139.3988059426
0.010599999999999986      35805.24798391109
0.01063333333333332       37517.85967669594
0.010666666666666652      39317.62338910444
0.010699999999999986      41165.891097605505
0.010733333333333319      43016.666091086634
0.010766666666666652      44910.34285997955
0.010799999999999985      46890.44201298372
0.010833333333333318      48483.962333507465
0.010866666666666651      50061.20825879594
0.010899999999999984      51665.698419095876
0.010933333333333317      53256.13543435518
0.01096666666666665       54407.93605741044
0.010999999999999984      55617.4223854987
0.011033333333333317      56843.291672407264
0.01106666666666665       58037.18784227583
0.011099999999999983      59185.088836172625
0.011133333333333316      60396.253979289126
0.01116666666666665       61622.326953002805
0.011199999999999983      62873.07875994076
0.011233333333333316      64227.616240115945
0.011266666666666649      65588.9815604176
0.011299999999999982      66966.94601105375
0.011333333333333315      68406.35824015364
0.011366666666666648      69723.64711516658
0.011399999999999981      71009.3015916372
0.011433333333333314      72308.17071877823
0.011466666666666648      73669.38119413232
0.01149999999999998       74512.23047293167
0.011533333333333314      75310.4375021839
0.011566666666666647      76113.13143675265
0.01159999999999998       76919.63036403334
0.011633333333333313      76965.72975599478
0.011666666666666646      77012.8151398244
0.01169999999999998       77060.20127894612
0.011733333333333313      77044.83104376911
0.011766666666666646      76538.23042286349
0.011799999999999979      76096.3560607346
0.011833333333333312      75656.14244945996
0.011866666666666645      75189.75758340993
0.011899999999999978      74648.00944537333
0.011933333333333311      74136.27154602669
0.011966666666666645      73626.70988280517
0.011999999999999978      73119.32186112637
0.011999999999999978      72679.31264483849
0.012049999999999983      71894.95232367802
0.012099999999999986      71115.14675557353
0.01214999999999999       70339.89541608447
0.012199999999999996      69666.83505698023
0.012249999999999995      68625.75244923779
0.012299999999999995      67498.0159318148
0.012349999999999995      66381.26115401609
0.012399999999999994      66113.85809738174
0.012449999999999994      65811.55289201358
0.012499999999999994      64682.06135680759
0.012549999999999993      63563.752191752275
0.012599999999999993      61614.711920471505
0.012649999999999993      61438.41868834631
0.012699999999999993      62116.2591813075
0.012749999999999992      62806.3232075835
0.012799999999999992      61436.81558972003
0.012849999999999992      58816.34663589794
0.012899999999999991      58270.82797165209
0.012949999999999991      57728.45951829527
0.01299999999999999       58942.60179875527
0.01304999999999999       59184.261371273235
0.01309999999999999       57699.02780526933
0.01314999999999999       56240.2569649814
0.01319999999999999       55347.476048792654
0.01324999999999999       55561.52824175123
0.013299999999999989      55239.43934903888
0.013349999999999989      54920.73815232176
0.013399999999999988      54316.98850049666
0.013449999999999988      53689.96739245553
0.013499999999999988      53354.9739112428
0.013549999999999987      53023.56920740233
0.013599999999999987      51627.7685125843
0.013649999999999987      50834.78911773704
0.013699999999999986      51127.43014765918
0.013749999999999986      51437.71026536873
0.013799999999999986      51168.29684562671
0.013849999999999986      49311.087719311756
0.013899999999999985      48070.31069961557
0.013949999999999987      46848.62807261368
0.013999999999999985      47809.58878523565
0.014049999999999984      48722.505243576576
0.014099999999999984      47487.6759533359
0.014149999999999984      46268.644813071274
0.014199999999999983      44192.73574154207
0.014249999999999981      43596.683986002165
0.014299999999999983      43878.963985022594
0.014349999999999983      44166.90080085851
0.014399999999999982      44204.32267938267
0.014449999999999982      42825.654234749105
0.014499999999999982      41723.51223879011
0.014549999999999983      40641.72633804211
0.014599999999999983      39588.69194422907
0.014649999999999982      39638.72027541798
0.01469999999999998       39680.4540167252
0.01474999999999998       39722.283413531826
0.01479999999999998       39017.50997174798
0.01484999999999998       37358.16582339301
0.01489999999999998       36463.348772912905
0.014949999999999977      35586.36526374099
0.014999999999999977      36001.83802791702
0.015049999999999977      36143.06240732808
0.015099999999999978      35035.060672243024
0.01514999999999998       33952.45349454347
0.015199999999999977      33248.47936864784
0.015249999999999979      33203.76208190424
0.015299999999999979      32808.5823528474
0.015349999999999978      32416.169930574197
0.015399999999999976      30838.55927906132
0.015449999999999978      30011.049124091183
0.015499999999999979      30389.438072959638
0.015549999999999979      30785.763452628933
0.015599999999999978      30593.409926702367
0.015649999999999976      28773.73020198434
0.015699999999999978      27586.87350214096
0.01574999999999998       26426.21849714144
0.01579999999999998       27043.087423282836
0.015849999999999982      27812.223089516265
0.015899999999999984      26874.379692841878
0.015949999999999985      25980.886438138972
0.015999999999999986      24472.026124432177
0.016049999999999988      23752.804934277472
0.01609999999999999       23693.38209728862
0.01614999999999999       23634.027773046884
0.016199999999999992      23549.362895246995
0.016249999999999994      22677.02934603772
0.016299999999999995      21846.10845317872
0.016349999999999996      21031.219627142887
0.016399999999999998      20059.142465190307
0.01645                   19757.883981039115
0.0165                    19648.041304695955
0.01655                   19556.40096010615
0.016599999999999997      19020.51581993564
0.016649999999999998      17647.120694585457
0.0167                    16759.034537407726
0.01675                   15893.799208879384
0.0168                    16151.121980296142
0.016849999999999997      16276.287082180916
0.0169                    15342.400939469475
0.01695                   14449.173459175923
0.017                     13328.326561750608
0.017050000000000003      12883.014623127938
0.017100000000000004      12722.751186592393
0.017150000000000006      12579.260852025374
0.017200000000000007      12054.829288974157
0.01725000000000001       11124.673156349158
0.017300000000000006      10606.320723183015
0.017350000000000008      10102.050674606682
0.017400000000000006      9792.18878963471
0.017450000000000007      9464.828812481617
0.01750000000000001       8975.675463677477
0.017550000000000007      8505.054080021531
0.017600000000000008      8093.68089027152
0.017650000000000006      7659.822660235005
0.017700000000000007      7253.2084217048905
0.017750000000000005      6914.560240816225
0.017800000000000003      6957.8649384119235
0.017850000000000005      6633.492232243769
0.017900000000000006      6059.426536839132
0.017950000000000008      5549.646904851714
0.01800000000000001       5104.15370228223
0.01800000000000001       5707.24808895451
0.018033333333333332      5478.4368094236925
0.018066666666666654      5262.599776145706
0.018099999999999984      5059.733899215238
0.018133333333333307      4857.841965628633
0.01816666666666664       4760.665290852281
0.018199999999999973      4687.241964968897
0.018233333333333306      4625.576233661505
0.01826666666666664       4604.96992872308
0.018299999999999973      4605.220149640516
0.01833333333333331       4587.454927077414
0.018366666666666642      4580.975951416509
0.018399999999999975      4593.904551108041
0.01843333333333331       4443.717491403476
0.018466666666666645      4302.202708366672
0.01849999999999998       4177.48079255162
0.01853333333333331       4041.8917476165343
0.018566666666666648      3875.7675700371974
0.01859999999999998       3760.2015471312848
0.018633333333333314      3667.5355584827025
0.018666666666666647      3594.8917361734184
0.01869999999999998       3626.284420494675
0.018733333333333314      3677.0274034575023
0.018766666666666647      3744.2424234814935
0.01879999999999998       3843.275667035087
0.018833333333333313      3956.675233776308
0.018866666666666643      4067.214022461807
0.018899999999999976      4190.237121294839
0.01893333333333331       4328.901230076184
0.018966666666666646      4403.821420984385
0.01899999999999998       4490.733344725871
0.019033333333333312      4592.7948058597785
0.019066666666666645      4708.672264090248
0.019099999999999978      4772.238182054786
0.01913333333333331       4853.07315512848
0.019166666666666644      4949.844633761128
0.019199999999999978      5054.731308863749
0.01923333333333331       5125.756963548711
0.019266666666666644      5216.355188545991
0.019299999999999977      5318.704417807247
0.01933333333333331       5421.065056047616
0.019366666666666643      5568.039312033671
0.01939999999999998       5737.784462854945
0.019433333333333313      5918.56067514607
0.019466666666666646      6119.946055680621
0.019499999999999983      6388.775420660512
0.019533333333333316      6661.636923740361
0.01956666666666665       6948.10875743789
0.019599999999999982      7263.113459142652
0.019633333333333315      7527.970943405532
0.019666666666666652      7789.68881633391
0.019699999999999985      8063.18992884737
0.019733333333333318      8338.312250750769
0.019766666666666655      8534.431043877252
0.019799999999999988      8748.48006608873
0.01983333333333332       8970.296322728535
0.019866666666666657      9193.309795793508
0.01989999999999999       9419.015492336559
0.019933333333333324      9657.48856723075
0.019966666666666657      9902.15756849131
0.01999999999999999       10168.299336200413
0.020033333333333323      10392.89733790743
0.020066666666666656      10608.989613759828
0.020099999999999993      10831.854197870076
0.02013333333333333       11063.640693562138
0.020166666666666663      11168.888028826002
0.020199999999999996      11278.593531987195
0.020233333333333325      11394.90803843266
0.020266666666666662      11505.107212879648
0.020299999999999995      11537.622820902794
0.020333333333333328      11585.522332018028
0.02036666666666666       11636.078268680836
0.020399999999999995      11686.195887573354
0.020433333333333328      11719.06328995393
0.02046666666666666       11756.358648459907
0.02049999999999999       11794.98547477692
0.020533333333333327      11840.162114059864
0.02056666666666666       11852.366769564042
0.020599999999999993      11865.170053461406
0.020633333333333326      11883.794575415941
0.02066666666666666       11911.177222318316
0.020699999999999993      11895.913589065849
0.020733333333333326      11887.617769968845
0.020766666666666662      11889.229325432118
0.020799999999999996      11904.81946717577
0.02083333333333333       11840.743785793304
0.020866666666666662      11775.420519430081
0.020899999999999995      11712.914595535345
0.020933333333333328      11651.448805470016
0.02096666666666666       11484.41321968557
0.020999999999999994      11320.46832107399
0.021033333333333327      11157.832035210815
0.02106666666666666       10990.795773025868
0.021099999999999994      10752.19207403743
0.02113333333333333       10523.21901518193
0.021166666666666667      10298.171288659014
0.0212                    10074.234930566665
0.021233333333333333      9827.80808835824
0.021266666666666666      9592.143582585824
0.0213                    9364.430367304789
0.021333333333333333      9149.03499862983
0.021366666666666666      8909.219810952707
0.021400000000000002      8671.959943492086
0.02143333333333334       8441.620601009197
0.021466666666666672      8222.464354850325
0.021500000000000005      7936.177690996871
0.02153333333333334       7653.549187292304
0.02156666666666667       7378.840585512279
0.021600000000000005      7108.628283395645
0.021633333333333338      6778.36433911817
0.02166666666666667       6463.302526047812
0.021700000000000004      6160.020312065746
0.021733333333333337      5863.096768210342
0.02176666666666667       5548.194280456893
0.021800000000000007      5250.271476462712
0.02183333333333334       4963.906712727023
0.021866666666666673      4681.5263369751865
0.021900000000000006      4424.593481424363
0.02193333333333334       4184.154931507105
0.021966666666666673      3952.6360597560915
0.022000000000000006      3730.0349974913106
0.022000000000000006      3905.9309790820994
0.022049999999999986      3541.466497931272
0.02209999999999997       3202.3903081344515
0.022149999999999954      2888.703716858552
0.02219999999999994       2533.226031952109
0.022249999999999936      2392.5913950328522
0.022299999999999938      2342.2001780336554
0.022349999999999936      2314.865579242485
0.022399999999999937      2110.502327654661
0.022449999999999935      1726.7797337819693
0.022499999999999937      1564.7816486716836
0.022549999999999938      1424.4283376455378
0.02259999999999994       1458.615222197709
0.02264999999999994       1522.5240013629323
0.02269999999999994       1457.8334227100577
0.022749999999999937      1417.4377958126686
0.02279999999999994       1327.4559335665567
0.02284999999999994       1252.015491093153
0.02289999999999994       1272.7098840129224
0.022949999999999943      1315.6580074420244
0.022999999999999944      1494.0245840112466
0.023049999999999946      1591.1765554328097
0.023099999999999947      1588.2344560394986
0.02314999999999995       1598.3630017290122
0.02319999999999995       1601.9343751701551
0.02324999999999995       1789.8744243824738
0.023299999999999953      2011.4084768691798
0.023349999999999954      2246.894926764619
0.023399999999999956      2230.7590766062067
0.023449999999999957      2120.678097307325
0.02349999999999996       2330.4429791101534
0.023549999999999956      2594.495705297532
0.023599999999999958      3112.2963402543023
0.023649999999999956      3177.021375533124
0.023699999999999957      3054.0859788945604
0.02374999999999996       2942.9417202672407
0.02379999999999996       3134.904259840497
0.02384999999999996       3747.637329380104
0.023899999999999963      4085.153527147369
0.023949999999999964      4438.754488777368
0.023999999999999966      4182.143400507954
0.024049999999999967      3930.737191926758
0.02409999999999997       4330.818278665927
0.02414999999999997       4756.095252178014
0.02419999999999997       5506.514763630123
0.024249999999999973      5608.689184158578
0.024299999999999974      5422.547855309376
0.024349999999999976      5248.039847823891
0.024399999999999977      5432.282525882381
0.024449999999999975      6130.452139860865
0.024499999999999973      6492.537651093621
0.024549999999999975      6865.645252896041
0.024599999999999976      6723.2540166981125
0.024649999999999977      6544.150011991486
0.02469999999999998       6915.049607868291
0.02474999999999998       7309.439971013303
0.024799999999999982      7811.5241132720985
0.024849999999999983      7927.102553846437
0.024899999999999985      7958.893679991525
0.024949999999999986      7991.09425901879
0.024999999999999988      8221.090165927259
0.025049999999999985      8595.413893315268
0.025099999999999987      8775.864924435175
0.02514999999999999       8959.824332216042
0.025199999999999986      9127.253767281538
0.025249999999999988      9298.326659361317
0.02529999999999999       9494.947905585806
0.02534999999999999       9697.084333982488
0.025399999999999992      9826.18954101934
0.025449999999999993      9946.106709889695
0.02549999999999999       10155.132932292494
0.025549999999999993      10374.722250855979
0.025599999999999994      10603.732792387713
0.025649999999999992      10728.126787495334
0.025699999999999994      10854.47823267413
0.025749999999999995      10981.642000229154
0.025799999999999997      11011.572342544172
0.025849999999999998      11148.49098803554
0.0259                    11386.017241357935
0.025949999999999997      11626.105025344335
0.026                     11987.181759202365
0.026049999999999997      12025.280184102348
0.026099999999999998      11945.21774824393
0.02615                   11865.422224696322
0.0262                    11940.603126402566
0.026250000000000002      12362.862291232737
0.026300000000000004      12644.944574250656
0.026350000000000005      12941.558987549126
0.026400000000000003      13096.185223326509
0.026450000000000005      12931.345466211129
0.026500000000000006      12923.593908888415
0.026550000000000008      12916.40995531869
0.026600000000000006      12960.83038184591
0.026650000000000007      13462.557583992324
0.026700000000000005      13922.435126251818
0.026750000000000006      14391.498118158495
0.026800000000000008      14328.505155292703
0.02685000000000001       13799.351697708034
0.02690000000000001       13812.752715590861
0.02695000000000001       13827.467093094896
0.02700000000000001       14761.420529935695
0.02705000000000001       15478.181171367438
0.027100000000000013      15281.172588904965
0.027150000000000014      15088.318758918718
0.027200000000000016      14853.065269112283
0.02725000000000001       15316.633621170153
0.027300000000000012      15835.649524804592
0.027350000000000013      16363.556961220605
0.02740000000000001       16184.089176043948
0.027450000000000013      15951.47904305177
0.027500000000000014      16460.377393282408
0.027550000000000015      16994.51313098908
0.027600000000000017      17675.79951523713
0.02765000000000002       17661.68109884517
0.027700000000000016      17528.21056484372
0.027750000000000018      17397.305054691955
0.02780000000000002       17683.71192740889
0.02785000000000002       18518.991176696873
0.027900000000000025      18944.76875526044
0.02795000000000003       19375.78806104938
0.028000000000000032      19812.049309148013
0.028000000000000032      19279.351897018994
0.028033333333333372      19330.709621745842
0.028066666666666715      19400.283327898414
0.028100000000000055      19488.07065326842
0.0281333333333334        19937.08753940378
0.02816666666666673       20450.79913057332
0.028200000000000062      20631.150063142526
0.028233333333333395      20821.156799161643
0.028266666666666728      20801.711706367143
0.02830000000000006       20869.2027799225
0.028333333333333398      21171.0532856931
0.028366666666666727      21488.153609645215
0.02840000000000006       22088.202471073073
0.028433333333333394      22441.786167887127
0.028466666666666727      22532.153531624597
0.028500000000000063      22627.003183323042
0.028533333333333393      22453.177977651325
0.028566666666666726      22374.878118483608
0.02860000000000006       22576.641141846874
0.02863333333333339       22785.309493232442
0.028666666666666726      23266.303515300213
0.02870000000000006       23884.59850936091
0.028733333333333392      24241.02690358118
0.02876666666666673       24601.00924792552
0.028800000000000058      24789.355269845866
0.028833333333333395      24650.447797169196
0.028866666666666728      24691.024204431553
0.028900000000000058      24735.89386826902
0.02893333333333339       24872.52617043368
0.028966666666666724      25176.665993345974
0.029000000000000057      25395.21678901984
0.029033333333333394      25615.647444283637
0.029066666666666727      25777.67088099321
0.029100000000000056      26046.87013998009
0.02913333333333339       26383.41807706448
0.02916666666666672       26727.028355294533
0.029200000000000052      27209.700732474495
0.029233333333333385      27344.058867889038
0.029266666666666715      27346.763089241096
0.02930000000000005       27349.811454306044
0.029333333333333385      27144.292678584003
0.029366666666666718      27107.010674826444
0.02940000000000005       27281.72376843634
0.029433333333333384      27459.521824243202
0.029466666666666717      27864.198854686823
0.02950000000000005       28437.6444600881
0.029533333333333384      28789.473964801295
0.029566666666666717      29143.480924194777
0.02960000000000005       29356.169433087256
0.02963333333333338       29088.94003910425
0.029666666666666713      28967.552080638918
0.02970000000000005       28848.509617921707
0.02973333333333338       28768.608115987183
0.029766666666666716      29052.327947810845
0.029800000000000045      29300.341375719414
0.02983333333333338       29549.44321920122
0.02986666666666671       29800.384472958256
0.029900000000000045      29970.733224877928
0.02993333333333338       30142.714584881414
0.029966666666666714      30317.080442944873
0.030000000000000047      30550.97914109906
0.03003333333333338       30587.521501107938
0.030066666666666714      30566.935860662452
0.030100000000000043      30546.36934563887
0.030133333333333377      30382.698066877732
0.03016666666666671       30306.49432722452
0.030200000000000043      30374.620851261938
0.03023333333333338       30443.954577967907
0.030266666666666713      30688.05110828588
0.030300000000000046      31119.654756320862
0.03033333333333338       31378.78926258858
0.030366666666666712      31639.009750530862
0.030400000000000045      31770.701310133183
0.030433333333333378      31445.907827221192
0.03046666666666671       31253.081550239942
0.030500000000000044      31062.6077862193
0.030533333333333374      30937.298036808083
0.03056666666666671       31203.217432275596
0.03060000000000004       31407.027916155188
0.03063333333333337       31611.54027405788
0.030666666666666707      31764.104654903094
0.03070000000000004       31685.397303056212
0.030733333333333373      31660.723697555608
0.03076666666666671       31637.434530205417
0.03080000000000004       31716.750483010674
0.030833333333333376      31914.101920284524
0.03086666666666671       32010.436653968998
0.030900000000000035      32106.97496887598
0.03093333333333337       32050.92505472913
0.030966666666666705      31698.344501000494
0.031000000000000038      31500.294305994586
0.031033333333333375      31303.98279289947
0.031066666666666704      31253.877917781312
0.031100000000000037      31723.783514810366
0.03113333333333337       32050.91205389133
0.031166666666666704      32379.731522653146
0.031200000000000037      32612.428343752457
0.031233333333333373      32194.780897609155
0.031266666666666706      31879.58829871174
0.03130000000000004       31569.036656262313
0.03133333333333338       31326.87509837885
0.03136666666666671       31557.514397022813
0.03140000000000004       31724.967164890404
0.03143333333333337       31892.9821544289
0.0314666666666667        31950.02120933668
0.03150000000000003       31677.075942669344
0.03153333333333336       31519.633267041354
0.03156666666666669       31366.155244689115
0.031600000000000024      31411.610746000733
0.031633333333333354      31813.64765106323
0.03166666666666669       32021.40149398047
0.03170000000000002       32229.84102547148
0.03173333333333335       32177.847486355735
0.03176666666666668       31402.87217183536
0.03180000000000001       30897.774148243898
0.03183333333333334       30401.43443539777
0.03186666666666667       30031.461132617238
0.0319                    30833.098273298743
0.031933333333333334      31524.99205272306
0.03196666666666667       32224.75056862168
0.032                     32932.37524165623
0.032                     31492.680357256948
0.03204999999999999       31130.71796797379
0.03209999999999997       30775.619095841164
0.032149999999999956      30427.38361827666
0.03219999999999994       30150.29206889802
0.03224999999999993       30391.370054236493
0.03229999999999993       30573.45860374221
0.032349999999999934      30760.838564805428
0.032399999999999936      30616.959288155143
0.03244999999999994       30136.643645691332
0.032499999999999946      29993.62348975578
0.03254999999999995       29851.34633639508
0.03259999999999995       29578.410498961744
0.03264999999999995       29460.16925307468
0.03269999999999995       29473.630450561377
0.03274999999999995       29487.39204862187
0.032799999999999954      29440.641060476275
0.032849999999999956      29329.020523146468
0.03289999999999996       29286.86156479125
0.03294999999999996       29253.353131356544
0.03299999999999996       28514.60270764625
0.03304999999999996       28011.262741269464
0.03309999999999996       28228.6468475756
0.033149999999999964      28452.86100798626
0.033199999999999966      29153.476848240913
0.03324999999999997       28900.326161037716
0.03329999999999997       28189.238458298223
0.03334999999999997       27489.784089481505
0.03339999999999997       27119.032591804433
0.03344999999999997       27615.81734670476
0.033499999999999974      27798.66122272546
0.033549999999999976      27984.633235577774
0.03359999999999998       27794.702785833375
0.03364999999999998       27335.35856229684
0.03369999999999998       27256.86420007161
0.03374999999999998       27180.188495842252
0.03379999999999998       26875.902092802273
0.03384999999999998       26746.300067920052
0.03389999999999998       26849.630927540195
0.03394999999999998       26956.46564218717
0.03399999999999998       27215.83958899012
0.03404999999999998       27011.61740705092
0.03409999999999998       26673.890065171956
0.03414999999999997       26351.692919312944
0.034199999999999973      26155.419702431558
0.034249999999999975      26315.950736446805
0.034299999999999976      26368.072760165236
0.03434999999999998       26422.178971717003
0.03439999999999998       26587.245482205
0.03444999999999998       26483.793215563157
0.03449999999999998       26274.191347392156
0.034549999999999984      26067.41489013027
0.034599999999999985      25658.099384470792
0.034649999999999986      25709.628443261583
0.03469999999999998       25971.343912631117
0.034749999999999975      26237.88270937858
0.03479999999999998       26476.049547497256
0.03484999999999998       26121.870436660498
0.03489999999999998       25817.96679469412
0.03494999999999998       25531.140836518167
0.03499999999999998       25348.899178150918
0.035049999999999984      25678.53983158714
0.035099999999999985      25929.169134263186
0.03514999999999999       26188.295271325485
0.03519999999999998       26210.981124653707
0.03524999999999998       25718.432828106965
0.035299999999999984      25473.878613143064
0.035349999999999986      25232.379585837563
0.03539999999999999       25641.930809365305
0.03544999999999999       26174.333628955803
0.03549999999999999       26070.45102331601
0.03554999999999999       25978.276894233324
0.03559999999999999       25461.71797505703
0.035649999999999994      25496.45182331451
0.035699999999999996      25974.823188877737
0.03574999999999999       26460.740724256393
0.03579999999999999       26508.905683201403
0.03584999999999999       25968.880452241625
0.035899999999999994      25884.790452880516
0.035949999999999996      25811.335346193762
0.036                     26604.178546651317
0.03605                   27329.327548067162
0.03610000000000001       27209.735537920973
0.03615000000000001       27101.064880031976
0.03620000000000001       26455.849000886956
0.03625000000000002       26667.606653692215
0.03630000000000002       27439.08375398948
0.03635000000000002       28222.813904526403
0.03640000000000003       29053.629735545568
0.036450000000000024      28852.959525787865
0.03650000000000002       28619.059641325606
0.03655000000000001       28386.769149956093
0.036600000000000014      28707.868664183974
0.036650000000000016      30079.106041782386
0.03670000000000002       30919.919422735537
0.03675000000000002       31782.07566133956
0.03680000000000002       31739.09148835215
0.03685000000000002       31479.579964610253
0.03690000000000002       32156.62259711676
0.036950000000000024      32843.74172530372
0.03700000000000002       34035.85473933609
0.03705000000000002       35231.324125279316
0.03710000000000002       35939.05526997562
0.03715000000000002       36653.972834139146
0.037200000000000025      37232.07277069177
0.037250000000000026      38054.56190663157
0.03730000000000003       39034.33885644175
0.03735000000000002       40027.394032418866
0.037400000000000024      41403.6306954982
0.037450000000000025      43159.208772195794
0.037500000000000026      44567.64763441024
0.03755000000000003       45998.85326222763
0.03760000000000002       46591.38240977703
0.037650000000000024      47685.38432927175
0.037700000000000025      49682.651164010524
0.03775000000000002       51721.728569631785
0.03780000000000002       53867.863679937785
0.03785000000000002       55786.52415291133
0.037900000000000024      57673.356521232454
0.037950000000000025      59593.628769109884
0.03800000000000003       61547.359866696075
0.03800000000000003       61798.86078161447
0.03803333333333336       63368.74214020036
0.03806666666666671       64959.217733267644
0.03810000000000005       66570.28725628917
0.038133333333333394      68179.0421716646
0.038166666666666724      69406.08683644621
0.03820000000000005       70667.75141607622
0.03823333333333338       71941.13037843809
0.03826666666666671       73187.44402925529
0.03830000000000004       74333.13316735803
0.03833333333333337       75527.8367371801
0.0383666666666667        76732.77402380313
0.03840000000000003       77971.2039628773
0.03843333333333337       79187.12010157456
0.0384666666666667        80391.86915823657
0.038500000000000034      81608.70572845342
0.03853333333333337       82882.18862127786
0.0385666666666667        83819.03848168213
0.03860000000000004       84720.72563702983
0.03863333333333337       85631.8084302821
0.038666666666666696      86537.19773571564
0.038700000000000026      86956.49162396495
0.038733333333333356      87395.54406255286
0.038766666666666685      87839.26897789218
0.038800000000000015      88240.48420661836
0.038833333333333345      88433.63625683995
0.03886666666666668       88678.18809578418
0.03890000000000002       88926.95807883037
0.03893333333333335       89174.6916306372
0.03896666666666668       89441.04023786586
0.03900000000000001       89719.47032140747
0.03903333333333334       90004.72477632247
0.039066666666666666      90320.7361549896
0.039099999999999996      90555.46520613409
0.03913333333333333       90773.41374161052
0.03916666666666667       90998.51417230604
0.0392                    91233.58237398948
0.03923333333333333       91267.74415126118
0.03926666666666666       91305.35060171364
0.03929999999999999       91349.21895152729
0.03933333333333332       91391.22363218227
0.03936666666666665       91279.6614347895
0.039399999999999984      91187.21269551916
0.03943333333333332       91105.74989034516
0.03946666666666665       91039.1123052804
0.03949999999999998       90856.47872659666
0.03953333333333331       90688.07643703613
0.03956666666666664       90537.74263550129
0.03959999999999997       90403.8299334223
0.0396333333333333        90136.50567980154
0.03966666666666663       89885.62748017228
0.039699999999999964      89649.55004287131
0.039733333333333294      89418.2423795251
0.03976666666666663       89099.27584713887
0.03979999999999996       88802.98516260998
0.03983333333333329       88519.34073617679
0.03986666666666663       88260.59422260826
0.03989999999999996       87931.21122497751
0.03993333333333329       87614.09007040707
0.03996666666666663       87321.47952388701
0.03999999999999996       87069.95739457145
0.040033333333333296      86650.9154244961
0.040066666666666625      86249.12771885288
0.040099999999999955      85881.17163963597
0.04013333333333329       85523.6865527846
0.04016666666666663       85000.49535276038
0.04019999999999996       84521.7244392797
0.040233333333333295      84064.0164597536
0.040266666666666624      83596.74160407434
0.04029999999999996       83185.57731634221
0.0403333333333333        82821.54913829298
0.040366666666666634      82474.02852333948
0.040399999999999964      82173.51654643692
0.04043333333333329       81960.31951230396
0.04046666666666662       81747.85197032579
0.04049999999999995       81566.61239722093
0.04053333333333328       81462.31868711546
0.04056666666666661       81139.93570128187
0.040599999999999956      80808.25717413051
0.040633333333333285      80513.00120301609
0.040666666666666615      80238.29142361114
0.040699999999999945      79597.3899777202
0.040733333333333274      78996.97135966623
0.04076666666666662       78421.16181272348
0.04079999999999995       77842.64339580951
0.04083333333333328       77108.03051143429
0.04086666666666662       76428.16038686018
0.04089999999999995       75775.7150811328
0.04093333333333328       75167.51914849039
0.04096666666666661       74463.03995104454
0.04099999999999994       73783.40088160211
0.04103333333333327       73145.4239324288
0.0410666666666666        72541.03168979075
0.04109999999999993       71775.03627647778
0.04113333333333326       71055.74945713718
0.0411666666666666        70375.09473824322
0.04119999999999993       69689.93844237582
0.04123333333333326       69058.60105052301
0.041266666666666604      68499.48843224157
0.041299999999999934      67969.46893837434
0.041333333333333264      67494.4724734374
0.0413666666666666        67176.25833749381
0.04139999999999993       66864.25599932301
0.04143333333333326       66584.39475776175
0.041466666666666596      66393.78099132821
0.041499999999999926      65971.72647561607
0.041533333333333255      65527.178483510856
0.0415666666666666        65117.24330983909
0.04159999999999993       64706.20820186079
0.04163333333333326       63950.305951101625
0.0416666666666666        63261.99999177971
0.04169999999999993       62605.57930208148
0.04173333333333326       61936.11979682849
0.04176666666666659       61335.470179157586
0.04179999999999993       60814.8138163996
0.041833333333333264      60329.22572237693
0.041866666666666594      59928.14535112983
0.04189999999999993       59587.145892647844
0.04193333333333326       59239.335422974465
0.04196666666666659       58934.151089837964
0.041999999999999926      58671.59334783687
0.041999999999999926      58051.56097234316
0.042049999999999886      57702.494980629206
0.04209999999999984       57446.44428139408
0.04214999999999979       57283.40577068633
0.04219999999999975       57177.6251586697
0.04224999999999975       57438.36963908179
0.042299999999999754      57833.38954967868
0.042349999999999756      58326.9353395248
0.04239999999999976       58657.51269030159
0.04244999999999976       59440.16539799655
0.04249999999999976       60654.620556093745
0.04254999999999976       62039.411747696315
0.04259999999999976       64322.03930136121
0.042649999999999764      66453.44720717859
0.042699999999999766      67984.88188617106
0.04274999999999977       69643.8355623707
0.04279999999999977       71457.31154717188
0.04284999999999977       75112.72910946434
0.04289999999999977       78924.88038599756
0.04294999999999977       82920.75293273249
0.042999999999999775      86395.461334166
0.043049999999999776      89988.51086629882
0.043099999999999784      94504.40351525106
0.043149999999999786      99238.28511994741
0.04319999999999979       104651.78297305711
0.04324999999999979       111376.60353972972
0.04329999999999978       117932.36306193718
0.043349999999999785      124780.70007248502
0.043399999999999786      131369.34221639752
0.04344999999999979       139467.60753537036
0.04349999999999979       148497.1537655055
0.04354999999999979       157905.71763252708
0.04359999999999979       167894.04927660542
0.04364999999999979       179394.71866445043
0.043699999999999795      191158.0873096265
0.043749999999999796      203384.92924146526
0.0437999999999998        216239.57388750155
0.0438499999999998        231632.5466263237
0.0438999999999998        247478.296297672
0.0439499999999998        263941.180095065
0.0439999999999998        281392.537944227
0.044049999999999805      302209.03003789065
0.044099999999999806      323414.1692526899
0.04414999999999981       345379.245062398
0.04419999999999981       366995.5462828289
0.04424999999999981       393514.68342027644
0.04429999999999981       422247.136304646
0.04434999999999981       452084.3279186958
0.044399999999999815      482789.5091604994
0.044449999999999816      517415.1260769926
0.04449999999999982       553572.2730685219
0.04454999999999982       591024.2213098233
0.04459999999999982       630281.2536192758
0.04464999999999982       677292.409195986
0.04469999999999982       725506.5213365223
0.04474999999999983       775433.88717954
0.04479999999999983       828097.5919814785
0.04484999999999983       888579.8281215901
0.04489999999999983       950138.4283451461
0.04494999999999983       1013796.4949175591
0.04499999999999983       1079098.9364841867
0.04504999999999983       1159573.2566250006
0.045099999999999835      1243480.0426357165
0.045149999999999836      1330364.3200328306
0.04519999999999984       1416636.4982593474
0.04524999999999984       1514637.7887000716
0.04529999999999984       1619831.3333407324
0.04534999999999984       1728627.7490841283
0.04539999999999984       1843898.0138785546
0.045449999999999845      1978695.0728025157
0.045499999999999846      2115217.4610005575
0.04554999999999985       2256336.159672765
0.04559999999999985       2401719.1433569617
0.04564999999999985       2571617.0037396103
0.04569999999999985       2747712.678197532
0.04574999999999985       2929674.2722648922
0.045799999999999855      3118307.0118009034
0.045849999999999856      3340686.0398865505
0.04589999999999986       3569925.5466296985
0.04594999999999986       3806831.112824949
0.04599999999999986       4048621.537432978
0.04604999999999986       4328640.390172168
0.04609999999999986       4621023.759991635
0.046149999999999865      4922990.469519926
0.046199999999999866      5234390.7715465855
0.046249999999999875      5602352.603029111
0.046299999999999876      5983049.150065717
0.04634999999999988       6376331.369825486
0.04639999999999987       6774493.749403137
0.04644999999999987       7232276.25343332
0.046499999999999875      7713312.010369999
0.046549999999999876      8209895.819199412
0.04659999999999988       8737499.469968135
0.04664999999999988       9348139.217393897
0.04669999999999988       9962929.88937891
0.04674999999999988       1.0597343593221385E7
0.04679999999999988       1.124376603280091E7
0.046849999999999885      1.2014788920918027E7
0.046899999999999886      1.2819565015762681E7
0.04694999999999989       1.365048075253885E7
0.046999999999999896      1.4495318059849165E7
0.04704999999999989       1.5470119774026081E7
0.04709999999999989       1.648977653771913E7
0.04714999999999989       1.754207169843663E7
0.047199999999999895      1.862783256100395E7
0.047249999999999896      1.9891436814737767E7
0.0472999999999999        2.1195725820807472E7
0.0473499999999999        2.2541527864962336E7
0.04739999999999991       2.3935086317516573E7
0.0474499999999999        2.555447507032903E7
0.0474999999999999        2.7220305400073223E7
0.047549999999999905      2.8938821667135783E7
0.047599999999999906      3.071598065617951E7
0.04764999999999991       3.27974460003478E7
0.047699999999999916      3.494092207051823E7
0.047749999999999924      3.715236788110695E7
0.047799999999999926      3.94167117933446E7
0.04784999999999993       4.2059458391285196E7
0.04789999999999993       4.480416528858711E7
0.047949999999999916      4.763576279940621E7
0.04799999999999992       5.055426341414818E7
0.04799999999999992       5.044131565491515E7
0.04803333333333316       5.249851327042447E7
0.048066666666666404      5.4596959979957104E7
0.048099999999999636      5.6736657420206346E7
0.048133333333332876      5.891965370460183E7
0.04816666666666621       6.1030786539261796E7
0.048199999999999556      6.317707666122724E7
0.048233333333332885      6.536057212477173E7
0.04826666666666622       6.758324362096608E7
0.048299999999999566      6.970495440712565E7
0.0483333333333329        7.185753366738862E7
0.04836666666666624       7.404295200044239E7
0.048399999999999575      7.626171767665571E7
0.04843333333333291       7.835697330636747E7
0.04846666666666625       8.048019786007498E7
0.04849999999999958       8.263189956293167E7
0.048533333333332915      8.481259144506632E7
0.04856666666666625       8.685473878569852E7
0.04859999999999959       8.892074112159757E7
0.048633333333332925      9.101111145903805E7
0.04866666666666626       9.312751169194409E7
0.04869999999999959       9.508474691596057E7
0.048733333333332934      9.70607197688606E7
0.04876666666666627       9.905709206671892E7
0.04879999999999961       1.0107495556551257E8
0.048833333333332944      1.0291028036567505E8
0.04886666666666629       1.0476108414596948E8
0.048899999999999624      1.066284585322811E8
0.048933333333332954      1.0851250053861716E8
0.0489666666666663        1.1019943156991158E8
0.04899999999999963       1.1189935000668105E8
0.049033333333332964      1.1361235272881857E8
0.04906666666666631       1.1533948525467154E8
0.049099999999999644      1.1685627927741022E8
0.049133333333332974      1.183819951985697E8
0.0491666666666663        1.1991767838018729E8
0.04919999999999965       1.2146493209465714E8
0.04923333333333298       1.2278171951277362E8
0.04926666666666632       1.241040583478704E8
0.049299999999999664      1.2543355165372683E8
0.04933333333333299       1.2677053849092805E8
0.04936666666666633       1.2786132431424747E8
0.049399999999999666      1.2895651364324328E8
0.049433333333333         1.3005644531323928E8
0.04946666666666634       1.3116094275158939E8
0.049499999999999676      1.3201344295806623E8
0.04953333333333302       1.3286895272473688E8
0.04956666666666635       1.3372729531769632E8
0.049599999999999686      1.345891844134853E8
0.04963333333333302       1.3519211465255952E8
0.04966666666666636       1.3579574365509498E8
0.049699999999999696      1.3640078494854498E8
0.04973333333333303       1.370075707039945E8
0.04976666666666637       1.3734670145678118E8
0.0497999999999997        1.3768598564734653E8
0.04983333333333304       1.3802575525584403E8
0.04986666666666638       1.3836526462329346E8
0.049899999999999715      1.3843726813029626E8
0.04993333333333305       1.3851010275123653E8
0.04996666666666639       1.3858302263877115E8
0.049999999999999725      1.3865592112841183E8
0.050033333333333055      1.3846511519827545E8
0.0500666666666664        1.3827461266759154E8
0.050099999999999735      1.380843066925811E8
0.05013333333333307       1.3789456643033567E8
0.050166666666666415      1.3744010055229503E8
0.05019999999999975       1.3698608190123236E8
0.05023333333333309       1.36532879416949E8
0.05026666666666642       1.360800457523107E8
0.05029999999999976       1.3536534390836564E8
0.05033333333333309       1.3465303332643318E8
0.05036666666666643       1.3394266643522148E8
0.05039999999999977       1.3323396378642255E8
0.05043333333333311       1.3227110613271819E8
0.05046666666666644       1.313120812424029E8
0.050499999999999774      1.3035660950197288E8
0.05053333333333311       1.2940445145302686E8
0.05056666666666645       1.2820455123304501E8
0.05059999999999979       1.2701054016919108E8
0.05063333333333313       1.2582217868910965E8
0.05066666666666646       1.2463788916476658E8
0.050699999999999794      1.2321959118174683E8
0.05073333333333313       1.2181103189805476E8
0.05076666666666647       1.2041063356076396E8
0.050799999999999804      1.190171384941327E8
0.05083333333333315       1.174098725161004E8
0.050866666666666484      1.158148368993936E8
0.05089999999999981       1.1423077379924001E8
0.05093333333333316       1.1265753277951568E8
0.05096666666666649       1.1088390687473561E8
0.05099999999999982       1.0912456510485625E8
0.05103333333333316       1.0737935687972663E8
0.051066666666666496      1.056472252642881E8
0.05109999999999983       1.0372823048691154E8
0.05113333333333316       1.0182792693281984E8
0.051166666666666506      9.994525758445463E7
0.05119999999999984       9.807872465562645E7
0.05123333333333318       9.604714112738542E7
0.05126666666666652       9.403835361242184E7
0.05129999999999986       9.20508642665354E7
0.051333333333333196      9.008414582198226E7
0.05136666666666653       8.797102438645189E7
0.05139999999999987       8.588356823699263E7
0.0514333333333332        8.382125003797805E7
0.051466666666666536      8.178289175396404E7
0.05149999999999987       7.961510268888588E7
0.05153333333333321       7.747765526423025E7
0.05156666666666654       7.536937141279262E7
0.05159999999999988       7.328834862945099E7
0.05163333333333322       7.11027493453323E7
0.051666666666666555      6.895216616508113E7
0.0516999999999999        6.683469658740403E7
0.051733333333333235      6.474970936841065E7
0.05176666666666657       6.25818903071381E7
0.0517999999999999        6.045168865467383E7
0.051833333333333245      5.835847316621118E7
0.051866666666666575      5.630172159459494E7
0.05189999999999991       5.417664770036827E7
0.051933333333333255      5.209307035068094E7
0.05196666666666659       5.005046731657516E7
0.05199999999999992       4.804883719160327E7
0.05199999999999992       4.805910710824526E7
0.0520666666666666        4.4388035704794414E7
0.05213333333333327       4.086304246985309E7
0.05219999999999995       3.7484097001112364E7
0.05226666666666663       3.425728673560502E7
0.05233333333333329       3.163575119336882E7
0.052399999999999954      2.9113093208269045E7
0.05246666666666663       2.66954072339197E7
0.052533333333333286      2.4391393381554462E7
0.05259999999999996       2.251711254575378E7
0.05266666666666662       2.07098444982847E7
0.052733333333333285      1.8978294499804214E7
0.05279999999999996       1.7329377050099947E7
0.05286666666666662       1.5991236332714891E7
0.05293333333333329       1.4700565142539062E7
0.05299999999999996       1.3464282002347736E7
0.053066666666666616      1.2286590548796939E7
0.05313333333333328       1.1330418209016245E7
0.053199999999999956      1.0409159488821073E7
0.053266666666666615      9527020.857781136
0.05333333333333329       8687261.494366515
0.05339999999999995       8005666.059040362
0.05346666666666662       7348955.9345428925
0.053533333333333294      6720392.114816909
0.05359999999999995       6125209.595230302
0.05366666666666662       5640585.222650997
0.053733333333333286      5171149.115296443
0.05379999999999995       4722137.75413201
0.05386666666666662       4298878.890379449
0.053933333333333285      3958816.787161681
0.05399999999999995       3627891.28646993
0.05406666666666662       3311431.37808324
0.05413333333333328       3005397.6070849635
0.05419999999999995       2761265.6211404004
0.05426666666666662       2531195.5918648
0.05433333333333328       2311148.6097249584
0.05439999999999995       2097703.7179531157
0.054466666666666615      1922072.525478277
0.05453333333333328       1757261.3236030145
0.05459999999999995       1599849.5455047467
0.05466666666666661       1453119.9572067743
0.05473333333333328       1333618.1053266572
0.054799999999999946      1216247.9285704114
0.054866666666666605      1104292.7121996442
0.05493333333333328       999898.5186481634
0.054999999999999945      917206.2381169774
0.05506666666666661       836126.2225268584
0.055133333333333284      758804.8203356356
0.055199999999999944      685457.384515599
0.05526666666666662       627078.8882020769
0.05533333333333328       571106.1867537308
0.05539999999999994       517754.8164063613
0.05546666666666661       466651.08316036535
0.05553333333333328       425807.1246227205
0.05559999999999994       387177.1603136989
0.055666666666666614      350387.64479469904
0.05573333333333328       315541.132650842
0.05579999999999994       287426.2211129655
0.055866666666666606      260532.16613829604
0.05593333333333327       234961.61800744815
0.05599999999999994       210762.13199264245
0.05606666666666661       191900.04540510764
0.05613333333333327       173880.4521929064
0.056199999999999944      156750.98372655394
0.05626666666666662       140001.61877593902
0.05633333333333328       126602.19229616314
0.05639999999999994       114338.6547264215
0.0564666666666666        102701.02574154113
0.05653333333333327       92025.76114490151
0.056599999999999935      83294.29569270312
0.056666666666666594      74696.26383228393
0.05673333333333327       66568.19405593837
0.056799999999999934      59151.259625663704
0.0568666666666666        53613.37281570542
0.056933333333333266      48131.12800462614
0.05699999999999993       42945.73041419431
0.0570666666666666        37999.90699217237
0.057133333333333265      34065.136175182444
0.05719999999999993       30397.09346319882
0.057266666666666605      26938.499434700258
0.05733333333333327       23908.530657065796
0.05739999999999994       21560.20705443025
0.0574666666666666        19138.00985263456
0.05753333333333327       16861.15443524492
0.057599999999999936      14655.740342446275
0.0576666666666666        13143.64466404778
0.05773333333333327       11780.729924500289
0.057799999999999935      10493.108350150025
0.0578666666666666        9080.55584670342
0.05793333333333326       7950.035100712646
0.057999999999999934      7071.6380078519405
0.05806666666666661       6245.129300819036
0.058133333333333266      5484.419501698147
0.05819999999999994       4838.754950451565
0.058266666666666606      4221.429515190203
0.05833333333333327       3646.3674584368428
0.05839999999999994       3182.4266969472046
0.0584666666666666        2838.246425767115
0.058533333333333264      2453.5276040824097
0.05859999999999993       2097.1363469011494
0.05866666666666659       1815.8846476711435
0.058733333333333256      1604.3864634119566
0.05879999999999992       1365.4066672555848
0.05886666666666659       1145.7564196142594
0.058933333333333254      968.6637017188152
0.05899999999999993       852.8376472600786
0.05906666666666659       724.5166775260327
0.05913333333333326       606.9342436006357
0.059199999999999926      466.9163307200437
0.05926666666666659       378.50775973449777
0.05933333333333326       327.14251006002894
0.059399999999999925      279.6480272160873
0.05946666666666659       213.71080091500593
0.059533333333333265      144.0582375975785
0.059599999999999924      103.60657773208834
0.05966666666666659       70.04075095246182
0.059733333333333256      55.91798165935199
0.05979999999999992       38.64099843222527
0.059866666666666596      18.237546073586675
0.059933333333333255      7.266365672486715
0.05999999999999992       5.727013175091451
