0                         1.7138672061789388
2.6666666666678995E-4     29.787874360782048
5.33333333333455E-4       66.2424243675805
8.00000000000127E-4       113.1039988834632
0.0010666666666667643     168.40297864664083
0.0013333333333334432     189.2780314423774
0.0016000000000000944     166.1489920499606
0.0018666666666667664     157.23086805626053
0.0021333333333334106     130.76340753399109
0.0024000000000000826     58.17308378596051
0.002666666666666734      17.886232722242177
0.0029333333333334127     5.259633973026123
0.003200000000000071      60.70634264160027
0.003466666666666736      226.50008894238061
0.003733333333333387      523.598422478567
0.004000000000000066      1033.93659961817
0.00426666666666671       1796.422695831154
0.004533333333333382      2492.7919287880636
0.0048000000000000265     3237.501106546809
0.0050666666666666985     4190.460844354912
0.00533333333333335       4911.281007007471
0.005600000000000015      5619.274148875648
0.005866666666666687      6430.895194594751
0.006133333333333338      7205.157570876611
0.006400000000000017      8045.698308096905
0.006666666666666661      9117.060659096145
0.006933333333333326      10150.536756416492
0.007199999999999977      10971.450950703413
0.007466666666666656      12335.839908930622
0.007733333333333307      13294.055799197089
0.008                     14335.895381008218
0.008133333333333347      15118.200348956132
0.008266666666666686      14699.265539621267
0.00840000000000004       14493.87932851732
0.008533333333333386      12783.55642835956
0.008666666666666725      12159.552638637948
0.008800000000000079      10527.012267042524
0.008933333333333425      9024.699235964907
0.009066666666666758      6911.397008998442
0.009200000000000118      5409.136351989013
0.009333333333333464      3911.974695996932
0.00946666666666681       2736.6576222846047
0.00960000000000015       1449.8786071536
0.009733333333333503      597.8126718749469
0.00986666666666685       286.26318737294355
0.010000000000000196      59.35860351951912
0.010133333333333543      219.00615857839358
0.010266666666666889      898.3421671415706
0.010400000000000235      1600.7085732281043
0.010533333333333582      2716.4357988165802
0.010666666666666928      4076.284878392894
0.010800000000000275      6465.571964935081
0.010933333333333607      9489.022262084942
0.011066666666666967      11768.03670636903
0.011200000000000314      13497.686747393078
0.01133333333333366       14813.202717469369
0.011466666666667007      16968.462974665148
0.01160000000000034       18404.100590464815
0.0117333333333337        20465.01491726848
0.011866666666667046      20206.470041332446
0.012000000000000004      21372.154121287407
0.012200000000000114      21395.580609951572
0.012400000000000098      20597.858749936662
0.012600000000000132      19853.21015021155
0.012800000000000117      20585.14138830892
0.013000000000000116      20741.861785002486
0.013200000000000114      20493.548145346318
0.013400000000000106      21309.578589426143
0.013600000000000112      21236.461414407615
0.013800000000000118      23172.054519259545
0.01400000000000011       23381.809426952535
0.014200000000000108      23873.201354992187
0.014400000000000114      23718.917865998974
0.014600000000000106      23993.858931199462
0.014800000000000105      23633.863084830205
0.015000000000000104      22925.674734725853
0.015200000000000088      22813.98903691733
0.015400000000000066      21578.974937239716
0.0156000000000001        20947.64368720852
0.0158000000000001        20913.26558147291
0.016000000000000097      20236.70977910737
0.016200000000000103      20648.343707202755
0.016400000000000088      19944.84795926008
0.016600000000000094      19775.435906269246
0.016800000000000093      19384.124607741967
0.01700000000000009       18921.165385310338
0.017200000000000076      17889.476175292573
0.017400000000000075      16763.506147643147
0.017600000000000095      15725.623171986543
0.01780000000000008       14436.895777600865
0.017999999999999995      14255.774336720011
0.018133333333333328      12376.013034735968
0.01826666666666666       12876.950956197128
0.018399999999999993      11600.424882158079
0.018533333333333325      11262.419215580892
0.018666666666666658      11221.654023400766
0.018799999999999983      10293.728072657777
0.018933333333333323      10005.07843465934
0.019066666666666645      9089.08884933896
0.019199999999999984      9054.533195231588
0.01933333333333332       7740.647343475678
0.019466666666666653      7639.107346687528
0.019599999999999985      6451.3658387668165
0.019733333333333318      6509.652620549622
0.01986666666666665       5646.261152014427
0.019999999999999983      5182.894559581819
0.020133333333333316      4183.27704085335
0.020266666666666648      3531.2081708244255
0.020399999999999977      3595.5789049412133
0.020533333333333313      2699.474851979995
0.020666666666666642      2544.4527282338336
0.020799999999999968      2093.5322436478864
0.020933333333333304      1891.8129563241318
0.02106666666666664       2093.782655470299
0.021199999999999972      1972.744879819062
0.0213333333333333        2678.5402714807833
0.021466666666666627      3084.8383788697797
0.021599999999999966      4257.873293737291
0.021733333333333292      5693.191184987804
0.021866666666666625      6929.4504773398285
0.022                     9729.524588520077
0.02220000000000002       14489.24154674815
0.022400000000000024      22184.534451570667
0.022600000000000016      32741.039410435813
0.02280000000000002       47117.71784402439
0.023000000000000027      68707.78684222324
0.023200000000000026      93953.82350842057
0.023400000000000025      131894.09196767924
0.023600000000000017      179153.02558493993
0.023800000000000016      238220.39213290214
0.02400000000000002       321444.1205989924
0.024200000000000027      420951.2048605772
0.024400000000000012      555709.8599027372
0.024600000000000018      723710.4396504281
0.024800000000000016      940035.02120856
0.025000000000000015      1217535.6032240593
0.025200000000000028      1580647.1077881798
0.025400000000000006      2031180.3118185215
0.02560000000000002       2620291.1456497507
0.025800000000000024      3366141.425198234
0.026000000000000023      4320696.726858012
0.026200000000000022      5553276.358503157
0.026400000000000014      7115851.410795264
0.02660000000000002       9085919.369158307
0.026800000000000025      1.166379741913941E7
0.027000000000000024      1.4878311338875107E7
0.027200000000000016      1.9073818278912928E7
0.02740000000000003       2.4314527389749356E7
0.02760000000000002       3.110818279625577E7
0.027800000000000026      3.967702134186456E7
0.027999999999999997      5.081043223305888E7
0.028133333333333337      5.908339244005423E7
0.028266666666666676      6.7623100411822E7
0.028399999999999988      7.60951600372075E7
0.028533333333333327      8.461696614843793E7
0.028666666666666646      9.292719617567554E7
0.0288                    1.0065780571016459E8
0.028933333333333325      1.0790317295210639E8
0.02906666666666667       1.147124157026469E8
0.02919999999999999       1.207149544218472E8
0.029333333333333322      1.2579751124140584E8
0.029466666666666662      1.3015741127626376E8
0.029599999999999987      1.3362639183844475E8
0.02973333333333332       1.3595479094511303E8
0.029866666666666646      1.3727022228910613E8
0.029999999999999978      1.3759757426848373E8
0.030133333333333324      1.367543440900074E8
0.03026666666666665       1.348840538466815E8
0.030399999999999976      1.3208581681157134E8
0.030533333333333308      1.283021520497327E8
0.03066666666666664       1.2371382456076644E8
0.030799999999999973      1.1842584524494343E8
0.030933333333333306      1.1222778947103289E8
0.03106666666666664       1.0524301655239066E8
0.031199999999999964      9.788496459165783E7
0.0313333333333333        9.012954940880874E7
0.03146666666666664       8.185869562914845E7
0.03159999999999996       7.342206504726796E7
0.0317333333333333        6.507397442773975E7
0.03186666666666664       5.669452210449394E7
0.031999999999999994      4.8668924713033915E7
0.032199999999999986      3.787775830996016E7
0.0324                    2.9614177296644244E7
0.032600000000000004      2.3059754239608854E7
0.0328                    1.8014399146663778E7
0.033                     1.4068474681358086E7
0.0332                    1.097798500853549E7
0.033400000000000006      8521918.923630564
0.0336                    6651153.467902347
0.033800000000000004      5175921.922761903
0.03400000000000001       4029391.051855932
0.034200000000000015      3141993.767523104
0.034400000000000014      2434758.6815531855
0.03460000000000001       1898263.2889053219
0.03480000000000001       1498187.3896760517
0.03500000000000001       1162783.4698964455
0.03520000000000002       916074.0591866217
0.035400000000000015      715511.0236404109
0.03560000000000002       561472.4569277675
0.03580000000000001       446192.28167973453
0.036000000000000025      347548.3816793693
0.036200000000000024      269629.9611247506
0.03640000000000002       213196.16852697075
0.03660000000000003       167390.66787389934
0.03680000000000003       132603.45784514074
0.037000000000000026      108116.65241913196
0.03720000000000003       83834.66630081835
0.037400000000000024      73541.4353504753
0.03760000000000003       62892.008935133905
0.03780000000000003       61465.07287139375
0.038                     63276.02112583395
0.03813333333333333       64188.12008755226
0.038266666666666664      73502.58601085623
0.0384                    78369.33135281112
0.03853333333333333       90867.87625532423
0.038666666666666676      96180.87766594322
0.0388                    110661.55750258056
0.03893333333333334       116627.02875436239
0.03906666666666668       134902.41938787908
0.0392                    145961.74733369244
0.03933333333333334       166169.61869646568
0.03946666666666668       179469.19677829614
0.039599999999999996      196024.8283055106
0.03973333333333334       211364.56426227067
0.03986666666666668       233183.3134344156
0.04000000000000001       261083.86985657449
0.04013333333333334       276083.42137611494
0.04026666666666668       300884.23703910934
0.04040000000000001       315177.96318390215
0.040533333333333345      337680.0974030895
0.040666666666666684      347146.35252442205
0.04080000000000002       355199.75560706103
0.040933333333333356      350386.03778541135
0.04106666666666669       359957.6451847638
0.04120000000000002       359322.06050668965
0.041333333333333354      349496.06154604966
0.0414666666666667        330275.4810448798
0.041600000000000026      305524.1854636957
0.041733333333333365      293298.94722223654
0.041866666666666705      267897.92517419666
0.041999999999999996      238914.47387470247
0.042199999999999994      205283.22331536582
0.04239999999999999       172386.50325595582
0.04259999999999999       148155.27931281363
0.0428                    127216.22564486094
0.04299999999999999       107635.52201956516
0.043199999999999995      99415.21438673057
0.04339999999999999       83964.58105925021
0.04359999999999999       74092.2667054454
0.0438                    66359.80543793026
0.044                     60168.70610026008
0.044199999999999996      54575.28186092599
0.044399999999999995      50205.61853747836
0.044599999999999994      42976.386328921406
0.044799999999999986      39989.66145828749
0.04499999999999999       38582.12990002764
0.04519999999999999       33540.8445230715
0.045399999999999996      30219.220325272487
0.04559999999999999       29688.717582229245
0.045799999999999993      24152.33880893539
0.045999999999999985      23150.40714604909
0.04619999999999999       21717.744414927856
0.04639999999999999       19565.39235268474
0.046599999999999996      17796.987868594788
0.046799999999999994      16088.150290611598
0.047                     13386.159293728737
0.047199999999999985      13555.59208901341
0.04739999999999999       11982.119531607992
0.04759999999999999       9235.93424924836
0.047799999999999995      9380.842964794714
0.047999999999999994      6599.463506290907
0.048133333333333334      8099.5059389074095
0.048266666666666666      5951.591064752228
0.0484                    6197.587681578303
0.04853333333333333       5292.2156366655445
0.04866666666666667       4268.3532875062865
0.0488                    4947.393419335155
0.04893333333333333       2517.688926526585
0.049066666666666654      3601.485061213208
0.0492                    1780.4941603212503
0.049333333333333326      2593.0749829280862
0.04946666666666666       1330.6658359442454
0.0496                    1674.0516822998475
0.04973333333333333       790.3524814904927
0.04986666666666666       692.4142066247033
0.05                      599.4121026268103
0.050133333333333335      333.3617781646225
0.050266666666666675      702.3493175900306
0.0504                    322.3105646709189
0.05053333333333334       683.3550137738229
0.05066666666666666       556.0189252701879
0.0508                    721.3461129506264
0.05093333333333333       1080.4506172496497
0.05106666666666666       907.7818639252532
0.0512                    1390.3826642495553
0.051333333333333335      1394.1762574777183
0.05146666666666667       1907.4243746758416
0.0516                    2181.0483787327034
0.05173333333333334       3010.8934903480026
0.05186666666666666       3772.254358635999
0.052                     3690.541086277203
0.05226666666666666       4687.626872706719
0.05253333333333333       4933.06092532122
0.05279999999999999       5590.290108336156
0.05306666666666666       7130.052683488581
0.05333333333333334       7739.719144477345
0.0536                    7628.346463363973
0.05386666666666667       7810.9693710587835
0.05413333333333333       8310.989480485892
0.0544                    8084.496198951595
0.05466666666666666       7218.906863933709
0.05493333333333333       6583.4003711305595
0.05519999999999999       5634.753350886665
0.05546666666666666       5035.215067788991
0.05573333333333332       4853.043033646077
0.056                     3839.0470838657634
0.056266666666666666      2947.623996936238
0.05653333333333333       2874.247596679648
0.056799999999999996      2494.6588362231046
0.05706666666666666       1795.8764386245189
0.057333333333333326      1404.9698908218782
0.057600000000000005      1091.6856328625151
0.05786666666666667       811.817239972959
0.058133333333333335      659.8479787873654
0.0584                    485.5253967480617
0.05866666666666668       297.7295175294566
0.05893333333333333       207.28553394274635
0.05920000000000001       211.6492701867491
0.059466666666666675      150.93658801163912
0.059733333333333326      22.047054671379236
0.05999999999999999       5.946959722912457
