0                         0.024117197689006883
4.500000000000094E-4      0.41500842850688907
9.00000000000005E-4       2.3689865594285817
0.001350000000000011      5.2636156126313205
0.0018000000000000169     5.054171652636348
0.002250000000000016      6.79853551141037
0.002700000000000008      14.592157929155517
0.003150000000000021      28.119480445311492
0.003600000000000013      51.60031176923562
0.004050000000000033      91.55916632677345
0.004500000000000025      155.6054253699399
0.004950000000000017      217.25947919950923
0.005400000000000037      291.19231154693034
0.005850000000000022      413.9165766359344
0.006300000000000035      498.77898547374593
0.006750000000000034      640.9052999623523
0.007200000000000033      782.99150991158
0.007650000000000039      943.3181223255809
0.008100000000000024      1193.5391172301922
0.00855000000000005       1327.9997274574048
0.009000000000000036      1548.2241099544003
0.009450000000000042      1841.2808856491738
0.00990000000000004       2171.4177396515415
0.010350000000000047      2707.507588813857
0.010800000000000046      3617.4672612901595
0.011250000000000045      5042.383015258139
0.01170000000000005       7519.868054023808
0.012150000000000057      11956.09280144727
0.012600000000000042      19498.154461339698
0.013050000000000048      33140.85330900316
0.01350000000000006       57008.927307946324
0.013950000000000046      98938.08357089086
0.014400000000000045      171348.9791786568
0.01485000000000005       296769.79606469115
0.015300000000000057      516281.57444309857
0.01575000000000005       895300.7443053442
0.016200000000000055      1555286.9055288287
0.016650000000000054      2706228.0723145525
0.017100000000000046      4710988.63382043
0.01755000000000006       8205925.309157375
0.018000000000000002      1.4426692453562053E7
0.018100000000000026      1.6225068475472191E7
0.01820000000000003       1.8057440916939568E7
0.01830000000000003       1.9907856593466867E7
0.018400000000000027      2.1758429591290757E7
0.018500000000000023      2.3592080779434435E7
0.018600000000000026      2.5393710337630335E7
0.018700000000000022      2.7148729907620814E7
0.018800000000000018      2.8841835023512688E7
0.018900000000000028      3.0458961118929777E7
0.019000000000000017      3.1986597373865448E7
0.019100000000000027      3.3411816406684935E7
0.01920000000000001       3.4720977860475175E7
0.019300000000000025      3.5901412071553215E7
0.019400000000000014      3.694405909498606E7
0.019500000000000024      3.784303918666019E7
0.01960000000000002       3.859228309179278E7
0.019700000000000023      3.918371597277397E7
0.01980000000000002       3.960940186602587E7
0.019900000000000022      3.986471886517218E7
0.020000000000000018      3.994868441923761E7
0.02010000000000002       3.986165555577603E7
0.02020000000000001       3.960367067320578E7
0.02030000000000002       3.917528431667535E7
0.020400000000000015      3.8579664327199794E7
0.020500000000000025      3.7823603633704334E7
0.020600000000000014      3.691632070524531E7
0.020700000000000017      3.586696452879454E7
0.02080000000000002       3.468309799069225E7
0.020900000000000023      3.3371764931688208E7
0.02100000000000002       3.19421804616536E7
0.02110000000000002       3.040728506213985E7
0.021200000000000017      2.878269240936886E7
0.021300000000000013      2.7084394676281787E7
0.02140000000000001       2.5327416132862896E7
0.021500000000000026      2.3525954248430237E7
0.021600000000000015      2.169416652981613E7
0.02170000000000001       1.984693959770275E7
0.021800000000000014      1.800030707447982E7
0.02190000000000001       1.6171031962297034E7
0.022000000000000006      1.4375430905268578E7
0.022149999999999996      1.1985869199018115E7
0.0223                    9962439.523314841
0.022449999999999998      8279516.820589534
0.022600000000000002      6886523.252860949
0.022750000000000006      5727033.562445637
0.022900000000000004      4766597.46628318
0.023050000000000008      3969225.2815796435
0.023200000000000005      3312502.324070167
0.023349999999999996      2769011.4600353264
0.0235                    2323501.245900602
0.023649999999999997      1957317.7947927301
0.02380000000000001       1659625.5032107944
0.023950000000000006      1419115.921429255
0.024100000000000003      1228784.8541962649
0.02425                   1081804.907427971
0.024399999999999998      972960.8226515894
0.02455000000000001       898265.017000631
0.024700000000000007      854068.7796213637
0.024849999999999997      839459.6921953219
0.02500000000000001       853581.8101392478
0.025150000000000006      897796.5242217183
0.025300000000000003      974253.932797592
0.02545                   1085247.7809131383
0.025599999999999998      1234865.0340435358
0.025750000000000002      1426991.121133299
0.025900000000000006      1668474.6049903962
0.026050000000000004      1967039.6828737468
0.0262                    2334035.0297850333
0.026350000000000005      2782418.018338154
0.026499999999999996      3328281.8040692206
0.026649999999999993      3989251.2488136296
0.026799999999999997      4789258.31931426
0.026949999999999995      5753198.777889577
0.0271                    6917581.760720417
0.027250000000000003      8318786.224247428
0.0274                    1.0010213115890041E7
0.027549999999999998      1.2046048572918605E7
0.027700000000000002      1.449808458594302E7
0.027849999999999993      1.7446979826358907E7
0.027999999999999997      2.0994852639624033E7
0.028100000000000007      2.35356571338623E7
0.028200000000000003      2.6198318284563377E7
0.028300000000000006      2.888644219388611E7
0.0284                    3.1576674717657477E7
0.028500000000000004      3.424611607539773E7
0.028600000000000007      3.687133671694449E7
0.02870000000000001       3.94283513786191E7
0.028800000000000006      4.189470632519459E7
0.02890000000000001       4.425108713499561E7
0.029000000000000005      4.647974905573513E7
0.029100000000000008      4.856141829476348E7
0.029200000000000004      5.047498539698413E7
0.029300000000000007      5.220112406551407E7
0.029400000000000003      5.3725842439679146E7
0.029500000000000005      5.503974509598221E7
0.0296                    5.6133972485150844E7
0.029699999999999997      5.6997800761595674E7
0.0298                    5.7620646248700045E7
0.02990000000000001       5.7995703037459604E7
0.030000000000000006      5.812073648445099E7
0.03010000000000001       5.799570303784404E7
0.030199999999999998      5.7620646249182425E7
0.0303                    5.699780076205756E7
0.030400000000000003      5.61339724855833E7
0.030500000000000006      5.50397450963321E7
0.03060000000000001       5.3725842439969264E7
0.030700000000000012      5.220112406594958E7
0.0308                    5.047498539760691E7
0.030899999999999997      4.8561418295463614E7
0.031                     4.647974905621691E7
0.031100000000000003      4.425108713515259E7
0.031200000000000006      4.189470632535948E7
0.031299999999999994      3.942835137926765E7
0.0314                    3.687133671802467E7
0.0315                    3.4246116076282196E7
0.0316                    3.157667471784591E7
0.031700000000000006      2.8886442193559706E7
0.031799999999999995      2.6198318284258883E7
0.03190000000000001       2.3535657133860704E7
0.032                     2.0994852640130237E7
0.03215000000000002       1.744697982724664E7
0.032300000000000016      1.449808458637479E7
0.03245000000000003       1.2046048573679937E7
0.03260000000000001       1.0010213115767516E7
0.03275000000000002       8318786.224439398
0.03290000000000002       6917581.76054617
0.03305000000000002       5753198.778090975
0.033200000000000014      4789258.319536987
0.033350000000000025      3989251.248876324
0.03350000000000002       3328281.8041855455
0.03365000000000002       2782418.018139973
0.03380000000000002       2334035.029692333
0.033950000000000015      1967039.682718756
0.03410000000000001       1668474.604950912
0.034250000000000023      1426991.1212147016
0.03440000000000002       1234865.0340678005
0.034550000000000004      1085247.7810520176
0.034700000000000016      974253.9327909842
0.03485000000000001       897796.5242229941
0.034999999999999996      853581.8101129289
0.03515000000000001       839459.6921933289
0.03529999999999999       854068.7796230164
0.03545                   898265.0171646042
0.035600000000000014      972960.82264696
0.03575                   1081804.9075676373
0.03590000000000001       1228784.8540785508
0.036050000000000006      1419115.9212315048
0.03620000000000002       1659625.5031213842
0.03635                   1957317.794573046
0.03650000000000001       2323501.2460753163
0.03665000000000001       2769011.4600546598
0.036800000000000006      3312502.324250177
0.036950000000000004      3969225.281530431
0.0371                    4766597.466204082
0.037250000000000026      5727033.562214855
0.037399999999999996      6886523.25282816
0.03755000000000001       8279516.821153815
0.03769999999999999       9962439.52344198
0.03784999999999999       1.1985869199764596E7
0.038                     1.4375430905330885E7
0.038099999999999946      1.6171031962286156E7
0.03819999999999996       1.800030707438969E7
0.038299999999999966      1.9846939597761508E7
0.038399999999999955      2.169416653012886E7
0.03849999999999996       2.3525954248779356E7
0.038599999999999975      2.5327416133026775E7
0.038699999999999964      2.7084394676475387E7
0.03879999999999995       2.8782692409995485E7
0.03889999999999997       3.0407285063157644E7
0.03899999999999997       3.1942180462525208E7
0.039099999999999975      3.3371764931989104E7
0.039199999999999964      3.468309799057594E7
0.03929999999999998       3.5866964528638914E7
0.03939999999999997       3.691632070540331E7
0.03949999999999997       3.782360363416338E7
0.03959999999999999       3.857966432780485E7
0.03969999999999998       3.9175284317094795E7
0.03979999999999998       3.96036706731566E7
0.039899999999999984      3.986165555523105E7
0.03999999999999999       3.994868441874683E7
0.040099999999999976      3.986471886526853E7
0.04019999999999998       3.960940186650207E7
0.040299999999999996      3.9183715972942874E7
0.040399999999999985      3.8592283091346E7
0.04049999999999999       3.7843039186094075E7
0.04059999999999999       3.694405909497527E7
0.04069999999999999       3.5901412072026886E7
0.04079999999999997       3.4720977860800125E7
0.04089999999999997       3.341181640638344E7
0.04099999999999999       3.1986597373140376E7
0.04109999999999999       3.0458961118275117E7
0.04119999999999998       2.88418350230922E7
0.04129999999999998       2.71487299073033E7
0.0414                    2.5393710337328892E7
0.04149999999999999       2.3592080779177535E7
0.04159999999999998       2.175842959121936E7
0.041699999999999994      1.9907856593475007E7
0.0418                    1.8057440916900735E7
0.0419                    1.6225068475378858E7
0.04199999999999999       1.4426692453633139E7
0.04245000000000001       8205925.309250175
0.0429                    4710988.633687778
0.04335000000000001       2706228.0724094887
0.0438                    1555286.9055061461
0.044250000000000005      895300.7443221742
0.04469999999999998       516281.57448012865
0.04514999999999999       296769.7960283993
0.04560000000000001       171348.9791957463
0.04605                   98938.08353749238
0.04650000000000001       57008.927307807724
0.04695                   33140.85330021655
0.047400000000000005      19498.15445772755
0.04785                   11956.092801099985
0.0483                    7519.868048584537
0.04875000000000001       5042.383018862049
0.0492                    3617.4672588680037
0.04964999999999999       2707.5075878190587
0.0501                    2171.417740401159
0.050550000000000005      1841.2808853254405
0.051                     1548.224111835446
0.05145                   1327.9997250600004
0.05190000000000001       1193.539117753471
0.052350000000000015      943.3181225068712
0.05280000000000001       782.9915099700135
0.05325000000000001       640.9053002537615
0.053700000000000005      498.77898558253236
0.05415                   413.9165773573343
0.05460000000000002       291.1923114115599
0.05505000000000001       217.25947943680836
0.0555                    155.60542595020937
0.05595000000000001       91.5591663921784
0.05640000000000001       51.60031165318518
0.05685000000000002       28.119480635666257
0.05730000000000001       14.59215807224299
0.05775000000000003       6.798535343859595
0.058200000000000036      5.054171820747256
0.058650000000000015      5.263615307422011
0.05910000000000002       2.3689865751388974
0.059550000000000027      0.41500840322028
0.05999999999999999       0.02411719476328912
