0                         0.2594584004967411
4.5000000000001636E-4     5.8519476218481845
9.000000000000119E-4      16.105789158610946
0.001350000000000011      33.903097353232496
0.0018000000000000169     61.77632227128101
0.002250000000000016      84.97537417544126
0.002700000000000015      116.93623025514886
0.0031500000000000278     140.0967296389893
0.003600000000000027      170.51720393167008
0.004050000000000033      184.26246961912364
0.004500000000000025      184.2725446430274
0.004950000000000038      182.6290196038641
0.005400000000000051      151.23857936400287
0.005850000000000043      129.34313675885286
0.006300000000000049      92.45096642856637
0.006750000000000048      73.54458567829471
0.0072000000000000605     64.7955217342337
0.0076500000000000665     63.78827085903124
0.008100000000000045      100.55464935156543
0.008550000000000064      157.6922906333218
0.00900000000000007       321.048284009982
0.009450000000000076      530.6743079545362
0.009900000000000062      991.5685202648849
0.010350000000000074      1758.2005013260102
0.010800000000000073      3029.6718153089378
0.011250000000000066      5485.840364894974
0.011700000000000085      9454.520476591142
0.01215000000000007       16637.022692874038
0.01260000000000009       29224.0740048516
0.01305000000000009       50898.54918464798
0.013500000000000088      89454.09444144739
0.013950000000000087      156513.19643485002
0.014400000000000093      274256.8010819497
0.014850000000000092      479948.1052793288
0.015300000000000091      838878.5944297914
0.015750000000000104      1467060.79284739
0.01620000000000011       2563291.968047667
0.016650000000000095      4480162.381500535
0.0171000000000001        7832738.813434421
0.017550000000000107      1.367563445175246E7
0.018000000000000002      2.4087241139476344E7
0.018100000000000026      2.710191446402005E7
0.01820000000000003       3.017704922690816E7
0.018300000000000025      3.3282739038473085E7
0.018400000000000027      3.638735124348275E7
0.018500000000000023      3.946446483663277E7
0.01860000000000002       4.2493033198456965E7
0.018700000000000015      4.54503932109218E7
0.018800000000000018      4.8307414140211634E7
0.01890000000000002       5.1036166595430784E7
0.019000000000000017      5.361214482215243E7
0.019100000000000027      5.601838981782332E7
0.019200000000000016      5.823788721457317E7
0.019300000000000025      6.024917439286932E7
0.019400000000000014      6.203055635315726E7
0.019500000000000024      6.35666774917532E7
0.019600000000000027      6.4848191828655764E7
0.019700000000000023      6.586549244863376E7
0.019800000000000026      6.6605832466739014E7
0.019900000000000022      6.7058096490135595E7
0.020000000000000025      6.721882347115111E7
0.02010000000000002       6.709169963873342E7
0.020200000000000017      6.668158706684086E7
0.020300000000000026      6.599061742113324E7
0.020400000000000015      6.502030531201828E7
0.020500000000000025      6.3776301823356934E7
0.02060000000000002       6.227060237794851E7
0.020700000000000024      6.051986860448031E7
0.02080000000000002       5.8541953388269834E7
0.020900000000000023      5.635318692314284E7
0.021000000000000026      5.3968338032121316E7
0.02110000000000003       5.140382967597963E7
0.02120000000000003       4.868172871281701E7
0.021300000000000027      4.582988288259047E7
0.021400000000000023      4.2876857963817865E7
0.021500000000000033      3.984688554022724E7
0.021600000000000022      3.676104521359912E7
0.021700000000000032      3.364334925895947E7
0.021800000000000028      3.0523682689411405E7
0.02190000000000003       2.743345711123864E7
0.022000000000000006      2.43996284418576E7
0.022150000000000003      2.0358283247828633E7
0.0223                    1.693232473443946E7
0.022449999999999998      1.4076366990333982E7
0.02260000000000001       1.1706864012835592E7
0.022750000000000006      9728510.340721833
0.022900000000000004      8087920.673758982
0.023050000000000008      6723005.01179587
0.023200000000000005      5587143.409731486
0.023349999999999996      4645630.015352144
0.023499999999999993      3862029.28330254
0.023649999999999997      3210768.9810648044
0.0238                    2670071.155587426
0.023950000000000006      2219498.774714026
0.024100000000000003      1847078.403019328
0.02425                   1537243.8964395716
0.024399999999999998      1280809.2160712106
0.024550000000000002      1069513.437590374
0.024700000000000007      893854.9515010675
0.024849999999999997      749707.6988781252
0.024999999999999994      631334.4567525416
0.02515                   534526.9034118556
0.025300000000000003      457065.68875720823
0.025449999999999993      395328.5997542922
0.025599999999999998      348031.52875034773
0.025750000000000002      312763.6130984397
0.0259                    288569.35395317554
0.026049999999999997      274600.93413427967
0.0262                    270060.445296686
0.02635                   275118.03401716467
0.026499999999999996      289487.41171092837
0.026649999999999993      314103.8792237583
0.02679999999999999       349424.5402233633
0.026949999999999988      396890.2175136324
0.0271                    457848.37255132734
0.027249999999999996      534696.4471901499
0.027399999999999994      629801.4484979997
0.027549999999999998      747106.2524360744
0.027699999999999995      888769.6298906315
0.027849999999999993      1061452.098022933
0.027999999999999997      1270591.188299334
0.028100000000000007      1420011.9994284569
0.028200000000000003      1577159.466710109
0.028300000000000006      1735798.2147350027
0.0284                    1894865.0061585275
0.028500000000000004      2053089.066222365
0.028600000000000007      2208741.799042355
0.028700000000000003      2360103.8841230706
0.028800000000000006      2506032.8731369097
0.02890000000000001       2645743.3678467483
0.029000000000000005      2778113.3180597606
0.029100000000000008      2901623.881821883
0.029200000000000004      3015033.7498469716
0.029300000000000007      3117645.0817536856
0.029400000000000003      3208666.8276750455
0.029500000000000005      3286793.466471211
0.0296                    3350929.1357520334
0.029699999999999997      3401052.2750349725
0.0298                    3437702.090206774
0.029899999999999996      3460614.052967048
0.030000000000000006      3468540.3986508963
0.03010000000000001       3460614.053062165
0.030199999999999998      3437702.0902212746
0.0303                    3401052.2748589474
0.030400000000000003      3350929.135472961
0.030500000000000006      3286793.466280091
0.030599999999999995      3208666.8276318433
0.030700000000000012      3117645.0817139926
0.0308                    3015033.7496541482
0.030899999999999997      2901623.8814920154
0.031                     2778113.3177642487
0.031100000000000003      2645743.367738439
0.031200000000000006      2506032.8731754012
0.031299999999999994      2360103.8841120508
0.0314                    2208741.798853335
0.0315                    2053089.065923589
0.0316                    1894865.0059275278
0.03169999999999999       1735798.2146420018
0.031799999999999995      1577159.466649212
0.03190000000000001       1420011.9992926402
0.032                     1270591.188066436
0.03215000000000002       1061452.0977938517
0.032300000000000016      888769.6298791405
0.032450000000000014      747106.2522945977
0.03260000000000001       629801.4484561248
0.03275000000000002       534696.4470589614
0.03290000000000002       457848.37254426605
0.03305000000000002       396890.2174337508
0.033200000000000014      349424.54025364906
0.03335000000000001       314103.879220879
0.03350000000000002       289487.4117315369
0.03365000000000002       275118.0340450427
0.03380000000000002       270060.4453564529
0.033950000000000015      274600.9341014958
0.03410000000000001       288569.3539693536
0.03425000000000001       312763.61308959604
0.03440000000000002       348031.528708069
0.034550000000000004      395328.59974768956
0.034700000000000016      457065.68870554765
0.03485000000000001       534526.9034172217
0.034999999999999996      631334.4568291288
0.03515000000000001       749707.6988503858
0.03529999999999999       893854.9516181228
0.03545                   1069513.4376266834
0.035600000000000014      1280809.2161097454
0.03575                   1537243.896448242
0.03590000000000001       1847078.403083629
0.036050000000000006      2219498.7746852553
0.0362                    2670071.1557024834
0.036350000000000014      3210768.981150071
0.03650000000000001       3862029.2833216675
0.03665000000000001       4645630.015456868
0.036800000000000006      5587143.409532609
0.036950000000000004      6723005.011949826
0.0371                    8087920.673760577
0.037250000000000026      9728510.340867475
0.037399999999999996      1.170686401344278E7
0.03755000000000001       1.4076366990637839E7
0.03769999999999999       1.6932324734768108E7
0.03784999999999999       2.0358283247428145E7
0.038                     2.4399628441920344E7
0.03809999999999996       2.743345711105842E7
0.03819999999999998       3.052368268941825E7
0.03829999999999998       3.364334925954468E7
0.038399999999999955      3.676104521464081E7
0.03849999999999996       3.9846885541120425E7
0.038599999999999975      4.2876857964109614E7
0.03869999999999998       4.582988288266793E7
0.038799999999999966      4.8681728713287584E7
0.03889999999999998       5.140382967687758E7
0.038999999999999986      5.396833803306653E7
0.039099999999999975      5.6353186923831E7
0.039199999999999964      5.854195338886426E7
0.03929999999999998       6.0519868604858264E7
0.039399999999999984      6.227060237811531E7
0.039499999999999987      6.377630182348327E7
0.03959999999999999       6.502030531258506E7
0.03969999999999998       6.599061742213577E7
0.03979999999999998       6.6681587067712985E7
0.039899999999999984      6.7091699639057465E7
0.03999999999999999       6.721882347102724E7
0.04009999999999999       6.705809649012548E7
0.04019999999999999       6.660583246694774E7
0.040299999999999996      6.586549244858147E7
0.040399999999999985      6.484819182831515E7
0.04049999999999999       6.356667749144347E7
0.04059999999999999       6.203055635306036E7
0.04069999999999998       6.024917439287185E7
0.04079999999999998       5.823788721447221E7
0.040899999999999985      5.601838981761863E7
0.04099999999999999       5.361214482188031E7
0.04109999999999999       5.103616659489163E7
0.04119999999999998       4.8307414139445186E7
0.04129999999999998       4.5450393210171595E7
0.041399999999999985      4.249303319790297E7
0.04149999999999999       3.9464464836098224E7
0.04159999999999998       3.63873512428116E7
0.041699999999999994      3.3282739037769947E7
0.0418                    3.017704922649944E7
0.0419                    2.7101914463858616E7
0.04199999999999999       2.4087241139454596E7
0.04245000000000001       1.3675634451701738E7
0.0429                    7832738.81344148
0.04335000000000001       4480162.381439425
0.04380000000000001       2563291.96811558
0.044250000000000005      1467060.7928727148
0.04470000000000001       838878.5944634434
0.04514999999999999       479948.1052881676
0.04560000000000001       274256.80106913135
0.046050000000000015      156513.19644922813
0.04650000000000001       89454.09444447674
0.04695000000000001       50898.5491843303
0.047400000000000005      29224.074009162254
0.04785                   16637.02268770786
0.0483                    9454.520480674018
0.04875000000000002       5485.840365227335
0.049200000000000015      3029.6718136668233
0.04965000000000001       1758.20050445792
0.05010000000000001       991.568519913218
0.05055000000000002       530.6743094024473
0.051000000000000024      321.0482842288196
0.05145000000000002       157.69229018611213
0.05190000000000002       100.55464974884524
0.05235000000000003       63.78827000775744
0.05280000000000002       64.79552191591542
0.05325000000000004       73.54458535671559
0.05370000000000002       92.45096588629112
0.05415000000000004       129.34313696757104
0.05460000000000002       151.23857880373583
0.055050000000000036      182.62902040912394
0.05550000000000003       184.2725448692449
0.05595000000000002       184.26246942854718
0.05640000000000004       170.51720475790458
0.05685000000000006       140.09672932420696
0.05730000000000005       116.9362306053914
0.05775000000000007       84.97537435963096
0.058200000000000036      61.77632227389818
0.05865000000000004       33.903097630141765
0.059100000000000034      16.105788919401206
0.05955000000000007       5.851947739294759
0.05999999999999999       0.25945842442315264
