0                         0.06291541695182874
4.5000000000001636E-4     0.9242300097990844
9.000000000000188E-4      2.61856193918743
0.0013500000000000179     6.977254227493871
0.0018000000000000169     14.722100550582098
0.002250000000000023      23.86195172210562
0.002700000000000015      36.13743046224117
0.0031500000000000347     55.4311642759862
0.003600000000000027      72.88199875113621
0.004050000000000047      93.11375638805167
0.004500000000000039      121.24092019088208
0.004950000000000052      142.78300151735928
0.005400000000000051      166.9058716726233
0.0058500000000000565     188.89440482660166
0.0063000000000000625     205.77904267960582
0.0067500000000000684     223.92433240349385
0.007200000000000074      242.87329798694583
0.007650000000000073      267.9957112536111
0.008100000000000086      297.47614322655215
0.008550000000000092      339.1772441418065
0.009000000000000084      390.644431791563
0.00945000000000009       488.89690197439677
0.009900000000000082      628.5341935584023
0.010350000000000102      861.2982158639581
0.010800000000000101      1250.8218057696922
0.0112500000000001        1896.6669858793598
0.011700000000000113      3051.136320402349
0.012150000000000105      4966.1833938167465
0.012600000000000118      8363.667957490425
0.013050000000000117      14483.505533468035
0.013500000000000123      24983.495505756953
0.013950000000000115      43823.66925560987
0.014400000000000135      76903.54664292088
0.014850000000000134      134415.27167390563
0.01530000000000014       234991.91520240178
0.015750000000000146      411232.4384328958
0.016200000000000138      718100.4598360109
0.016650000000000144      1254115.0967052397
0.017100000000000143      2188961.5739637353
0.01755000000000015       3818034.8333789525
0.018000000000000002      6708946.57967307
0.01810000000000002       7544735.596328437
0.01820000000000002       8397568.36412671
0.018300000000000025      9259357.831642838
0.01840000000000002       1.012027413258581E7
0.018500000000000023      1.0971910634276826E7
0.018600000000000026      1.180879616421899E7
0.018700000000000015      1.262612646797084E7
0.018800000000000018      1.3416398840039352E7
0.01890000000000002       1.4171079363910401E7
0.019000000000000017      1.4882132514854873E7
0.01910000000000002       1.5545427204274384E7
0.019200000000000016      1.6158138974732561E7
0.01930000000000002       1.6714730348797256E7
0.019400000000000014      1.7206849765777387E7
0.019500000000000024      1.7627637028150264E7
0.019600000000000027      1.7975028561304066E7
0.01970000000000003       1.8249950038015466E7
0.019800000000000026      1.845182085496779E7
0.01990000000000003       1.857680999507002E7
0.020000000000000025      1.8620482206924178E7
0.02010000000000002       1.858144289405732E7
0.020200000000000017      1.8462171676731847E7
0.020300000000000033      1.8266673908290476E7
0.020400000000000022      1.7997503065608185E7
0.020500000000000032      1.76549027937426E7
0.02060000000000002       1.7238853650124043E7
0.02070000000000003       1.6752102764442716E7
0.020800000000000027      1.6200971928609477E7
0.02090000000000003       1.5592851227199355E7
0.021000000000000033      1.4933208645582484E7
0.021100000000000035      1.4225745425287152E7
0.02120000000000003       1.3475291886521174E7
0.021300000000000034      1.2689327332298338E7
0.021400000000000037      1.1875989872442069E7
0.021500000000000033      1.1041529846589474E7
0.02160000000000003       1.0190968925792538E7
0.02170000000000004       9331006.91651828
0.021800000000000035      8470912.465200512
0.021900000000000037      7620027.328711108
0.022000000000000006      6785269.452465112
0.022150000000000003      5673858.019516516
0.0223                    4733198.010564775
0.022449999999999998      3951505.6426578905
0.02260000000000001       3304468.7106283507
0.022750000000000006      2769310.9184956835
0.022900000000000004      2325929.3697635443
0.023050000000000008      1962810.1742783755
0.023200000000000005      1664766.806064736
0.023349999999999996      1423307.5290148526
0.023499999999999993      1230347.4063426335
0.023649999999999997      1079283.7000574896
0.0238                    964383.6760763748
0.023950000000000006      881968.3906946937
0.024100000000000003      828613.6686457436
0.02425                   802999.9501535149
0.02439999999999999       804024.8980569975
0.024550000000000002      832163.1786648055
0.0247                    889060.1587259172
0.024849999999999997      974773.1721654214
0.024999999999999994      1094135.940885075
0.02515                   1249034.4556949704
0.025299999999999996      1445702.6795265225
0.025449999999999993      1691761.6265690976
0.02559999999999999       1995055.3276629408
0.025749999999999988      2366377.289848502
0.0259                    2820087.4248535824
0.026049999999999997      3367161.6654758058
0.026199999999999994      4031152.983519859
0.02635                   4829564.51700055
0.026499999999999996      5792315.030563603
0.026649999999999986      6951253.920804039
0.02679999999999999       8348125.15102544
0.026949999999999988      1.0029411908724958E7
0.027099999999999992      1.2054030568670293E7
0.02724999999999999       1.4488827436030267E7
0.027399999999999994      1.742083071086737E7
0.02754999999999999       2.0944257525089085E7
0.02769999999999998       2.5184106439957425E7
0.027849999999999993      3.0287119849440783E7
0.027999999999999997      3.6425917010918155E7
0.028100000000000007      4.0819551865245774E7
0.028199999999999996      4.542113167464686E7
0.028300000000000006      5.006194459759298E7
0.0284                    5.470522000990095E7
0.028500000000000004      5.9312726062671736E7
0.028600000000000007      6.384312053013256E7
0.028700000000000003      6.825576298112223E7
0.028800000000000006      7.251424516919492E7
0.028900000000000002      7.658459764791204E7
0.029000000000000005      8.043141145061767E7
0.029100000000000008      8.401809201350808E7
0.029200000000000004      8.731125317300323E7
0.029300000000000007      9.028367615806827E7
0.029399999999999996      9.291287976568991E7
0.029500000000000005      9.517821686533566E7
0.0296                    9.706022458958891E7
0.029699999999999997      9.854204606156023E7
0.0298                    9.96104683954241E7
0.029899999999999996      1.0025578269912872E8
0.030000000000000006      1.0047168305842428E8
0.030099999999999995      1.0025578269921786E8
0.030199999999999998      9.961046839541821E7
0.0303                    9.854204606160782E7
0.030400000000000003      9.706022458977306E7
0.030500000000000006      9.51782168655865E7
0.030599999999999995      9.291287976596409E7
0.030700000000000012      9.028367615807502E7
0.0308                    8.731125317278326E7
0.030899999999999997      8.401809201328216E7
0.030999999999999986      8.043141145046155E7
0.031100000000000003      7.658459764782189E7
0.031200000000000006      7.251424516951112E7
0.031299999999999994      6.82557629819772E7
0.0314                    6.38431205311693E7
0.0315                    5.9312726063196324E7
0.0316                    5.470522001009735E7
0.03169999999999999       5.006194459795761E7
0.031799999999999995      4.542113167527691E7
0.0319                    4.0819551865954086E7
0.032                     3.642591701059635E7
0.03215000000000002       3.0287119849539638E7
0.032300000000000016      2.5184106439718634E7
0.032450000000000014      2.094425752539779E7
0.03260000000000001       1.7420830710183267E7
0.032749999999999994      1.4488827435508622E7
0.03290000000000002       1.2054030568765247E7
0.03305000000000002       1.0029411908313481E7
0.033200000000000014      8348125.151150017
0.03335000000000001       6951253.920642089
0.03350000000000001       5792315.030538109
0.033650000000000006      4829564.516935306
0.03380000000000002       4031152.9834611323
0.033950000000000015      3367161.665457443
0.03410000000000001       2820087.424893351
0.03425000000000001       2366377.2898814688
0.03440000000000001       1995055.3277104676
0.034550000000000004      1691761.626522205
0.034700000000000016      1445702.6794124376
0.03485000000000001       1249034.455706839
0.034999999999999996      1094135.9408067348
0.03515000000000001       974773.1722317983
0.03529999999999999       889060.1587460438
0.03545                   832163.1787270529
0.035600000000000014      804024.8980319875
0.03575                   802999.9501089002
0.03590000000000001       828613.6685704726
0.036050000000000006      881968.3907590908
0.0362                    964383.6760045128
0.03635                   1079283.700181693
0.03650000000000001       1230347.4063522986
0.03665000000000001       1423307.5289728502
0.036800000000000006      1664766.8061287168
0.036950000000000004      1962810.1741635606
0.0371                    2325929.3697422463
0.037250000000000026      2769310.918531899
0.03740000000000001       3304468.710673098
0.03755000000000001       3951505.642748298
0.03769999999999999       4733198.010415101
0.03784999999999999       5673858.019256705
0.038                     6785269.4523747405
0.038099999999999974      7620027.328808239
0.03819999999999998       8470912.465334902
0.03829999999999998       9331006.916530626
0.03839999999999997       1.0190968925665872E7
0.03849999999999997       1.1041529846517779E7
0.03859999999999999       1.1875989872545749E7
0.03869999999999999       1.2689327332484027E7
0.038799999999999966      1.3475291886607766E7
0.03889999999999998       1.4225745425221017E7
0.038999999999999986      1.4933208645553224E7
0.03909999999999999       1.5592851227287494E7
0.03919999999999998       1.6200971928708171E7
0.03929999999999998       1.6752102764474949E7
0.039399999999999984      1.7238853650163874E7
0.039499999999999987      1.765490279380912E7
0.03959999999999999       1.7997503065657485E7
0.03969999999999999       1.8266673908320095E7
0.03979999999999998       1.8462171676878292E7
0.039899999999999984      1.858144289438562E7
0.03999999999999999       1.8620482207225993E7
0.04009999999999999       1.8576809995108508E7
0.04019999999999999       1.8451820854888428E7
0.040299999999999996      1.8249950038123082E7
0.040399999999999985      1.7975028561617367E7
0.04049999999999999       1.762763702840399E7
0.04059999999999999       1.720684976582195E7
0.04069999999999999       1.6714730348807778E7
0.04079999999999997       1.6158138974889476E7
0.04089999999999997       1.5545427204495918E7
0.04099999999999999       1.4882132514974618E7
0.04109999999999999       1.4171079363957666E7
0.04119999999999998       1.3416398840177596E7
0.04129999999999997       1.2626126468197431E7
0.0414                    1.1808796164390726E7
0.04149999999999999       1.0971910634369565E7
0.04159999999999998       1.0120274132707521E7
0.04169999999999998       9259357.831829999
0.04179999999999998       8397568.364254603
0.041899999999999986      7544735.5963809565
0.04199999999999999       6708946.579749658
0.04245000000000001       3818034.833446557
0.0429                    2188961.574052499
0.04335000000000001       1254115.0966541753
0.04380000000000001       718100.4598080202
0.044250000000000005      411232.43843474786
0.04470000000000001       234991.91518904787
0.04515                   134415.27167544144
0.04560000000000001       76903.5466381898
0.046050000000000015      43823.669259375034
0.04650000000000001       24983.495504718278
0.046950000000000026      14483.505534479586
0.04740000000000002       8363.667956880347
0.047850000000000024      4966.183391819534
0.04830000000000002       3051.136319535886
0.048750000000000036      1896.6669847885803
0.04920000000000003       1250.8218061307798
0.04965000000000002       861.2982155337859
0.05010000000000004       628.5341932828636
0.05055000000000003       488.89690178888407
0.05100000000000004       390.64443161231145
0.05145000000000003       339.1772448247567
0.051900000000000036      297.47614338716056
0.05235000000000003       267.99571146075556
0.052800000000000034      242.87329817345378
0.05325000000000004       223.924332465848
0.053700000000000046      205.77904313314272
0.054150000000000066      188.89440449236162
0.05460000000000007       166.90587177866453
0.05505000000000005       142.78300158619075
0.055500000000000056      121.24092020267435
0.05595000000000005       93.11375690069976
0.05640000000000007       72.88199868916847
0.056850000000000074      55.43116442785767
0.05730000000000008       36.13743062452173
0.057750000000000086      23.861951652295495
0.05820000000000008       14.722100652145976
0.058650000000000056      6.977254168137989
0.05910000000000006       2.618561974609961
0.05955000000000008       0.9242300175980157
0.05999999999999999       0.06291541466042676
