0                         0.31189532595150204
4.5000000000001636E-4     6.865223281455627
9.000000000000188E-4      25.545292465058353
0.0013500000000000248     54.53173970414635
0.0018000000000000307     89.7018060667976
0.002250000000000023      128.50906067222923
0.0027000000000000357     162.19803032219934
0.0031500000000000347     198.35928486175047
0.0036000000000000476     216.2477838301163
0.004050000000000047      235.06123327616385
0.004500000000000053      244.1303366170744
0.004950000000000072      231.9925690049915
0.0054000000000000645     225.8093127042807
0.00585000000000007       202.7410434073581
0.006300000000000076      186.177924578438
0.006750000000000075      159.0581440623077
0.007200000000000088      136.16947236418508
0.007650000000000087      111.53118066663963
0.0081000000000001        85.94362036495211
0.008550000000000106      66.716195019277
0.009000000000000105      41.53880257463274
0.009450000000000111      25.890079483501896
0.009900000000000124      14.716492119534157
0.010350000000000109      22.71351767494207
0.010800000000000115      68.13047234491468
0.011250000000000128      191.6047486470596
0.011700000000000127      447.55859247484625
0.012150000000000154      1009.9184085082834
0.012600000000000146      2025.1132240018062
0.013050000000000145      4017.2826029283374
0.013500000000000158      7625.364994775345
0.013950000000000164      14133.235695845387
0.014400000000000163      25954.6841509616
0.014850000000000162      46574.08931523912
0.015300000000000175      83389.0245999704
0.01575000000000018       147020.7551244988
0.016200000000000193      259599.47900158606
0.016650000000000192      455342.2591850476
0.01710000000000019       794036.4962602478
0.017550000000000204      1386635.5958693356
0.018000000000000002      2443197.5432437793
0.01810000000000002       2749301.352221208
0.018200000000000015      3060380.714818749
0.018300000000000018      3373623.7787362365
0.018400000000000014      3687204.1414168733
0.018500000000000016      3999075.9106267774
0.018600000000000012      4305923.039868954
0.018700000000000015      4603699.658678838
0.01880000000000001       4889369.491124847
0.01890000000000002       5161471.683221541
0.019000000000000017      5419452.200523343
0.01910000000000002       5661540.52242789
0.019200000000000016      5883978.649586446
0.01930000000000002       6082912.140091569
0.019400000000000014      6257002.094839965
0.019500000000000024      6407342.235734548
0.019600000000000027      6534281.535923257
0.019700000000000023      6635076.259748098
0.019800000000000026      6705799.745800196
0.01990000000000003       6745375.362150685
0.02000000000000003       6756330.897717474
0.02010000000000002       6741051.281659571
0.020200000000000023      6698552.710571938
0.020300000000000033      6626175.787919049
0.020400000000000022      6523777.049935741
0.020500000000000032      6394611.11400662
0.020600000000000028      6241889.3758831415
0.02070000000000003       6065959.533212634
0.020800000000000027      5865823.758289729
0.020900000000000037      5642592.756310095
0.021000000000000033      5400185.181538901
0.021100000000000042      5142681.321121448
0.021200000000000045      4871975.535434394
0.02130000000000004       4588379.580542344
0.021400000000000044      4292933.584404887
0.02150000000000004       3988616.0754215755
0.021600000000000036      3679493.619180058
0.021700000000000046      3369130.9311978817
0.02180000000000004       3059913.5426512724
0.02190000000000005       2753671.6910558157
0.022000000000000006      2452690.055043408
0.022150000000000003      2054244.3635782327
0.0223                    1717161.7122972545
0.022449999999999998      1440228.4187716935
0.02260000000000001       1213751.29836922
0.022750000000000006      1028657.3417533288
0.022900000000000004      880093.6826971985
0.023050000000000008      761403.0656242376
0.023200000000000005      669864.9357618131
0.023349999999999996      599945.5328395986
0.023499999999999993      551286.2002601023
0.023649999999999997      521115.9221141273
0.0238                    509239.21092884673
0.023950000000000006      515424.3260167954
0.024100000000000003      539863.6547106914
0.02425                   583243.8782213759
0.02439999999999999       647276.9520196709
0.024550000000000002      732574.3372652261
0.0247                    844365.0691059126
0.024849999999999997      984502.9570318108
0.024999999999999994      1159758.7039750144
0.02515                   1375753.1590434064
0.025299999999999996      1639700.8551059053
0.025449999999999987      1960482.8864141197
0.02559999999999999       2348591.662856449
0.025749999999999988      2817381.591125025
0.025899999999999992      3383129.092488218
0.026049999999999997      4066464.5830493784
0.026199999999999994      4889872.187908062
0.02634999999999999       5884726.327338993
0.026499999999999996      7079826.366296636
0.026649999999999986      8519971.848859595
0.026799999999999984      1.025099284882469E7
0.02694999999999998       1.2331064048040275E7
0.027099999999999992      1.4838377370018462E7
0.02724999999999999       1.7850138633081086E7
0.027399999999999987      2.1480556253819317E7
0.02754999999999999       2.5847490922248572E7
0.02769999999999998       3.110623147721494E7
0.027849999999999986      3.742861332465675E7
0.027999999999999997      4.5035492156597316E7
0.028100000000000007      5.0474814667448506E7
0.028199999999999996      5.6174046993298836E7
0.028300000000000006      6.192584514568796E7
0.0284                    6.768510569650488E7
0.028500000000000004      7.34031570611801E7
0.028600000000000007      7.902519647810677E7
0.028700000000000003      8.44960481853032E7
0.028800000000000006      8.976932773110998E7
0.028900000000000002      9.480837211204058E7
0.029000000000000005      9.957651567547858E7
0.029100000000000008      1.040289170114218E8
0.029200000000000004      1.0811742203726815E8
0.029300000000000007      1.1180323909734419E8
0.029399999999999996      1.150617709207884E8
0.029500000000000005      1.1787406626756865E8
0.029599999999999994      1.2021626117913751E8
0.029699999999999997      1.2206001692441322E8
0.0298                    1.233827228893869E8
0.029899999999999996      1.2417513109543283E8
0.030000000000000006      1.2443838219884406E8
0.030099999999999995      1.2417513109400584E8
0.030199999999999998      1.233827228883289E8
0.0303                    1.2206001692502435E8
0.030400000000000003      1.202162611806874E8
0.030500000000000006      1.1787406626826462E8
0.030599999999999995      1.1506177092031193E8
0.030700000000000012      1.1180323909662592E8
0.0308                    1.0811742203733547E8
0.030899999999999997      1.0402891701211812E8
0.030999999999999986      9.957651567581874E7
0.031100000000000003      9.480837211144197E7
0.03119999999999999       8.976932773020142E7
0.031299999999999994      8.449604818514916E7
0.0314                    7.902519647858582E7
0.0315                    7.340315706133962E7
0.03159999999999999       6.768510569586575E7
0.03169999999999999       6.192584514471557E7
0.031799999999999995      5.61740469926236E7
0.0319                    5.047481466746632E7
0.032                     4.503549215743231E7
0.03215000000000001       3.742861332535982E7
0.0323                    3.1106231477812808E7
0.032450000000000014      2.5847490922096834E7
0.03260000000000001       2.1480556254388947E7
0.032749999999999994      1.7850138633140106E7
0.032900000000000006      1.4838377369467536E7
0.03305                   1.233106404810661E7
0.033200000000000014      1.0250992848557057E7
0.03335000000000001       8519971.848821903
0.03350000000000001       7079826.36623193
0.033650000000000006      5884726.32746979
0.033800000000000004      4889872.187960859
0.033950000000000015      4066464.5829055477
0.03410000000000001       3383129.092422423
0.03425000000000001       2817381.591116132
0.03440000000000001       2348591.662843134
0.034550000000000004      1960482.8865728215
0.03469999999999999       1639700.8550527925
0.03485000000000001       1375753.1590810672
0.034999999999999996      1159758.703843008
0.03515000000000001       984502.9570323139
0.03529999999999999       844365.0691243792
0.03545                   732574.3372558963
0.0356                    647276.9520699068
0.03575                   583243.8781874527
0.03590000000000001       539863.6547225072
0.036050000000000006      515424.32598113565
0.0362                    509239.21090543934
0.03635                   521115.9220975422
0.03650000000000001       551286.2002387216
0.03665000000000001       599945.5328245751
0.036800000000000006      669864.935742658
0.036950000000000004      761403.0656421838
0.0371                    880093.68268547
0.037250000000000026      1028657.3417728221
0.03740000000000001       1213751.2983473288
0.03755000000000001       1440228.4186627173
0.03769999999999999       1717161.7123352147
0.03784999999999999       2054244.363573347
0.038                     2452690.0550643
0.03809999999999999       2753671.6909777573
0.03819999999999998       3059913.542509988
0.038299999999999994      3369130.9311168776
0.0384                    3679493.61919016
0.03849999999999997       3988616.07541762
0.0386                    4292933.58430203
0.03869999999999999       4588379.580401905
0.03879999999999998       4871975.535343417
0.03889999999999998       5142681.32110364
0.039                     5400185.181527015
0.0391                    5642592.756269658
0.03919999999999998       5865823.758274898
0.039299999999999995      6065959.533220314
0.0394                    6241889.375793785
0.0395                    6394611.113785959
0.03959999999999999       6523777.049744842
0.03969999999999999       6626175.787894527
0.039799999999999995      6698552.710660649
0.0399                    6741051.28168665
0.03999999999999999       6756330.897611797
0.04009999999999999       6745375.361996414
0.04019999999999999       6705799.745661469
0.040299999999999996      6635076.2595936535
0.0404                    6534281.53576222
0.04049999999999999       6407342.235663227
0.04059999999999999       6257002.094925185
0.04069999999999999       6082912.140213425
0.04079999999999997       5883978.649611971
0.04089999999999997       5661540.52231734
0.04099999999999999       5419452.200395373
0.04109999999999998       5161471.683150172
0.041199999999999966      4889369.491076479
0.04129999999999997       4603699.658614475
0.041399999999999985      4305923.039786029
0.04149999999999999       3999075.910551053
0.04159999999999996       3687204.141356304
0.04169999999999998       3373623.7786832154
0.04179999999999998       3060380.714766091
0.041899999999999986      2749301.352182431
0.04199999999999999       2443197.5432303376
0.04245000000000001       1386635.5958330932
0.0429                    794036.4962068658
0.04335000000000001       455342.2591985305
0.04380000000000001       259599.4789887373
0.04425000000000002       147020.7551351718
0.04470000000000001       83389.02458907179
0.04515                   46574.08931537478
0.04560000000000002       25954.684142951788
0.04605000000000003       14133.235691166718
0.04650000000000001       7625.364994770343
0.046950000000000026      4017.282599638586
0.04740000000000003       2025.1132255085229
0.04785000000000004       1009.9184072990472
0.04830000000000002       447.5585925999445
0.04875000000000005       188.3301428169636
0.04920000000000004       68.13047216652782
0.04965000000000002       22.71351773470458
0.05010000000000004       14.716492008089272
0.050550000000000046      25.890079409394836
0.05100000000000005       41.53880263469525
0.05145000000000006       66.71619503402499
0.05190000000000008       85.94362013989638
0.05235000000000004       111.5311806796502
0.05280000000000005       136.16947209747832
0.05325000000000007       159.05814423284818
0.05370000000000006       186.17792433623336
0.05415000000000008       202.74104317578684
0.05460000000000007       225.80931179586958
0.05505000000000008       231.99256887629608
0.05550000000000007       244.13033635495555
0.055950000000000076      235.0612331604257
0.056400000000000096      216.24778397334518
0.0568500000000001        198.3592841499914
0.05730000000000011       162.19803020977864
0.057750000000000086      128.50906066382933
0.058200000000000106      89.70180595205626
0.05865000000000011       54.5317399019145
0.05910000000000009       25.545292455380743
0.05955000000000011       6.865223330931044
0.05999999999999999       0.3118953307987437
