0                         2.0747179898163654E-7
5.833333333333385E-5      0.019358820282188705
1.166666666666677E-4      0.025816862964968372
1.7499999999999807E-4     0.004558581222608254
2.3333333333333192E-4     0.024249468891261946
2.916666666666623E-4      0.08582628634553247
3.499999999999927E-4      0.07217799629247025
4.0833333333332306E-4     0.006605210879719421
4.6666666666664997E-4     0.07349872132848594
5.249999999999838E-4      0.29649442625286543
5.833333333333177E-4      0.3706590416328179
6.416666666666446E-4      0.217171632431616
6.999999999999784E-4      0.022627640430469404
7.583333333333088E-4      0.06813792314361854
8.166666666666392E-4      0.1657741507104805
8.74999999999973E-4       0.13153834880871182
9.333333333332999E-4      0.015042034641183451
9.916666666666338E-4      0.033893308650747196
0.0010499999999999642     0.1110029589008799
0.0011083333333332945     0.10999112121720861
0.0011666666666666284     0.03620106332892202
0.0012249999999999588     0.009584349868035441
0.0012833333333332926     0.07938449828152505
0.0013416666666666265     0.14226473776860918
0.0013999999999999568     0.17565050171203947
0.0014583333333332872     0.05359841472304643
0.0015166666666666176     0.020677350731625577
0.0015749999999999445     0.0575868940743405
0.0016333333333332749     0.2020266048888322
0.0016916666666666053     0.16483558141795238
0.001749999999999939      0.15735126451587828
0.001808333333333273      0.20703464550855785
0.0018666666666666033     0.3922551392922568
0.0019249999999999372     0.299251259378493
0.001983333333333264      0.12447982552801727
0.002041666666666598      0.006863986497525426
0.0020999999999999283     0.17736198747878446
0.0021583333333332587     0.31714645869996577
0.0022166666666665925     0.32141654428948735
0.0022749999999999264     0.2087686501815789
0.0023333333333332533     0.21145854809090694
0.002391666666666587      0.15687036911280708
0.002449999999999914      0.15936366796765072
0.0025083333333332444     0.16183118406460148
0.0025666666666665783     0.3231134046135071
0.002624999999999905      0.19631892829860736
0.002683333333333239      0.14316252685667244
0.0027416666666665694     0.2679281466441105
0.0027999999999999033     0.9083769209592979
0.0028583333333332336     0.8825971080033548
0.002916666666666564      0.5618248603422482
0.0029749999999998944     0.14325761211595636
0.0030333333333332282     0.2075022633488622
0.0030916666666665586     0.355187217005646
0.0031499999999998925     0.3039607080247633
0.003208333333333223      0.10287726777323893
0.0032666666666665567     0.21236274709991515
0.0033249999999998905     0.3043286580443159
0.0033833333333332175     0.18254920589083468
0.0034416666666665513     0.0029669543255119186
0.0034999999999998817     0.33425536752907326
0.003558333333333212      0.6945879756249012
0.0036166666666665424     0.672875499748029
0.0036749999999998693     0.2893149448514246
0.003733333333333203      0.004461221186456722
0.003791666666666537      0.07858717681694949
0.0038499999999998674     0.10263939442964767
0.003908333333333198      0.03024835730987929
0.003966666666666528      0.13359158837725701
0.0040249999999998586     0.2510257352977987
0.004083333333333192      0.21905334102697244
0.004141666666666523      0.06527551427535301
0.004199999999999857      0.030887027801275686
0.004258333333333187      0.08388918245202977
0.004316666666666517      0.07296539954945284
0.004374999999999848      0.013117941857635968
0.004433333333333178      0.04262999566878475
0.004491666666666512      0.04461205888459329
0.004549999999999846      0.03548031534053377
0.004608333333333173      0.13354932234002467
0.004666666666666507      0.5546918718856908
0.004724999999999837      0.5605576706359087
0.004783333333333167      0.3332092654024254
0.004841666666666505      0.07268923491962409
0.004899999999999832      0.18200668756204855
0.004958333333333165      0.3075764739319565
0.005016666666666496      0.22482761810276483
0.005074999999999823      0.0406559372307491
0.0051333333333331566     0.16306150133701808
0.005191666666666487      0.32580927222153616
0.005249999999999821      0.26157908171112193
0.005308333333333155      0.07640722350187064
0.005366666666666485      0.23427731731220994
0.005424999999999815      0.5833299960759367
0.005483333333333146      0.6277114647271824
0.005541666666666476      0.32839127373680294
0.0055999999999998065     0.09228842133174171
0.005658333333333137      0.25457047895076135
0.005716666666666471      0.40234761024822757
0.005774999999999805      0.3123722743824313
0.005833333333333135      0.08568246044325803
0.005891666666666469      0.04339075063192251
0.005949999999999796      0.07307184957143491
0.006008333333333126      0.06139503584483189
0.00606666666666646       0.036683886018830755
0.006124999999999787      0.09802642758790359
0.006183333333333121      0.1372639776659375
0.006241666666666458      0.08719590293541958
0.006299999999999785      0.007790794275725286
0.006358333333333119      0.05054364837571746
0.006416666666666449      0.14714354146011632
0.006474999999999783      0.17544464069992252
0.006533333333333113      0.12691190457622095
0.006591666666666444      0.0857860763424098
0.006649999999999774      0.1241372402938835
0.006708333333333101      0.14096969378115745
0.006766666666666435      0.10979235248890548
0.006824999999999765      0.019289252130019696
0.006883333333333096      0.02034948786683095
0.0069416666666664295     0.05612968156290825
0.00699999999999976       0.12327675602926262
0.00705833333333309       0.10766792437077279
0.007116666666666424      0.07645958061494973
0.0071749999999997545     0.026145876551830163
0.007233333333333088      0.03736982800592921
0.007291666666666422      0.12652633848327982
0.007349999999999749      0.20456296014481107
0.0074083333333330795     0.18359646913604255
0.00746666666666641       0.07917169739157158
0.00752499999999974       0.03668210948235338
0.007583333333333074      0.062239822058387566
0.0076416666666664045     0.0754349346674463
0.007699999999999735      0.051056725838619726
0.007758333333333069      0.03467211561045987
0.007816666666666396      0.0781489161200944
0.007874999999999726      0.10539394705796358
0.007933333333333056      0.08675532326093965
0.007991666666666387      0.003751618882825004
0.00804999999999972       0.03752619918040752
0.008108333333333051      0.12428732797223212
0.008166666666666385      0.22434674062530235
0.008224999999999715      0.07276928117798329
0.008283333333333049      0.009141030235702263
0.008341666666666383      0.07745079624892791
0.00839999999999971       0.3498497366518815
0.008458333333333044      0.29686160703646247
0.008516666666666374      0.15648668997803913
0.008574999999999704      0.051805736379484185
0.008633333333333038      0.21039492970728665
0.008691666666666365      0.2987467813871741
0.008749999999999696      0.2433974130133335
0.00880833333333303       0.08865775166910654
0.008866666666666356      0.02145480872895473
0.00892499999999969       0.03970872831097199
0.00898333333333302       0.04002733859052953
0.009041666666666351      0.05859985523709424
0.009099999999999685      0.25195172600185917
0.009158333333333015      0.2842323453613456
0.009216666666666349      0.2159636804028043
0.00927499999999968       0.10242127303545596
0.00933333333333301       0.10724944081240481
0.00939166666666634       0.07956959363987487
0.009449999999999674      0.02171664614126828
0.009508333333333004      0.032656509274406255
0.009566666666666335      0.3114042745392525
0.009624999999999665      0.34907597651065136
0.009683333333332995      0.20191815708098937
0.009741666666666326      0.0641870103561335
0.009799999999999656      0.36699742268172686
0.009858333333332987      0.5716941384608476
0.009916666666666317      0.524813020621237
0.00997499999999965       0.2870010587862836
0.010033333333332981      0.36029964040870893
0.010091666666666312      0.451866905954852
0.010149999999999645      0.5204781025419384
0.01020833333333298       0.4673631954467027
0.01026666666666631       0.567416135180974
0.010324999999999643      0.36380866078041724
0.01038333333333297       0.12430268651404976
0.0104416666666663        0.03903953570072877
0.010499999999999635      0.5911186650811768
0.010558333333332962      0.8340223099187648
0.010616666666666295      0.6322679267963787
0.010674999999999626      0.19894590594386055
0.010733333333332956      0.1983693146041922
0.01079166666666629       0.44597549030971423
0.010849999999999617      0.4469301278616355
0.010908333333332947      0.19505074071882225
0.010966666666666281      0.12779293119297064
0.011024999999999611      0.2693020228460782
0.011083333333332945      0.25732866577321784
0.011141666666666276      0.09782118746454928
0.01119999999999961       0.1273294599016589
0.01125833333333294       0.27623185057883304
0.01131666666666627       0.25769054089325016
0.0113749999999996        0.10297572664169957
0.011433333333332931      0.14182083256893596
0.011491666666666261      0.3734158763077777
0.011549999999999595      0.5025267209128532
0.011608333333332922      0.4220981903414716
0.011666666666666256      0.20479506476779924
0.011724999999999586      0.13654033040364089
0.011783333333332917      0.12125170866880834
0.01184166666666625       0.13891056096746965
0.011899999999999581      0.18106682809895652
0.011958333333332911      0.23812857384962255
0.012016666666666242      0.29575445556192353
0.012074999999999572      0.3238869196271829
0.012133333333332906      0.3177924790692716
0.01219166666666624       0.19527877917035455
0.012249999999999567      0.1885711172842448
0.012308333333332897      0.22487943613872186
0.012366666666666228      0.25927212824250145
0.012424999999999561      0.23633198139543993
0.012483333333332895      0.3329961953015341
0.012541666666666226      0.4720257313644983
0.012599999999999556      0.5974477081857155
0.01265833333333289       0.39501440961735457
0.012716666666666217      0.35277021271772485
0.01277499999999955       0.41564390741067525
0.012833333333332881      0.549182106890418
0.012891666666666215      0.4667033967034508
0.012949999999999545      0.5015236136009977
0.013008333333332872      0.5879863628854928
0.013066666666666206      0.688762209190434
0.013124999999999536      0.5594269790068422
0.013183333333332867      0.6185409145108007
0.013241666666666197      0.7882983710125822
0.013299999999999527      1.0081101995821076
0.013358333333332861      0.7973607970345987
0.013416666666666192      0.7928138035658371
0.013474999999999519      1.00872254009124
0.013533333333332852      1.4672912697684302
0.013591666666666183      1.3667322853814814
0.013649999999999517      1.296752397206111
0.01370833333333285       1.3119118026738419
0.013766666666666177      1.489699509583531
0.013824999999999511      1.46183319926506
0.013883333333332842      1.4419722744043695
0.013941666666666172      1.575860518966114
0.013999999999999506      2.0702657213584996
0.014058333333332836      2.3290837903505572
0.014116666666666167      2.4286608252460593
0.014174999999999497      2.3526705282419913
0.014233333333332827      2.2362060429611095
0.014291666666666161      2.3156938738658237
0.014349999999999488      2.498157487691068
0.014408333333332819      2.6853522527372187
0.01446666666666615       2.870131396800156
0.014524999999999485      3.141956649356665
0.014583333333332813      3.4804746227744308
0.014641666666666142      3.749634394768088
0.014699999999999474      3.922781525967314
0.014758333333332806      4.166055970365874
0.014816666666666136      4.662447552922206
0.014874999999999465      5.162186360492996
0.014933333333332795      5.538506607416443
0.014991666666666128      5.575103152533428
0.015049999999999458      5.957768348362386
0.015108333333332788      6.511145847849466
0.015166666666666119      7.112816512251923
0.01522499999999945       7.376506258376777
0.015283333333332783      7.846756188701332
0.015341666666666113      8.462516546760273
0.015399999999999444      9.186979482580908
0.015458333333332776      9.794271270579147
0.015516666666666106      10.535581142815154
0.015574999999999437      11.352066009701046
0.015633333333332767      12.20634587721352
0.015691666666666097      12.991844775659995
0.015749999999999428      13.981995005321163
0.015808333333332758      15.114876836984577
0.01586666666666609       16.34414143353247
0.01592499999999942       17.4117628372535
0.01598333333333275       18.659316156812302
0.01604166666666608       20.07144469806994
0.01609999999999941       21.639495163636578
0.01615833333333274       23.21255972823402
0.016216666666666074      24.88437577191726
0.016274999999999405      26.67543667703752
0.016333333333332735      28.627477363735007
0.016391666666666065      30.78219732727795
0.016449999999999396      33.064440277586755
0.016508333333332726      35.47311283342123
0.016566666666666056      38.06033680649626
0.016624999999999387      41.153421893810844
0.016683333333332717      44.30178858508739
0.016741666666666048      47.45068469471731
0.016799999999999378      50.64255963365437
0.01685833333333271       54.5577742358988
0.01691666666666604       58.75584031059933
0.01697499999999937       63.13233070190018
0.0170333333333327        67.83153531014153
0.01709166666666603       73.6424875975406
0.01714999999999936       79.59571250684616
0.01720833333333269       85.305999775181
0.01726666666666602       90.75248639403509
0.01732499999999935       97.07779056986249
0.01738333333333268       104.31463034044877
0.017441666666666012      112.01553471115265
0.017499999999999342      119.93905711060471
0.017558333333332673      129.2634568368978
0.017616666666666003      139.29496262212714
0.01767499999999933       149.88844373664656
0.01773333333333266       161.0038640632632
0.01779166666666599       173.4016326593376
0.017849999999999325      186.35711050307663
0.01790833333333266       199.68934200369256
0.01796666666666599       213.40289080852904
0.01802499999999932       229.81973631322745
0.01808333333333265       247.31945598860733
0.01814166666666598       265.7736954294824
0.01819999999999931       285.20717488472195
0.01825833333333264       307.51892067867755
0.01831666666666597       330.59895453591605
0.0183749999999993        354.38363640609515
0.018433333333332632      378.92051672775693
0.018491666666665962      408.5252167672906
0.018549999999999293      439.4729690618175
0.018608333333332623      471.68197945053095
0.018666666666665954      505.117674965529
0.018724999999999284      545.3068165665418
0.018783333333332614      587.074409860159
0.018841666666665945      630.2549164764771
0.018899999999999275      674.6697081306897
0.018958333333332605      727.2453137481867
0.019016666666665936      781.8246463319244
0.019074999999999266      838.3217232735894
0.019133333333332597      896.6584022272975
0.019191666666665927      967.0222143799901
0.019249999999999257      1040.5266881525952
0.019308333333332588      1117.0387033716288
0.019366666666665918      1196.6776925486706
0.01942499999999925       1292.2712038769873
0.01948333333333258       1391.1228320635273
0.01954166666666591       1492.5483777067857
0.01959999999999924       1596.196817764127
0.01965833333333257       1719.9885663954328
0.019716666666665904      1849.728712207784
0.019774999999999234      1984.7471548513577
0.019833333333332565      2124.4798190260035
0.019891666666665895      2292.4181111520234
0.019949999999999225      2467.310898142283
0.020008333333332552      2648.604911408492
0.020066666666665886      2835.626896699805
0.020124999999999216      3058.189823169112
0.020183333333332547      3289.8951522615716
0.020241666666665877      3530.2005777731474
0.020299999999999208      3778.3830342665124
0.020358333333332538      4076.205908840192
0.02041666666666587       4385.995371418372
0.0204749999999992        4706.9911853644335
0.02053333333333253       5038.197139732094
0.02059166666666586       5433.801873893715
0.02064999999999919       5845.62222094762
0.02070833333333252       6272.6809721975005
0.02076666666666585       6713.701459504144
0.02082499999999918       7242.651236431439
0.02088333333333251       7793.14896031524
0.02094166666666584       8363.842396405076
0.020999999999999172      8952.949894672747
0.021058333333332502      9656.954836153689
0.021116666666665833      10389.320262088342
0.021174999999999163      11148.276816461153
0.021233333333332494      11931.471348626932
0.021291666666665824      12869.918616910516
0.021349999999999154      13846.851863247575
0.021408333333332485      14859.966016343407
0.021466666666665815      15906.238551366034
0.021524999999999146      17158.29488280671
0.021583333333332476      18460.69935289039
0.021641666666665806      19810.217532209743
0.021699999999999137      21202.633257356913
0.02175833333333247       22869.503666669374
0.0218166666666658        24604.737038562605
0.02187499999999913       26404.169639831784
0.02193333333333246       28262.329608163564
0.021991666666665792      30487.96284074301
0.022049999999999122      32803.95721195062
0.022108333333332453      35204.67987213121
0.022166666666665783      37682.72429181721
0.022224999999999114      40647.13414348902
0.022283333333332444      43731.49976371505
0.022341666666665774      46928.21245383644
0.022399999999999105      50227.25778372553
0.022458333333332435      54178.67582651871
0.022516666666665765      58291.871551905715
0.022574999999999096      62557.02044753561
0.02263333333333243       66961.02156810023
0.02269166666666576       72231.04126100356
0.02274999999999909       77713.7675777411
0.02280833333333242       83395.79666231768
0.02286666666666575       89259.32050463933
0.02292499999999908       96279.96381427039
0.022983333333332412      103587.8895608439
0.023041666666665742      111165.65452026245
0.023099999999999073      118989.9785198359
0.023158333333332403      128356.15658223661
0.023216666666665733      138101.5955572243
0.023274999999999064      148202.57701520924
0.023333333333332394      158627.53688797556
0.023391666666665725      171106.28136887448
0.023449999999999055      184093.1993892465
0.023508333333332385      197557.0050732487
0.023566666666665716      211455.95520243794
0.023624999999999046      228094.79090843053
0.023683333333332376      245408.931723427
0.023741666666665707      263356.54683470464
0.023799999999999037      281881.8801423677
0.023858333333332368      304055.6487536822
0.023916666666665698      327130.65766759607
0.02397499999999903       351051.2503810199
0.02403333333333236       375743.2606429865
0.02409166666666569       405308.73475799843
0.02414999999999902       436081.37971038395
0.02420833333333235       467987.5884627307
0.02426666666666568       500929.21216956305
0.02432499999999901       540358.8005864768
0.02438333333333234       581380.1491908819
0.02444166666666567       623892.940066507
0.024499999999999002      667763.9723360494
0.024558333333332332      720272.9277265635
0.024616666666665662      774925.1437186102
0.024674999999998993      831589.2973408737
0.024733333333332323      890090.2272005255
0.024791666666665654      960145.5954974286
0.024849999999998984      1033049.7688067785
0.024908333333332314      1108626.951987639
0.024966666666665645      1186642.613755528
0.025024999999998975      1280009.7328258313
0.025083333333332306      1377163.536554934
0.025141666666665636      1477868.669238736
0.025199999999998966      1581811.526774299
0.025258333333332297      1706250.1974161766
0.025316666666665627      1835751.7160014703
0.025374999999998957      1970003.938315777
0.025433333333332288      2108590.518892334
0.025491666666665618      2274501.5882179444
0.02554999999999895       2447164.4308479694
0.02560833333333228       2626163.032634739
0.02566666666666561       2810942.476086089
0.02572499999999894       3032133.154880178
0.02578333333333227       3262295.7143318686
0.0258416666666656        3500872.3592636315
0.02589999999999893       3747119.745507733
0.02595833333333226       4041898.848069266
0.02601666666666559       4348682.038022878
0.026074999999998922      4666730.855885681
0.026133333333332252      4995059.853614479
0.026191666666665583      5388122.394076489
0.026249999999998913      5797136.312329539
0.026308333333332243      6221111.295402909
0.026366666666665574      6658727.221655911
0.026424999999998904      7182574.206310407
0.026483333333332235      7727748.372576818
0.026541666666665565      8292937.032141399
0.026599999999998895      8876388.488498887
0.026658333333332226      9574890.850926977
0.026716666666665556      1.030174463602304E7
0.026774999999998886      1.1055190461808786E7
0.026833333333332217      1.18328828953272E7
0.026891666666665547      1.2763779784849392E7
0.026949999999998878      1.3732545411430668E7
0.027008333333332208      1.47368436395493E7
0.02706666666666554       1.5773557719686065E7
0.02712499999999887       1.7014739964484036E7
0.0271833333333322        1.8306349133694027E7
0.02724166666666553       1.9645264303055454E7
0.02729999999999886       2.102732319571218E7
0.02735833333333219       2.2681654117682908E7
0.02741666666666552       2.4403230203280885E7
0.02747499999999885       2.6187894687188145E7
0.02753333333333218       2.8030102902847014E7
0.027591666666665512      3.023561267787467E7
0.027649999999998842      3.2530785608337346E7
0.027708333333332173      3.491008220070115E7
0.027766666666665503      3.736611287479018E7
0.02782499999999911       4.0306089939723745E7
0.02788333333333272       4.33655189630548E7
0.027941666666666327      4.653700772901967E7
0.027999999999999935      4.9820572372891076E7
0.027999999999999935      4.973697692531251E7
0.028024999999999935      5.125285327868318E7
0.028049999999999936      5.279157324114825E7
0.028074999999999937      5.435313702514644E7
0.028099999999999938      5.5937993888469085E7
0.028124999999999938      5.748487495581168E7
0.02814999999999994       5.905245154761378E7
0.02817499999999994       6.0641173419568956E7
0.02819999999999994       6.225149643095538E7
0.02822499999999994       6.381534466799556E7
0.028249999999999942      6.539817561245984E7
0.028274999999999943      6.700044530391431E7
0.028299999999999943      6.862261198000166E7
0.028324999999999944      7.018976040764503E7
0.028349999999999945      7.177419656273466E7
0.028374999999999945      7.337637805362998E7
0.028399999999999946      7.499676074863961E7
0.028424999999999947      7.655358470014554E7
0.028449999999999948      7.812599738401522E7
0.02847499999999995       7.971445446235321E7
0.02849999999999995       8.131940594388966E7
0.02852499999999995       8.285229528342517E7
0.02854999999999995       8.439907458486336E7
0.02857499999999995       8.596019460074723E7
0.028599999999999952      8.753609657765347E7
0.028624999999999953      8.903156242247151E7
0.028649999999999953      9.053926908508603E7
0.028674999999999954      9.205965845704418E7
0.028699999999999955      9.359315917220436E7
0.028724999999999955      9.503809459915894E7
0.028749999999999956      9.649370482987534E7
0.028774999999999957      9.796041771384463E7
0.028799999999999958      9.943864413650239E7
0.02882499999999996       1.008204823486165E8
0.02884999999999996       1.0221149695747721E8
0.02887499999999996       1.036120976706664E8
0.02889999999999996       1.0502267371828026E8
0.02892499999999996       1.0632937001309532E8
0.028949999999999962      1.0764379890479766E8
0.028974999999999963      1.0896634979455243E8
0.028999999999999963      1.102973882484088E8
0.029024999999999964      1.1151744535813133E8
0.029049999999999965      1.127438731992809E8
0.029074999999999965      1.139770383026032E8
0.029099999999999966      1.152172802298717E8
0.029124999999999967      1.1633992089266054E8
0.029149999999999968      1.1746768884308586E8
0.02917499999999997       1.1860092401136923E8
0.02919999999999997       1.1973993645598717E8
0.02922499999999997       1.2075528052889505E8
0.02924999999999997       1.2177463498110019E8
0.02927499999999997       1.2279830927093858E8
0.029299999999999972      1.2382658031798413E8
0.029324999999999973      1.2472570355600736E8
0.029349999999999973      1.2562783968500233E8
0.029374999999999974      1.2653326519429351E8
0.029399999999999975      1.274422216580188E8
0.029424999999999975      1.2821717379776584E8
0.029449999999999976      1.2899426799444653E8
0.029474999999999977      1.2977374599003023E8
0.029499999999999978      1.305558125397771E8
0.02952499999999998       1.3119969072734167E8
0.02954999999999998       1.3184498256059392E8
0.02957499999999998       1.324918928509649E8
0.02959999999999998       1.3314058766642088E8
0.02962499999999998       1.3364762428323615E8
0.029649999999999982      1.3415549491803658E8
0.029674999999999983      1.3466436532311633E8
0.029699999999999983      1.351743610860659E8
0.029724999999999984      1.355399682404941E8
0.029749999999999985      1.3590597942409343E8
0.029774999999999986      1.3627252012134197E8
0.029799999999999986      1.3663967457186317E8
0.029824999999999987      1.3686047119111693E8
0.029849999999999988      1.3708139648279315E8
0.02987499999999999       1.3730253487941113E8
0.02989999999999999       1.3752392884593463E8
0.02992499999999999       1.3759777712069675E8
0.02994999999999999       1.3767163797021812E8
0.02997499999999999       1.377455538606487E8
0.029999999999999992      1.3781952492645955E8
0.030024999999999993      1.3774555386064863E8
0.030049999999999993      1.376716379702178E8
0.030074999999999994      1.3759777712069637E8
0.030099999999999995      1.3752392884593406E8
0.030124999999999996      1.3730253487941068E8
0.030149999999999996      1.3708139648279274E8
0.030174999999999997      1.3686047119111657E8
0.030199999999999998      1.3663967457186294E8
0.030225                  1.3627252012134215E8
0.03025                   1.3590597942409417E8
0.030275                  1.3553996824049574E8
0.0303                    1.3517436108606857E8
0.030325                  1.346643653231199E8
0.030350000000000002      1.3415549491804142E8
0.030375000000000003      1.33647624283242E8
0.030400000000000003      1.3314058766642794E8
0.030425000000000004      1.3249189285097249E8
0.030450000000000005      1.3184498256060138E8
0.030475000000000006      1.3119969072734874E8
0.030500000000000006      1.3055581253978291E8
0.030525000000000007      1.2977374599003516E8
0.030550000000000008      1.2899426799445045E8
0.03057500000000001       1.2821717379776827E8
0.03060000000000001       1.274422216580196E8
0.03062500000000001       1.2653326519429314E8
0.03065000000000001       1.2562783968500082E8
0.03067500000000001       1.24725703556005E8
0.030700000000000012      1.2382658031798139E8
0.030725000000000013      1.2279830927093624E8
0.030750000000000013      1.217746349810981E8
0.030775000000000014      1.207552805288932E8
0.030800000000000015      1.1973993645598565E8
0.030825000000000016      1.1860092401136753E8
0.030850000000000016      1.1746768884308338E8
0.030875000000000017      1.1633992089265674E8
0.030900000000000018      1.1521728022986606E8
0.03092500000000002       1.1397703830259563E8
0.03095000000000002       1.127438731992712E8
0.03097500000000002       1.1151744535811974E8
0.03100000000000002       1.1029738824839503E8
0.03102500000000002       1.0896634979453811E8
0.031050000000000022      1.0764379890478389E8
0.031075000000000023      1.0632937001308328E8
0.031100000000000023      1.0502267371827114E8
0.031125000000000024      1.036120976706624E8
0.031150000000000025      1.0221149695747882E8
0.031175000000000026      1.0082048234862442E8
0.031200000000000026      9.94386441365172E7
0.031225000000000027      9.796041771386576E7
0.03125000000000003       9.649370482990097E7
0.031275000000000025      9.503809459918717E7
0.03130000000000002       9.359315917223322E7
0.03132500000000002       9.205965845707081E7
0.03135000000000002       9.053926908510856E7
0.031375000000000014      8.903156242248788E7
0.03140000000000001       8.75360965776614E7
0.03142500000000001       8.596019460074584E7
0.031450000000000006      8.439907458485363E7
0.031475                  8.285229528340791E7
0.0315                    8.13194059438659E7
0.031525                  7.971445446232557E7
0.031549999999999995      7.812599738398656E7
0.03157499999999999       7.655358470011881E7
0.03159999999999999       7.499676074861768E7
0.031624999999999986      7.337637805361602E7
0.031649999999999984      7.177419656272912E7
0.03167499999999998       7.018976040764809E7
0.03169999999999998       6.862261198001346E7
0.031724999999999975      6.70004453039339E7
0.03174999999999997       6.53981756124846E7
0.03177499999999997       6.38153446680226E7
0.03179999999999997       6.2251496430981666E7
0.031824999999999964      6.064117341959172E7
0.03184999999999996       5.9052451547631346E7
0.03187499999999996       5.748487495582209E7
0.031899999999999956      5.593799388847026E7
0.03192499999999996       5.435313702513819E7
0.031949999999999965      5.279157324113213E7
0.03197499999999997       5.125285327866069E7
0.03199999999999997       4.973697692528517E7
0.03199999999999997       4.982057237286525E7
0.03205833333333331       4.653700772901267E7
0.03211666666666664       4.336551896306882E7
0.032174999999999974      4.0306089939760774E7
0.03223333333333331       3.73661128748509E7
0.03229166666666664       3.4910082200761445E7
0.032349999999999976      3.2530785608393412E7
0.03240833333333331       3.023561267792233E7
0.032466666666666644      2.803010290288281E7
0.03252499999999998       2.618789468722023E7
0.03258333333333331       2.4403230203310296E7
0.032641666666666645      2.2681654117710628E7
0.03269999999999998       2.102732319573929E7
0.03275833333333331       1.964526430307993E7
0.03281666666666665       1.8306349133715983E7
0.03287499999999998       1.7014739964503627E7
0.032933333333333314      1.5773557719703505E7
0.03299166666666665       1.473684363957021E7
0.03304999999999998       1.373254541145366E7
0.033108333333333316      1.2763779784873212E7
0.03316666666666665       1.1832882895350652E7
0.033224999999999984      1.105519046182771E7
0.03328333333333332       1.0301744636037394E7
0.03334166666666665       9574890.850936648
0.033399999999999985      8876388.48850372
0.03345833333333332       8292937.032146207
0.03351666666666665       7727748.372582276
0.03357499999999999       7182574.206317042
0.03363333333333332       6658727.221664198
0.033691666666666654      6221111.295411551
0.03374999999999999       5797136.312338381
0.03380833333333332       5388122.394085392
0.033866666666666656      4995059.853623291
0.03392499999999999       4666730.855895672
0.033983333333333324      4348682.038032889
0.03404166666666666       4041898.8480782504
0.03409999999999999       3747119.745514741
0.034158333333333325      3500872.359267509
0.03421666666666666       3262295.714333861
0.03427499999999999       3032133.154881429
0.03433333333333333       2810942.476087629
0.03439166666666666       2626163.032638256
0.034449999999999995      2447164.4308523345
0.03450833333333333       2274501.5882221875
0.03456666666666666       2108590.518895556
0.034624999999999996      1970003.9383172712
0.03468333333333333       1835751.71600254
0.034741666666666664      1706250.1974180345
0.0348                    1581811.5267780568
0.03485833333333333       1477868.6692450375
0.034916666666666665      1377163.5365614004
0.034975                  1280009.7328303393
0.03503333333333333       1186642.613756205
0.03509166666666667       1108626.951983255
0.03515                   1033049.7688001405
0.035208333333333335      960145.5954910413
0.03526666666666667       890090.2271966045
0.035325                  831589.2973426422
0.035383333333333336      774925.1437241593
0.03544166666666667       720272.9277342119
0.035500000000000004      667763.9723442949
0.03555833333333334       623892.9400712006
0.03561666666666667       581380.1491922908
0.035675000000000005      540358.800584918
0.03573333333333334       500929.2121654049
0.03579166666666667       467987.5884594101
0.03585000000000001       436081.3797082913
0.03590833333333334       405308.7347574805
0.035966666666666675      375743.2606443837
0.03602500000000001       351051.2503824856
0.03608333333333334       327130.65766880277
0.036141666666666676      304055.6487543228
0.03620000000000001       281881.8801421673
0.036258333333333344      263356.5468350503
0.03631666666666668       245408.9317243544
0.03637500000000001       228094.7909099672
0.036433333333333345      211455.9552046035
0.03649166666666668       197557.00507482162
0.03655000000000001       184093.19939006705
0.03660833333333335       171106.28136879244
0.03666666666666668       158627.53688684956
0.036725000000000015      148202.57701414695
0.03678333333333335       138101.595556455
0.03684166666666668       128356.15658195822
0.036900000000000016      118989.97852020897
0.03695833333333335       111165.65452055907
0.037016666666666684      103587.88956098372
0.03707500000000002       96279.96381417963
0.03713333333333335       89259.32050424596
0.037191666666666685      83395.79666228054
0.03725000000000002       77713.7675780898
0.03730833333333335       72231.04126175983
0.03736666666666669       66961.02156927792
0.03742500000000002       62557.02044842899
0.037483333333333355      58291.87155237482
0.03754166666666669       54178.67582645005
0.03760000000000002       50227.25778302865
0.037658333333333356      46928.21245296239
0.03771666666666669       43731.49976286588
0.037775000000000024      40647.13414286727
0.03783333333333336       37682.72429164504
0.03789166666666669       35204.67987224026
0.037950000000000025      32803.95721219288
0.03800833333333336       30487.962840979104
0.03806666666666669       28262.32960828459
0.03812500000000003       26404.1696398888
0.03818333333333336       24604.737038555206
0.038241666666666695      22869.50366659541
0.03830000000000003       21202.63325721826
0.03835833333333336       19810.21753202792
0.038416666666666696      18460.69935276577
0.03847500000000003       17158.294882844326
0.038533333333333364      15906.238551672352
0.0385916666666667        14859.96601690105
0.03865000000000003       13846.85186379138
0.038708333333333365      12869.918617218162
0.0387666666666667        11931.471348517083
0.03882500000000003       11148.276815834854
0.03888333333333337       10389.320261206187
0.0389416666666667        9656.95483525629
0.039000000000000035      8952.949893978177
0.03905833333333337       8363.842396282416
0.0391166666666667        7793.148960588738
0.039175000000000036      7242.651236946597
0.03923333333333337       6713.701460115248
0.039291666666666704      6272.680972545902
0.03935000000000004       5845.622221043822
0.03940833333333337       5433.801873752416
0.039466666666666705      5038.197139364811
0.03952500000000004       4706.991185077862
0.03958333333333337       4385.99537124843
0.03964166666666671       4076.2059088120304
0.03970000000000004       3778.383034394168
0.039758333333333375      3530.2005778919706
0.03981666666666671       3289.8951523553915
0.03987500000000004       3058.189823206908
0.039933333333333376      2835.6268966387224
0.03999166666666671       2648.6049113689783
0.040050000000000044      2467.310898176659
0.04010833333333338       2292.4181112829033
0.04016666666666671       2124.4798192365133
0.040225000000000045      1984.7471550140797
0.04028333333333338       1849.7287123273493
0.04034166666666671       1719.9885664668702
0.04040000000000005       1596.1968177325693
0.04045833333333338       1492.5483775374678
0.040516666666666715      1391.1228318369037
0.04057500000000005       1292.2712037071421
0.04063333333333338       1196.6776925292415
0.040691666666666716      1117.0387034267656
0.04075000000000005       1040.5266882099527
0.040808333333333384      967.0222144271298
0.04086666666666672       896.658402289755
0.04092500000000005       838.3217233256881
0.040983333333333385      781.8246463357516
0.04104166666666672       727.2453136802209
0.04110000000000005       674.6697079923218
0.04115833333333339       630.2549163278014
0.04121666666666672       587.0744097439073
0.041275000000000055      545.3068165128152
0.04133333333333339       505.1176749854137
0.04139166666666672       471.68197950927004
0.041450000000000056      439.47296912659044
0.04150833333333339       408.5252168259009
0.041566666666666724      378.92051676194376
0.04162500000000006       354.3836363853555
0.04168333333333339       330.5989544838922
0.041741666666666725      307.5189206333388
0.04180000000000006       285.0943319803999
0.04185833333333339       265.7736954431611
0.04191666666666673       247.31945601473998
0.04197500000000006       229.81973637130776
0.042033333333333395      213.31844381477703
0.04209166666666673       199.6893420413153
0.04215000000000006       186.35711043336963
0.042208333333333396      173.40163251262035
0.04226666666666673       160.94041782265725
0.042325000000000064      149.8884437097629
0.0423833333333334        139.29496264192866
0.04244166666666673       129.26345684483553
0.042500000000000066      119.89147234806893
0.0425583333333334        112.01553466019418
0.04261666666666673       104.31463030076948
0.042675000000000074      97.07779056517161
0.04273333333333341       90.7524864251287
0.04279166666666674       85.30599977668204
0.042850000000000076      79.59571244001413
0.04290833333333341       73.64248748618562
0.04296666666666675       67.80481004797987
0.043025000000000084      63.1323306990929
0.04308333333333342       58.75584033481064
0.04314166666666675       54.55777424761824
0.043200000000000086      50.64255962416857
0.04325833333333342       47.450684704945616
0.04331666666666675       44.30178860315175
0.04337500000000009       41.15342190270572
0.04343333333333342       38.045281363925106
0.043491666666666755      35.4731128344629
0.04355000000000009       33.06444028667371
0.04360833333333342       30.78219732771425
0.043666666666666756      28.616146121847066
0.04372500000000009       26.675436667310077
0.043783333333333424      24.884375793512824
0.04384166666666676       23.212559766427397
0.04390000000000009       21.631050973910146
0.043958333333333426      20.071444690071726
0.04401666666666676       18.659316158445886
0.04407500000000009       17.411762858688395
0.04413333333333343       16.337749390577052
0.04419166666666676       15.11487683215017
0.044250000000000095      13.981994998394145
0.04430833333333343       12.99184478129413
0.04436666666666676       12.20159951509801
0.044425000000000096      11.352066019276156
0.04448333333333343       10.535581151063663
0.044541666666666764      9.794271268999024
0.0446000000000001        9.183384173240853
0.04465833333333343       8.462516515163756
0.044716666666666766      7.846756191415517
0.0447750000000001        7.376506287055757
0.04483333333333343       7.110157969280792
0.04489166666666677       6.511145816989802
0.0449500000000001        5.957768351660556
0.045008333333333435      5.575103220525045
0.04506666666666677       5.536471521847446
0.0451250000000001        5.16218635268594
0.045183333333333436      4.662447485944437
0.04524166666666677       4.1660559165414295
0.045300000000000104      3.9212822944789925
0.04535833333333344       3.7496344709737106
0.04541666666666677       3.4804746939269835
0.045475000000000106      3.1419566868726405
0.04553333333333344       2.868995477653661
0.04559166666666678       2.685352267608041
0.04565000000000011       2.4981575033214036
0.04570833333333344       2.315693859561485
0.045766666666666775      2.235360646626384
0.0458250000000001        2.352670481094186
0.04588333333333344       2.428660846478107
0.04594166666666677       2.329083878110929
0.0460000000000001        2.069621817844588
0.04605833333333344       1.5758605566654156
0.04611666666666677       1.4419722766715657
0.046175000000000105      1.4618332134582817
0.04623333333333344       1.4892193005308192
0.04629166666666677       1.3119118425092453
0.04635000000000011       1.2967523867557034
0.04640833333333344       1.3667322248866374
0.046466666666666774      1.4669191595471334
0.04652500000000011       1.008722499510715
0.04658333333333345       0.7928137983929465
0.04664166666666679       0.7973608069505839
0.046700000000000116      1.0078492548524518
0.04675833333333345       0.7882983491954941
0.046816666666666784      0.6185409002354576
0.04687500000000012       0.5594269893253802
0.04693333333333345       0.688555779498575
0.04699166666666678       0.587986363341778
0.04705000000000012       0.5015235972921496
0.04710833333333345       0.46670338698834346
0.04716666666666679       0.5490360112016393
0.04722500000000013       0.4156439161814188
0.047283333333333455      0.35277020754931226
0.04734166666666679       0.3950144003485287
0.04740000000000012       0.5973273513168402
0.047458333333333456      0.4720257448803762
0.04751666666666679       0.3329961997375248
0.047575000000000124      0.23633198021163904
0.04763333333333346       0.25918907202788205
0.047691666666666785      0.22487945636160186
0.047750000000000126      0.18857112142408378
0.047808333333333466      0.19527876451596873
0.04786666666666679       0.3177247980005769
0.04792500000000013       0.32388695651122784
0.04798333333333346       0.2957545141212517
0.048041666666666795      0.23812862998735004
0.04810000000000013       0.1810181328421079
0.048158333333333456      0.13891058154845556
0.048216666666666796      0.12125172270827557
0.04827500000000013       0.1365403652642698
0.048333333333333464      0.20476143666540925
0.048391666666666805      0.4220983168696707
0.04845000000000013       0.5025268151074135
0.048508333333333466      0.37341589912961687
0.0485666666666668        0.1417954414263407
0.04862500000000013       0.10297575268078862
0.04868333333333347       0.2576906040709551
0.048741666666666794      0.2762318970028218
0.04880000000000013       0.1273076681169264
0.04885833333333346       0.0978211854160744
0.0489166666666668        0.25732867668547277
0.04897500000000014       0.26930202666060654
0.04903333333333347       0.12777830230990844
0.04909166666666681       0.19505078153851882
0.049150000000000145      0.44693018060282924
0.04920833333333348       0.44597550194793545
0.04926666666666682       0.19835649387234186
0.049325000000000147      0.1989459670821708
0.04938333333333348       0.6322680534283097
0.049441666666666814      0.8340223987959928
0.04950000000000015       0.591112978472288
0.04955833333333348       0.039039520978135976
0.04961666666666681       0.12430274500817223
0.04967500000000014       0.36380873676937014
0.049733333333333477      0.5674078019018168
0.04979166666666681       0.46736316733527444
0.049850000000000144      0.5204781294063175
0.04990833333333347       0.451866977499972
0.049966666666666805      0.3602966480316783
0.05002500000000014       0.28700104478468597
0.05008333333333348       0.5248130215723668
0.05014166666666682       0.5716941748250866
0.05020000000000015       0.36699261300408303
0.05025833333333349       0.06418699541296988
0.05031666666666682       0.20191813999617844
0.050375000000000156      0.34907599079388185
0.0504333333333335        0.31140215456974474
0.05049166666666682       0.03265652649776883
0.05055000000000016       0.021716641914316243
0.05060833333333349       0.07956959152673648
0.050666666666666825      0.10724735912791702
0.05072500000000016       0.10242132457256695
0.050783333333333486      0.21596371744425416
0.05084166666666683       0.2842323442638463
0.05090000000000016       0.2519509152360985
0.050958333333333494      0.058599855221048984
0.05101666666666683       0.04002735841432509
0.05107500000000016       0.039708743291806195
0.051133333333333496      0.021453511531963593
0.05119166666666683       0.08865777671144508
0.051250000000000163      0.2433974446653828
0.0513083333333335        0.2987467897808024
0.051366666666666824      0.210394501048731
0.051425000000000165      0.05180571813879688
0.0514833333333335        0.15648668227907947
0.05154166666666683       0.29686159210472274
0.051600000000000174      0.34984880695222376
0.05165833333333351       0.07745078238186297
0.05171666666666684       0.009141028557296716
0.05177500000000017       0.0727692612532435
0.05183333333333351       0.22434656805392308
0.05189166666666684       0.12428726848881703
0.05195000000000018       0.03752617732878492
0.05200833333333352       0.0037516224696383348
0.052066666666666844      0.08675474460464948
0.05212500000000018       0.1053939206813545
0.05218333333333351       0.07814890043944255
0.052241666666666846      0.03467210658856636
0.05230000000000018       0.05105637381375724
0.052358333333333514      0.07543488046204848
0.05241666666666685       0.06223979840662401
0.05247500000000018       0.03668212296848963
0.052533333333333515      0.07917160688700177
0.05259166666666685       0.1835963743780209
0.05265000000000018       0.20456284209742961
0.052708333333333524      0.12652627099115737
0.05276666666666686       0.03736974361074926
0.05282500000000019       0.02614584599763098
0.052883333333333525      0.07645949107489201
0.05294166666666685       0.10766782430709182
0.053000000000000186      0.12327646443842652
0.05305833333333352       0.05612970175754744
0.053116666666666854      0.020349484767401997
0.053175000000000194      0.019289194825863745
0.05323333333333352       0.10979225796168629
0.053291666666666855      0.14096971679550516
0.05335000000000019       0.12413730319679554
0.05340833333333352       0.08578607949630157
0.05346666666666686       0.12691161393517078
0.05352500000000019       0.17544454116266295
0.053583333333333524      0.14714353569043317
0.053641666666666865      0.05054369044031464
0.0537000000000002        0.007790723990741845
0.05375833333333353       0.08719582304681651
0.05381666666666686       0.13726393725438463
0.0538750000000002        0.09802645436363905
0.053933333333333534      0.03668388678899629
0.05399166666666687       0.061395002184502896
0.0540500000000002        0.07307180780078433
0.05410833333333353       0.043390760954658936
0.05416666666666686       0.08568251065529689
0.0542250000000002        0.3123722927572873
0.05428333333333353       0.4023475561441944
0.054341666666666864      0.25457038666658194
0.0544000000000002        0.09228829853785915
0.05445833333333353       0.32839127630175513
0.054516666666666866      0.6277114863997514
0.05457500000000019       0.5833300031740938
0.05463333333333353       0.234277261785211
0.05469166666666686       0.07640726815755305
0.054750000000000194      0.26157915959855266
0.05480833333333353       0.3258093475877383
0.05486666666666686       0.16306156306536984
0.054925000000000196      0.040655935506838284
0.05498333333333352       0.2248275940158366
0.055041666666666864      0.3075764404749041
0.0551000000000002        0.18200663250131108
0.05515833333333353       0.07268920968440098
0.055216666666666865      0.33320922468195235
0.0552750000000002        0.5605576227291631
0.05533333333333354       0.5546918739381935
0.055391666666666874      0.133549345410146
0.05545000000000021       0.03548032998190812
0.05550833333333355       0.04461204216121043
0.055566666666666875      0.042629949953452914
0.05562500000000021       0.013117942886882778
0.05568333333333354       0.07296541034468719
0.05574166666666687       0.08388918322102568
0.055800000000000204      0.030887010313669094
0.05585833333333354       0.06527550918162348
0.05591666666666687       0.21905332198210575
0.055975000000000205      0.2510257004946133
0.05603333333333354       0.1335915435494717
0.05609166666666687       0.030248359090896456
0.05615000000000021       0.10263938997075439
0.05620833333333354       0.07858715793171568
0.056266666666666874      0.004461213677373806
0.05632500000000021       0.28931499423505447
0.05638333333333354       0.6728755388714875
0.056441666666666876      0.6945879664069201
0.05650000000000022       0.3342553108402076
0.05655833333333355       0.002966957249259909
0.056616666666666884      0.18254922125788586
0.056675000000000225      0.3043286544413517
0.05673333333333355       0.21236272419653776
0.05679166666666689       0.10287728528412578
0.05685000000000022       0.303960714897852
0.056908333333333554      0.3551871854957362
0.05696666666666689       0.20750221182789055
0.057025000000000214      0.14325764669841098
0.057083333333333555      0.5618248842547108
0.05714166666666688       0.8825970354289072
0.057200000000000216      0.9083767342426764
0.05725833333333355       0.26792809990935107
0.057316666666666884      0.1431625865614415
0.05737500000000022       0.19631897729398715
0.05743333333333355       0.3231133114949245
0.057491666666666885      0.16183110145755047
0.057550000000000226      0.1593636581236341
0.05760833333333356       0.15687039457829566
0.057666666666666894      0.21145850071872357
0.05772500000000022       0.20876856443004224
0.057783333333333554      0.32141648655261806
0.05784166666666689       0.31714643992934094
0.057900000000000215      0.1773619766447259
0.057958333333333556      0.006863982895612663
0.05801666666666688       0.1244798488140092
0.058075000000000224      0.29925127940344365
0.058133333333333564      0.39225511368227145
0.05819166666666689       0.20703457024031924
0.058250000000000225      0.1573512276224441
0.05830833333333356       0.16483560481338258
0.05836666666666689       0.20202664826258734
0.05842500000000023       0.057586882671508785
0.05848333333333356       0.020677320324851565
0.058541666666666894      0.053598407128263345
0.05860000000000023       0.17565052215146443
0.05865833333333356       0.14226472595453987
0.0587166666666669        0.0793844663364537
0.05877500000000024       0.009584335170562825
0.05883333333333357       0.03620107752851273
0.0588916666666669        0.10999111313349845
0.05895000000000023       0.11100292266754667
0.059008333333333565      0.03389328312090706
0.05906666666666689       0.015042053189509007
0.05912500000000023       0.1315383676263292
0.05918333333333356       0.16577414031526402
0.0592416666666669        0.06813790341380634
0.05930000000000024       0.02262765003090713
0.05935833333333357       0.21717165107031638
0.0594166666666669        0.3706590261004726
0.059475000000000236      0.2964943752682031
0.05953333333333357       0.07349867617015879
0.059591666666666904      0.006605224312364048
0.05965000000000023       0.0721780262996837
0.059708333333333564      0.0858262961398265
0.0597666666666669        0.02424945668082441
0.05982500000000017       0.004558588454862759
0.05988333333333345       0.025816884285194304
0.059941666666666726      0.01935883309923792
0.06                      2.074718000940596E-7
