0                         0.023262882594350706
1.1249999999996332E-4     0.049047252439577506
2.2499999999993012E-4     0.1323542841478928
3.3749999999989344E-4     0.2731853856688326
4.4999999999985676E-4     0.45248519979151414
5.624999999998583E-4      0.7021058257307172
6.749999999998597E-4      1.0395318908242759
7.874999999998578E-4      1.445707136643633
8.999999999998592E-4      1.8281829269036096
0.0010124999999998607     2.200751201424739
0.0011249999999998622     2.722114693151641
0.0012374999999998672     3.2998205052727694
0.0013499999999998687     3.7603670100030344
0.0014624999999998667     4.176981949445165
0.0015749999999998682     4.8123140208560455
0.0016874999999998697     5.492846824532689
0.0017999999999998677     6.1104099430728835
0.0019124999999998692     6.614938725436264
0.0020249999999998707     7.25784188984864
0.002137499999999879      7.930958096897558
0.002249999999999877      8.591042499684727
0.0023624999999998786     8.957812003296352
0.0024749999999998766     9.377546094451512
0.002587499999999878      9.806988225285535
0.002699999999999876      10.347527188461763
0.0028124999999998776     10.857412952306996
0.002924999999999879      11.275290807317187
0.003037499999999884      11.702563794273996
0.003149999999999882      12.292908768184638
0.0032624999999998835     12.558756311382691
0.003374999999999885      12.677279189666443
0.003487499999999883      12.80216349240839
0.0035999999999998845     12.805261328249912
0.003712499999999886      12.78576333192082
0.0038249999999998875     12.896746601084189
0.0039374999999998925     13.010013966581925
0.004049999999999894      12.9225671212358
0.0041624999999998955     12.946537119925159
0.004274999999999897      13.179269174331221
0.004387499999999895      13.417793349632486
0.0044999999999998964     13.225514806981305
0.004612499999999901      12.69849263107757
0.004724999999999899      12.611424377428017
0.0048374999999998974     12.52764259794342
0.004949999999999902      12.137314680646892
0.0050624999999999        11.837792836294783
0.005174999999999909      11.849075639463935
0.00528749999999991       11.861319998769089
0.005399999999999908      12.028278970931346
0.00551249999999991       12.104545073063015
0.005624999999999911      12.041189917088484
0.005737499999999909      11.991882155204747
0.005849999999999911      12.48484159945708
0.005962499999999912      13.181702375315531
0.006074999999999914      13.407568336507103
0.006187499999999919      13.690525802093967
0.006299999999999917      14.762833571276452
0.006412499999999918      16.683342510899532
0.00652499999999992       18.043766558798776
0.006637499999999914      19.576291659655364
0.006749999999999919      21.483251677506132
0.006862499999999917      24.94191648982524
0.006974999999999922      28.599434275703615
0.007087499999999927      32.65808079275512
0.007199999999999925      36.07097326373436
0.00731249999999993       42.136047924619774
0.007424999999999928      50.0390000896939
0.007537499999999926      58.73303673978337
0.007649999999999931      65.57092560948767
0.007762499999999929      76.34984765678115
0.00787499999999993       91.15696545967157
0.007987499999999932      107.34505250750232
0.00809999999999993       121.16274630841014
0.008212499999999935      140.95657223810207
0.008324999999999933      166.6683508774851
0.008437499999999931      194.54739960321893
0.008549999999999936      221.3684607660141
0.008662499999999934      257.9156778216008
0.008774999999999939      301.02610938240343
0.008887499999999944      347.47490781230294
0.008999999999999942      397.03359571649185
0.009112499999999944      464.066404710646
0.009224999999999945      536.6087542285418
0.009337499999999943      614.432832697033
0.009449999999999945      702.8943203925769
0.009562499999999946      822.0557522699643
0.009674999999999944      944.3748318211851
0.009787499999999946      1075.2082334923348
0.009899999999999947      1225.6277456636583
0.010012499999999949      1430.3791341976073
0.01012499999999995       1638.1884261065998
0.010237499999999948      1860.1279010346682
0.010349999999999953      2111.6119601892196
0.010462499999999954      2461.4992587953484
0.010574999999999952      2820.4788425400893
0.010687499999999954      3203.9677103708846
0.010799999999999955      3625.8725387219247
0.010912499999999953      4212.486420406406
0.011024999999999955      4827.132277171601
0.011137499999999956      5483.719453001297
0.011249999999999958      6183.022533665237
0.01136249999999996       7167.06509687847
0.011474999999999957      8223.064958616758
0.011587499999999962      9351.805554338196
0.011699999999999964      10533.425347902274
0.011812499999999962      12197.248750979314
0.011924999999999963      14006.252855311934
0.012037499999999965      15940.589703738011
0.012149999999999966      17942.050396814986
0.012262499999999968      20752.929002905043
0.012374999999999966      23835.9009804533
0.012487499999999967      27132.783709588057
0.012599999999999969      30545.78671638277
0.012712499999999967      35364.27285090542
0.012824999999999972      40649.23240227633
0.01293749999999997       46302.924389362764
0.013049999999999971      52186.84349776391
0.013162499999999973      60442.470967852365
0.01327499999999997       69465.24573448328
0.013387499999999972      79116.73862391422
0.013499999999999974      89204.72361748456
0.013612499999999975      103427.03105925793
0.013724999999999977      118925.25587443059
0.013837499999999975      135507.326489656
0.01394999999999998       152954.14891818486
0.014062499999999981      177560.64676676455
0.01417499999999998       204258.72734609823
0.01428749999999998       232829.53227202626
0.014399999999999982      262940.8305042868
0.014512499999999982      305419.22249855805
0.014624999999999985      351467.5867312861
0.014737499999999983      400754.12269586424
0.014849999999999985      452768.8837319304
0.014962499999999986      526405.4757650669
0.015074999999999986      606188.8863161934
0.015187499999999987      691609.9012088843
0.015299999999999987      781720.4296850222
0.015412499999999989      909180.7124503957
0.01552499999999999       1047379.290343633
0.015637499999999988      1195369.3366777538
0.01574999999999999       1351337.846604918
0.01586249999999999       1572497.2690465874
0.01597499999999999       1812542.1935106197
0.01608749999999999       2069661.839079715
0.016199999999999992      2340603.7995984014
0.016312499999999994      2724303.899777599
0.01642499999999999       3140938.7497330764
0.016537499999999993      3587259.74821856
0.016649999999999995      4057156.786461316
0.016762499999999996      4723575.7760485485
0.016874999999999994      5447827.176105507
0.016987499999999996      6223807.758200866
0.017099999999999997      7041724.948402085
0.0172125                 8200412.207730563
0.017324999999999997      9458831.918323219
0.0174375                 1.080720277451338E7
0.017550000000000003      1.222589126690863E7
0.017662500000000005      1.4240369506600084E7
0.017775000000000006      1.6431468424887437E7
0.017887500000000008      1.8779575430475958E7
0.01800000000000001       2.128474752836601E7
0.01800000000000001       2.1435929786784004E7
0.018025000000000013      2.2089233803684466E7
0.01805000000000002       2.27523752386153E7
0.01807500000000003       2.3425354373475008E7
0.018100000000000033      2.4108770836171158E7
0.018125000000000033      2.4775670772725858E7
0.018150000000000034      2.545108143781057E7
0.018175000000000035      2.6135602432801574E7
0.018200000000000036      2.6829525930432066E7
0.018225000000000036      2.7501112758719575E7
0.018250000000000037      2.8180727632488128E7
0.018275000000000034      2.88686627071723E7
0.018300000000000035      2.9564834895152483E7
0.018325000000000036      3.023562738838684E7
0.018350000000000033      3.091405237524544E7
0.018375000000000034      3.1600026771547E7
0.018400000000000034      3.229344989658527E7
0.018425000000000035      3.2960261701430436E7
0.018450000000000036      3.3634011138307296E7
0.018475000000000033      3.4314597539930165E7
0.018500000000000034      3.500228761206992E7
0.018525000000000034      3.566078932246763E7
0.018550000000000032      3.632517533810481E7
0.018575000000000036      3.699571236574247E7
0.018600000000000033      3.767294131000164E7
0.018625000000000034      3.831563626325307E7
0.018650000000000035      3.8963235565220684E7
0.018675000000000032      3.961628009946545E7
0.018700000000000033      4.027510672390302E7
0.018725000000000033      4.089365735851335E7
0.01875000000000003       4.151659769423545E7
0.018775000000000028      4.214426456043294E7
0.01880000000000003       4.277656299486535E7
0.01882500000000003       4.336561122415124E7
0.01885000000000003       4.3958800939866625E7
0.01887500000000003       4.455603716568236E7
0.01890000000000003       4.5157142983195566E7
0.018925000000000032      4.571442563651683E7
0.01895000000000003       4.627532155273612E7
0.01897500000000003       4.6839653815745115E7
0.01900000000000003       4.740762696412487E7
0.019025000000000028      4.793010197246305E7
0.01905000000000003       4.8455249690702826E7
0.01907500000000003       4.8983274655367225E7
0.019100000000000027      4.951470135475142E7
0.019125000000000024      4.999601194851983E7
0.019150000000000025      5.0479137029897265E7
0.019175000000000022      5.096460106329412E7
0.019200000000000023      5.145273712833032E7
0.01922500000000002       5.188562685412839E7
0.019250000000000024      5.232001007518212E7
0.019275000000000025      5.2756219832785845E7
0.019300000000000025      5.319413123133911E7
0.019325000000000023      5.357458625813599E7
0.019350000000000023      5.395653857562759E7
0.019375000000000024      5.433986325874298E7
0.01940000000000002       5.472431220402358E7
0.019425000000000022      5.505179621807294E7
0.019450000000000023      5.538052241256559E7
0.019475000000000024      5.571024267387485E7
0.01950000000000002       5.604105582354758E7
0.01952500000000002       5.6314615906418614E7
0.01955000000000002       5.6588758405185536E7
0.019575000000000016      5.6863582136503115E7
0.019600000000000017      5.713950047409761E7
0.019625000000000017      5.735516728199791E7
0.019650000000000018      5.757084114323505E7
0.01967500000000002       5.7786935411542244E7
0.019700000000000016      5.800369912239696E7
0.019725000000000017      5.815670908530545E7
0.019750000000000018      5.830968660873501E7
0.019775000000000015      5.8462880689991884E7
0.019800000000000016      5.861610541637227E7
0.019825000000000016      5.8704843632107005E7
0.019850000000000017      5.8793850744379826E7
0.019875000000000018      5.888294080147325E7
0.019900000000000015      5.897179170251819E7
0.019925000000000016      5.899809096155228E7
0.019950000000000016      5.902473386782656E7
0.019975000000000014      5.9051398298188664E7
0.02000000000000001       5.907808647372057E7
0.020025000000000008      5.9043533605796054E7
0.02005000000000001       5.900900434095606E7
0.02007500000000001       5.897450089258778E7
0.02010000000000001       5.894035178973836E7
0.02012500000000001       5.884363808817419E7
0.020150000000000008      5.874669179473821E7
0.02017500000000001       5.8649841425819315E7
0.02020000000000001       5.855327893262781E7
0.020225000000000007      5.839219133284126E7
0.020250000000000008      5.823115017914056E7
0.02027500000000001       5.807034739025893E7
0.02030000000000001       5.790952612757015E7
0.02032500000000001       5.7684935747906104E7
0.020350000000000007      5.74610532702611E7
0.020375000000000004      5.7237621812910035E7
0.020400000000000005      5.701419529452717E7
0.020425000000000006      5.673067838929243E7
0.020450000000000003      5.644832759794702E7
0.020475                  5.616669681018307E7
0.0205                    5.588564177991782E7
0.020525                  5.5547826925684735E7
0.02055                   5.521119548813518E7
0.020574999999999996      5.487560321612102E7
0.020599999999999997      5.454127440615453E7
0.020624999999999998      5.415077180460654E7
0.020649999999999998      5.376146616741167E7
0.020675                  5.337358179002756E7
0.0207                    5.298726524617918E7
0.020725                  5.254430351342969E7
0.02075                   5.210307266234723E7
0.020775000000000002      5.166371924299469E7
0.0208                    5.1225960758676484E7
0.020825                  5.073347895455118E7
0.02085                   5.0243672171831034E7
0.020874999999999998      4.975625787021793E7
0.0209                    4.927074561482832E7
0.020925                  4.873530576449937E7
0.020949999999999996      4.820329253027594E7
0.020974999999999994      4.76742154457088E7
0.02099999999999999       4.714785530201833E7
0.02102499999999999       4.6576123778444804E7
0.021049999999999992      4.600811352704465E7
0.021074999999999993      4.544360533936744E7
0.021099999999999994      4.4882721173252374E7
0.021124999999999994      4.4278437244057894E7
0.021149999999999995      4.3678147339608185E7
0.021174999999999992      4.308197343032884E7
0.021199999999999993      4.248995707685688E7
0.021224999999999994      4.1855552483332485E7
0.02124999999999999       4.1225898670945816E7
0.02127499999999999       4.060103719103132E7
0.02129999999999999       3.998062422688182E7
0.02132499999999999       3.932102261383042E7
0.021349999999999987      3.866726542446368E7
0.021374999999999984      3.801900880761305E7
0.021399999999999985      3.7375760649654135E7
0.021424999999999986      3.669886440748857E7
0.021449999999999986      3.6028656918688E7
0.021474999999999987      3.536464604213591E7
0.021499999999999984      3.47066211783873E7
0.021524999999999985      3.401983650893986E7
0.021549999999999986      3.3340143257760495E7
0.021574999999999983      3.2667330828961864E7
0.021599999999999984      3.200149108339131E7
0.021624999999999985      3.1309259496942338E7
0.021649999999999985      3.062453241600932E7
0.021674999999999986      2.9947401721236523E7
0.021699999999999983      2.9277865075125977E7
0.021724999999999984      2.8583547171192296E7
0.021749999999999985      2.7897592195848115E7
0.021774999999999982      2.7219997815153435E7
0.021799999999999983      2.6550397277430795E7
0.021824999999999983      2.5859684763054717E7
0.021849999999999984      2.5178463150518667E7
0.021874999999999985      2.4506365666665133E7
0.021899999999999982      2.3842830173696175E7
0.02192499999999998       2.3164082285840373E7
0.021949999999999976      2.249571349143679E7
0.021974999999999977      2.1837161629419733E7
0.021999999999999978      2.1188426420447737E7
0.021999999999999978      2.1245764892408326E7
0.022037499999999977      2.0315600628083017E7
0.022074999999999977      1.9406298534554493E7
0.02211249999999998       1.851785634767495E7
0.02214999999999998       1.7649384844538447E7
0.022187499999999978      1.687371548400061E7
0.02222499999999998       1.6116376431776231E7
0.02226249999999998       1.5376478513199275E7
0.02229999999999998       1.4655282728665E7
0.022337499999999982      1.4015252275873212E7
0.02237499999999998       1.3388349609956931E7
0.02241249999999998       1.2775836173944457E7
0.02244999999999998       1.217759949483554E7
0.02248749999999998       1.1644141434242973E7
0.02252499999999998       1.1122788226534378E7
0.02256249999999998       1.0613427570627518E7
0.022599999999999978      1.0116639233735316E7
0.022637499999999977      9674267.304451693
0.022674999999999976      9241277.64367549
0.022712499999999976      8818250.310546419
0.022749999999999975      8405982.423987035
0.022787499999999974      8037699.349989471
0.022824999999999974      7676962.378421428
0.022862499999999973      7324568.723136701
0.022899999999999972      6981318.118034964
0.022937499999999972      6676293.90788336
0.02297499999999997       6377376.192199388
0.02301249999999997       6085364.933224897
0.02304999999999997       5800515.93520133
0.02308749999999997       5546928.901935215
0.02312499999999997       5298841.260392272
0.023162499999999968      5056508.857332079
0.023199999999999967      4819815.805115165
0.023237499999999967      4609436.521781531
0.023274999999999966      4403945.482335642
0.023312499999999965      4203226.941260471
0.023349999999999965      4007595.958623087
0.023387499999999964      3833161.1306945514
0.023424999999999963      3662408.794975279
0.023462499999999963      3495654.0664453357
0.023499999999999962      3333278.891139904
0.02353749999999996       3189343.126079762
0.02357499999999996       3048333.893139216
0.02361249999999996       2910633.2433593087
0.02364999999999996       2775908.216341287
0.02368749999999996       2656044.5019643563
0.023724999999999958      2539290.0346001606
0.023762499999999957      2425311.87700486
0.023799999999999957      2314486.3642412843
0.023837499999999956      2215867.401630897
0.023874999999999955      2119204.1883137943
0.023912499999999955      2024873.1244393857
0.023949999999999954      1933162.8157027122
0.023987499999999953      1852316.4198264335
0.024024999999999953      1773123.9911294533
0.024062499999999952      1695874.1724693119
0.02409999999999995       1620327.3339088021
0.02413749999999995       1553471.9089214073
0.02417499999999995       1488497.599839807
0.02421249999999995       1425164.8096322825
0.02424999999999995       1363762.9208173868
0.024287499999999948      1309820.6356014379
0.024324999999999947      1256980.0254477563
0.024362499999999947      1205530.496899724
0.024399999999999946      1155439.2716249148
0.024437499999999945      1111730.1213651125
0.024474999999999945      1069233.527166049
0.024512499999999944      1027916.7444436124
0.024549999999999943      987804.3610573238
0.024587499999999943      953031.7642438201
0.024624999999999946      919257.0329506664
0.02466249999999995       886504.7705383252
0.024699999999999948      854858.3835247033
0.024737499999999947      828021.4392357304
0.024774999999999946      801989.9481582913
0.024812499999999946      776847.3378908534
0.02484999999999995       752532.3125563217
0.024887499999999948      732251.167495277
0.024924999999999947      712830.1377618556
0.024962499999999947      694207.9379274739
0.024999999999999946      676447.5441603707
0.025037499999999945      662503.638140927
0.025074999999999945      649218.831872923
0.025112499999999944      636656.1211391158
0.025149999999999943      624894.9058104982
0.025187499999999943      616545.6354235768
0.025224999999999942      608795.5750994794
0.02526249999999994       601724.1370371135
0.02529999999999994       595215.6836470036
0.02533749999999994       592084.4512463104
0.02537499999999994       589730.1911960526
0.02541249999999994       588037.27352243
0.025449999999999938      587096.8701973044
0.025487499999999937      589275.1510017526
0.025524999999999937      592016.1018064405
0.025562499999999936      595410.9146246132
0.025599999999999935      599447.6888079911
0.025637499999999935      606924.060024023
0.025674999999999934      615094.2386895767
0.025712499999999933      623946.333623485
0.025749999999999933      633393.5486124265
0.025787499999999932      646263.28565789
0.02582499999999993       659947.7194244425
0.02586249999999993       674360.0664662784
0.02589999999999993       689552.8623059967
0.02593749999999993       708605.3692049185
0.02597499999999993       728406.6949844153
0.026012499999999928      749009.3905250038
0.026049999999999927      770286.3342905968
0.026087499999999927      795708.6780883868
0.026124999999999926      822155.4446986534
0.026162499999999925      849499.5301281252
0.026199999999999925      877840.2092427269
0.026237499999999924      911010.2627681497
0.026274999999999923      945111.777396307
0.026312499999999923      980244.0438266093
0.026349999999999922      1016423.718588727
0.02638749999999992       1058077.1801583692
0.02642499999999992       1100910.5121599813
0.02646249999999992       1144940.388879823
0.02649999999999992       1189885.4908733624
0.02653749999999992       1241477.4315376647
0.026574999999999918      1294758.063280449
0.026612499999999917      1349446.0997153956
0.026649999999999917      1405714.3804476
0.026687499999999916      1469206.6062193126
0.026724999999999915      1534175.1971976182
0.026762499999999915      1600793.0142834848
0.026799999999999914      1668798.3941790478
0.026837499999999914      1746394.9324423433
0.026874999999999913      1826237.7414989225
0.026912499999999912      1908065.2002266778
0.02694999999999991       1991560.6314050858
0.02698749999999991       2085454.1921822967
0.02702499999999991       2182016.5513398256
0.02706249999999991       2280931.0659083426
0.02709999999999991       2382280.263607054
0.027137499999999908      2496314.198231591
0.027174999999999908      2613067.809295033
0.027212499999999907      2732623.690701234
0.027249999999999906      2855187.486103821
0.027287499999999906      2993147.841190873
0.027324999999999905      3134270.9760271786
0.027362499999999904      3278762.550785277
0.027399999999999904      3426498.6598629407
0.027437499999999903      3592589.9404523554
0.027474999999999902      3762837.5671875365
0.0275124999999999        3937117.743718527
0.0275499999999999        4115269.163570529
0.0275874999999999        4315453.169329457
0.0276249999999999        4520643.520296012
0.0276624999999999        4730678.961274866
0.0276999999999999        4944783.811803443
0.027737499999999898      5186221.9959221
0.027774999999999897      5434292.446327002
0.027812499999999896      5688219.63850783
0.027849999999999896      5948193.47203344
0.027887499999999895      6239354.233066222
0.027924999999999894      6537333.899826857
0.027962499999999894      6842322.406935028
0.027999999999999893      7154320.527626945
0.027999999999999893      7133762.143467738
0.028024999999999897      7351594.877892401
0.028049999999999898      7572730.976529002
0.0280749999999999        7797170.532673974
0.0280999999999999        8025115.0410011
0.0281249999999999        8247667.811843348
0.0281499999999999        8473079.71530849
0.0281749999999999        8701552.237674354
0.028199999999999902      8933180.512364823
0.028224999999999903      9157513.062621979
0.028249999999999904      9384548.90770963
0.028274999999999904      9614383.17745095
0.028299999999999905      9847010.75435852
0.028324999999999906      1.007125144342235E7
0.028349999999999907      1.029803867174711E7
0.028374999999999907      1.0527367324001634E7
0.028399999999999908      1.0759212482868835E7
0.02842499999999991       1.0982100282305302E7
0.02844999999999991       1.1207313650859231E7
0.02847499999999991       1.1434827674245914E7
0.02849999999999991       1.1664692277001083E7
0.02852499999999991       1.1884848765071442E7
0.028549999999999912      1.2107026003201935E7
0.028574999999999913      1.2331273914348645E7
0.028599999999999914      1.255773649383087E7
0.028624999999999914      1.2773048311575204E7
0.028649999999999915      1.2990055530081468E7
0.028674999999999916      1.3208902137659246E7
0.028699999999999917      1.3429732242639385E7
0.028724999999999917      1.3637546021733522E7
0.028749999999999918      1.3846819232861284E7
0.02877499999999992       1.4057695976532286E7
0.02879999999999992       1.4270212214752592E7
0.02882499999999992       1.4468295679734603E7
0.02884999999999992       1.4667717242157433E7
0.02887499999999992       1.4868512860486833E7
0.028899999999999922      1.507063609369359E7
0.028924999999999923      1.5257773333995475E7
0.028949999999999924      1.5446120906851597E7
0.028974999999999924      1.5635632371476498E7
0.028999999999999925      1.5826322570127472E7
0.029024999999999926      1.6001636860726584E7
0.029049999999999927      1.6177909841427539E7
0.029074999999999927      1.6355156352565007E7
0.029099999999999928      1.6533513676633872E7
0.02912499999999993       1.6695346934936961E7
0.02914999999999993       1.6857837073598586E7
0.02917499999999993       1.7021121366795998E7
0.02919999999999993       1.7185330948806718E7
0.02922499999999993       1.7331364460739132E7
0.029249999999999932      1.7477890222967513E7
0.029274999999999933      1.7625039358027082E7
0.029299999999999934      1.7772794895925853E7
0.029324999999999934      1.79014201930959E7
0.029349999999999935      1.8030532536823545E7
0.029374999999999936      1.8160114948695257E7
0.029399999999999937      1.829007226433625E7
0.029424999999999937      1.8401013056506567E7
0.029449999999999938      1.8512390960795578E7
0.02947499999999994       1.8624110809817176E7
0.02949999999999994       1.8736199703735903E7
0.02952499999999994       1.8829282963217862E7
0.02954999999999994       1.8922575378663223E7
0.02957499999999994       1.901610404750784E7
0.029599999999999942      1.9110047432233185E7
0.029624999999999943      1.918384715504738E7
0.029649999999999944      1.9257615473420378E7
0.029674999999999944      1.933153084158029E7
0.029699999999999945      1.940571019429378E7
0.029724999999999946      1.9458234556006894E7
0.029749999999999947      1.9510717956270766E7
0.029774999999999947      1.956327731663548E7
0.029799999999999948      1.96158123696703E7
0.02982499999999995       1.964644238024341E7
0.02984999999999995       1.9677201884166896E7
0.02987499999999995       1.9707990602152318E7
0.02989999999999995       1.9738633420208454E7
0.02992499999999995       1.974847107351756E7
0.029949999999999952      1.975849149689289E7
0.029974999999999953      1.9768519570241403E7
0.029999999999999954      1.9778555295052666E7
0.030024999999999955      1.9768519570321534E7
0.030049999999999955      1.9758491497041114E7
0.030074999999999956      1.9748471073733825E7
0.030099999999999957      1.9738633420506947E7
0.030124999999999957      1.970799060244714E7
0.030149999999999958      1.9677201884443842E7
0.03017499999999996       1.9646442380502507E7
0.03019999999999996       1.961581236988765E7
0.03022499999999996       1.9563277316754803E7
0.03024999999999996       1.9510717956316143E7
0.03027499999999996       1.9458234555978555E7
0.030299999999999962      1.9405710194185376E7
0.030324999999999963      1.933153084142934E7
0.030349999999999964      1.925761547323352E7
0.030374999999999965      1.9183847154824756E7
0.030399999999999965      1.9110047431968734E7
0.030424999999999966      1.9016104047277857E7
0.030449999999999967      1.892257537847369E7
0.030474999999999967      1.882928296306859E7
0.030499999999999968      1.8736199703646127E7
0.03052499999999997       1.8624110809816565E7
0.03054999999999997       1.851239096086423E7
0.03057499999999997       1.8401013056644082E7
0.03059999999999997       1.8290072264541537E7
0.03062499999999997       1.8160114948930115E7
0.030649999999999972      1.8030532537088364E7
0.030674999999999973      1.7901420193390492E7
0.030699999999999974      1.7772794896243747E7
0.030724999999999975      1.7625039358304206E7
0.030749999999999975      1.747789022321042E7
0.030774999999999976      1.7331364460948084E7
0.030799999999999977      1.718533094897034E7
0.030824999999999977      1.702112136688633E7
0.030849999999999978      1.6857837073627938E7
0.03087499999999998       1.6695346934905928E7
0.03089999999999998       1.6533513676533751E7
0.03092499999999998       1.6355156352422962E7
0.03094999999999998       1.617790984125326E7
0.03097499999999998       1.6001636860520424E7
0.030999999999999982      1.582632256991943E7
0.031024999999999983      1.5635632371331757E7
0.031049999999999984      1.5446120906740107E7
0.031074999999999985      1.5257773333916806E7
0.031099999999999985      1.507063609364039E7
0.031124999999999986      1.4868512860479739E7
0.031149999999999987      1.4667717242202632E7
0.031174999999999987      1.4468295679831358E7
0.031199999999999988      1.4270212214887545E7
0.03122499999999999       1.4057695976650603E7
0.03124999999999999       1.3846819232975675E7
0.03127499999999999       1.3637546021844056E7
0.03129999999999999       1.3429732242764823E7
0.031324999999999985      1.3208902137740174E7
0.03134999999999998       1.2990055530100256E7
0.03137499999999998       1.2773048311532915E7
0.03139999999999998       1.2557736493745815E7
0.031424999999999974      1.233127391424493E7
0.03144999999999997       1.2107026003062954E7
0.03147499999999997       1.188484876489785E7
0.031499999999999966      1.1664692276762083E7
0.03152499999999996       1.1434827674021533E7
0.03154999999999996       1.1207313650679966E7
0.03157499999999996       1.0982100282170251E7
0.031599999999999955      1.0759212482775055E7
0.03162499999999995       1.0527367323972845E7
0.03164999999999995       1.0298038671783902E7
0.031674999999999946      1.0071251443523273E7
0.031699999999999944      9847010.754540209
0.03172499999999994       9614383.17765136
0.03174999999999994       9384548.9079107
0.031774999999999935      9157513.06282368
0.03179999999999993       8933180.512545953
0.03182499999999993       8701552.23777072
0.03184999999999993       8473079.715342948
0.031874999999999924      8247667.811817555
0.03189999999999992       8025115.040917015
0.03192499999999992       7797170.5325535545
0.031949999999999916      7572730.976373022
0.03197499999999991       7351594.877701938
0.03199999999999991       7133762.143243868
0.03199999999999991       7154320.527631754
0.03203749999999991       6842322.406890207
0.032074999999999916      6537333.899735089
0.03211249999999992       6239354.2329301955
0.03214999999999992       5948193.471896745
0.032187499999999925      5688219.638474428
0.03222499999999992       5434292.446352811
0.03226249999999992       5186221.996003925
0.032299999999999926      4944783.8120532
0.03233749999999993       4730678.961460079
0.03237499999999993       4520643.5203098385
0.032412499999999934      4315453.169180179
0.03244999999999994       4115269.1634486765
0.03248749999999994       3937117.7438189276
0.03252499999999994       3762837.567325855
0.032562499999999946      3592589.940626492
0.03259999999999995       3426498.6598769054
0.03263749999999995       3278762.550650765
0.032674999999999954      3134270.9759372906
0.03271249999999996       2993147.841144816
0.03274999999999996       2855187.4860589933
0.03278749999999996       2732623.690687313
0.032824999999999965      2613067.8093509427
0.03286249999999997       2496314.198354432
0.03289999999999997       2382280.263655615
0.032937499999999974      2280931.0658335523
0.03297499999999998       2182016.5512790876
0.03301249999999998       2085454.1921347058
0.03304999999999998       1991560.6314155338
0.03308749999999998       1908065.2002627887
0.03312499999999998       1826237.741516269
0.033162499999999984      1746394.9324423026
0.03319999999999998       1668798.3942060247
0.03323749999999998       1600793.014327112
0.033274999999999985      1534175.1972157818
0.03331249999999998       1469206.6062129226
0.033349999999999984      1405714.3804739374
0.03338749999999999       1349446.0997598993
0.03342499999999998       1294758.0632874463
0.033462499999999985      1241477.4315078587
0.03349999999999999       1189885.4908142784
0.03353749999999999       1144940.3888401082
0.033574999999999994      1100910.51213228
0.0336125                 1058077.1801421517
0.03365                   1016423.7186102986
0.0336875                 980244.0438810476
0.033725000000000005      945111.7774567261
0.03376250000000001       911010.2628344942
0.03380000000000001       877840.2092340861
0.03383750000000001       849499.5300537788
0.033875000000000016      822155.4446394943
0.03391250000000001       795708.6780444508
0.03395000000000001       770286.3342787868
0.03398750000000001       749009.3905378692
0.034025000000000014      728406.6950041825
0.034062500000000016      708605.3692306792
0.03410000000000002       689552.862352767
0.03413750000000002       674360.0665209668
0.034175000000000025      659947.7194720575
0.03421250000000002       646263.2856993655
0.034250000000000023      633393.5485827532
0.034287500000000026      623946.3335356996
0.03432500000000002       615094.2386086651
0.034362500000000025      606924.0599490242
0.03440000000000003       599447.6888194857
0.034437500000000024      595410.9147055515
0.034475000000000026      592016.1018758127
0.03451250000000003       589275.1510600918
0.034550000000000025      587096.8702507564
0.03458750000000003       588037.2735313065
0.03462500000000003       589730.1911534342
0.03466250000000003       592084.4511508881
0.03470000000000002       595215.6834998303
0.034737500000000025      601724.1369591529
0.03477500000000003       608795.57508906
0.03481250000000003       616545.6354813888
0.034850000000000034      624894.9059195787
0.03488750000000004       636656.1211982254
0.03492500000000004       649218.8319005924
0.034962500000000035      662503.6381380368
0.03500000000000004       676447.5440709159
0.03503750000000004       694207.9378177897
0.035075000000000044      712830.1376873958
0.035112500000000046      732251.1674546073
0.03515000000000004       752532.3125936796
0.035187500000000045      776847.3379532578
0.03522500000000005       801989.9482014533
0.035262500000000044      828021.4392610333
0.03530000000000004       854858.3835463291
0.03533750000000004       886504.7705420266
0.03537500000000004       919257.0329202537
0.03541250000000004       953031.7641758948
0.035450000000000044      987804.3609971055
0.03548750000000005       1027916.7444352808
0.03552500000000005       1069233.5271635079
0.03556250000000005       1111730.1213708944
0.035600000000000055      1155439.2716620965
0.03563750000000006       1205530.4969283268
0.035675000000000054      1256980.0254440655
0.03571250000000006       1309820.6355622795
0.03575000000000006       1363762.9207622637
0.03578750000000006       1425164.8096135012
0.035825000000000065      1488497.5998357332
0.03586250000000006       1553471.90893309
0.035900000000000064      1620327.3338727718
0.03593750000000007       1695874.172407882
0.03597500000000007       1773123.9911089123
0.03601250000000007       1852316.4198485604
0.03605000000000007       1933162.8157496704
0.03608750000000007       2024873.1244569544
0.036125000000000074      2119204.188320965
0.036162500000000077      2215867.4016270475
0.03620000000000008       2314486.3642579494
0.03623750000000008       2425311.877055744
0.036275000000000085      2539290.0346536003
0.03631250000000008       2656044.5020208503
0.03635000000000008       2775908.21631802
0.03638750000000008       2910633.2432866837
0.03642500000000008       3048333.893101806
0.036462500000000085      3189343.1260788343
0.03650000000000009       3333278.891258188
0.03653750000000009       3495654.0665634065
0.036575000000000094      3662408.795008748
0.03661250000000009       3833161.1306405026
0.03665000000000009       4007595.9585027182
0.036687500000000095      4203226.941185984
0.03672500000000009       4403945.482283838
0.036762500000000094      4609436.521753339
0.036800000000000097      4819815.805151306
0.03683750000000009       5056508.8574101785
0.036875000000000095      5298841.260473194
0.0369125000000001        5546928.902019628
0.036950000000000094      5800515.93514395
0.0369875000000001        6085364.933050833
0.0370250000000001        6377376.192055804
0.037062500000000095      6676293.907771458
0.0371000000000001        6981318.1180533
0.0371375000000001        7324568.723227302
0.0371750000000001        7676962.378485817
0.0372125000000001        8037699.35002656
0.0372500000000001        8405982.423870703
0.0372875000000001        8818250.310355794
0.037325000000000094      9241277.643538104
0.0373625000000001        9674267.304370016
0.0374000000000001        1.0116639233796652E7
0.0374375000000001        1.0613427570770107E7
0.037475000000000105      1.1122788226673307E7
0.03751250000000011       1.1644141434378192E7
0.03755000000000011       1.2177599494963959E7
0.037587500000000114      1.2775836173907818E7
0.03762500000000012       1.3388349609750504E7
0.03766250000000012       1.4015252275489226E7
0.03770000000000012       1.4655282728320038E7
0.03773750000000012       1.537647851317074E7
0.037775000000000114      1.6116376431844253E7
0.03781250000000012       1.687371548416969E7
0.03785000000000012       1.7649384844551608E7
0.03788750000000012       1.851785634750886E7
0.037925000000000125      1.9406298534474976E7
0.03796250000000013       2.031560062809438E7
0.03800000000000013       2.1245764892514914E7
0.03800000000000013       2.1188426420428477E7
0.038025000000000114      2.183716162938538E7
0.0380500000000001        2.2495713491386898E7
0.03807500000000009       2.3164082285774503E7
0.03810000000000008       2.3842830173682794E7
0.038125000000000075      2.4506365666709498E7
0.03815000000000007       2.5178463150551625E7
0.03817500000000007       2.5859684763075955E7
0.03820000000000007       2.6550397277406875E7
0.038225000000000064      2.7219997815154452E7
0.03825000000000006       2.7897592195908718E7
0.03827500000000006       2.8583547171313964E7
0.038300000000000056      2.9277865075255018E7
0.03832500000000005       2.9947401721368883E7
0.03835000000000005       3.0624532416201472E7
0.03837500000000005       3.1309259497195598E7
0.038400000000000045      3.200149108374317E7
0.03842500000000004       3.2667330829341877E7
0.03845000000000004       3.334014325813225E7
0.03847500000000004       3.401983650930306E7
0.038500000000000034      3.470662117871381E7
0.03852500000000003       3.5364646042359516E7
0.03855000000000003       3.602865691883513E7
0.038575000000000026      3.669886440755781E7
0.03860000000000002       3.737576064968251E7
0.03862500000000002       3.801900880760674E7
0.03865000000000002       3.866726542438292E7
0.038675000000000015      3.932102261367396E7
0.03870000000000001       3.998062422660084E7
0.03872500000000001       4.060103719071634E7
0.03875000000000001       4.122589867064468E7
0.038775000000000004      4.1855552483045384E7
0.0388                    4.248995707664925E7
0.038825                  4.30819734302587E7
0.038849999999999996      4.367814733961136E7
0.03887499999999999       4.427843724413534E7
0.03889999999999999       4.4882721173424065E7
0.03892499999999999       4.5443605339611195E7
0.038949999999999985      4.600811352734217E7
0.03897499999999998       4.657612377879672E7
0.03899999999999998       4.714785530236952E7
0.039024999999999976      4.7674215446025565E7
0.039049999999999974      4.820329253061437E7
0.03907499999999997       4.873530576485963E7
0.03909999999999997       4.927074561521111E7
0.039124999999999965      4.975625787060823E7
0.03914999999999996       5.0243672172228344E7
0.03917499999999996       5.073347895495563E7
0.03919999999999996       5.122596075907693E7
0.039224999999999954      5.166371924337045E7
0.03924999999999995       5.2103072662709355E7
0.03927499999999995       5.254430351377793E7
0.039299999999999946      5.298726524651979E7
0.03932499999999994       5.337358179031433E7
0.03934999999999994       5.376146616763781E7
0.03937499999999994       5.415077180477161E7
0.039399999999999935      5.454127440627019E7
0.03942499999999993       5.487560321621576E7
0.03944999999999993       5.521119548819669E7
0.03947499999999993       5.55478269257128E7
0.039499999999999924      5.588564177989572E7
0.03952499999999992       5.616669681017578E7
0.03954999999999992       5.6448327597971246E7
0.039574999999999916      5.673067838934832E7
0.03959999999999991       5.7014195294634864E7
0.03962499999999991       5.7237621813109584E7
0.03964999999999991       5.7461053270532764E7
0.039674999999999905      5.7684935748250246E7
0.0396999999999999        5.790952612802914E7
0.0397249999999999        5.807034739073109E7
0.039749999999999897      5.823115017958372E7
0.039774999999999894      5.839219133325541E7
0.03979999999999989       5.855327893302633E7
0.03982499999999989       5.864984142611606E7
0.039849999999999886      5.874669179491947E7
0.03987499999999988       5.884363808823975E7
0.03989999999999988       5.8940351789667666E7
0.03992499999999988       5.897450089243822E7
0.039949999999999875      5.9009004340748005E7
0.03997499999999987       5.904353360552945E7
0.03999999999999987       5.9078086473409474E7
0.040024999999999866      5.905139829795276E7
0.040049999999999863      5.902473386765177E7
0.04007499999999986       5.899809096143856E7
0.04009999999999986       5.8971791702479616E7
0.040124999999999855      5.8882940801556006E7
0.04014999999999985       5.879385074456966E7
0.04017499999999985       5.8704843632403836E7
0.04019999999999985       5.861610541679461E7
0.040224999999999844      5.846288069048769E7
0.04024999999999984       5.830968660928536E7
0.04027499999999984       5.815670908591015E7
0.040299999999999836      5.800369912299332E7
0.04032499999999983       5.778693541205443E7
0.04034999999999983       5.7570841143725745E7
0.04037499999999983       5.735516728246716E7
0.040399999999999825      5.7139500474577785E7
0.04042499999999982       5.6863582136990175E7
0.04044999999999982       5.658875840564739E7
0.04047499999999982       5.631461590685543E7
0.04049999999999982       5.604105582395388E7
0.04052499999999982       5.5710242674242534E7
0.04054999999999982       5.538052241290032E7
0.04057499999999982       5.50517962183749E7
0.04059999999999982       5.47243122043293E7
0.040624999999999814      5.433986325899825E7
0.04064999999999982       5.395653857579675E7
0.04067499999999982       5.3574586258219585E7
0.04069999999999982       5.319413123131384E7
0.04072499999999982       5.275621983268755E7
0.040749999999999814      5.232001007503514E7
0.04077499999999981       5.188562685393318E7
0.04079999999999981       5.145273712804353E7
0.040824999999999806      5.0964601063054785E7
0.04084999999999981       5.047913702974819E7
0.040874999999999814      4.999601194846016E7
0.04089999999999981       4.951470135481979E7
0.04092499999999981       4.8983274655586444E7
0.040949999999999806      4.8455249691032276E7
0.0409749999999998        4.793010197290144E7
0.0409999999999998        4.740762696467912E7
0.0410249999999998        4.683965381630689E7
0.041049999999999795      4.627532155329726E7
0.04107499999999979       4.571442563707733E7
0.04109999999999979       4.515714298377806E7
0.04112499999999979       4.45560371662041E7
0.041149999999999784      4.395880094030602E7
0.04117499999999978       4.336561122450935E7
0.04119999999999978       4.2776562995117776E7
0.041224999999999776      4.214426456063443E7
0.04124999999999977       4.151659769441189E7
0.04127499999999977       4.089365735866508E7
0.04129999999999977       4.027510672398461E7
0.041324999999999765      3.961628009950653E7
0.04134999999999976       3.896323556526698E7
0.04137499999999976       3.831563626330449E7
0.041399999999999756      3.7672941310178466E7
0.041424999999999754      3.699571236601981E7
0.04144999999999975       3.632517533836257E7
0.04147499999999975       3.566078932270611E7
0.041499999999999745      3.500228761230463E7
0.04152499999999974       3.431459754015001E7
0.04154999999999974       3.3634011138497606E7
0.04157499999999974       3.2960261701591782E7
0.041599999999999734      3.2293449896671385E7
0.04162499999999973       3.1600026771608423E7
0.041649999999999736      3.0914052375328533E7
0.04167499999999974       3.023562738849109E7
0.04169999999999974       2.9564834895261977E7
0.041724999999999735      2.8868662707307115E7
0.04174999999999973       2.818072763266266E7
0.04177499999999973       2.7501112758932803E7
0.041799999999999726      2.6829525930735093E7
0.041824999999999724      2.6135602433153912E7
0.04184999999999972       2.5451081438160107E7
0.04187499999999972       2.477567077307253E7
0.041899999999999715      2.4108770836526245E7
0.04192499999999971       2.3425354373789895E7
0.04194999999999971       2.2752375238879975E7
0.04197499999999971       2.208923380390026E7
0.041999999999999704      2.143592978695226E7
0.041999999999999704      2.128474752848276E7
0.04211249999999964       1.877957543054505E7
0.04222499999999958       1.6431468424914185E7
0.04233749999999952       1.4240369506589783E7
0.04244999999999946       1.2225891266880803E7
0.04256249999999946       1.0807202774541661E7
0.04267499999999946       9458831.918388145
0.042787499999999465      8200412.207826866
0.042899999999999466      7041724.94851627
0.04301249999999947       6223807.758287163
0.04312499999999947       5447827.176173839
0.04323749999999947       4723575.776100636
0.04334999999999947       4057156.786482973
0.043462499999999474      3587259.748222759
0.043574999999999475      3140938.749735881
0.04368749999999948       2724303.8997791694
0.04379999999999948       2340603.7996108592
0.04391249999999948       2069661.8390972519
0.04402499999999948       1812542.1935219674
0.04413749999999948       1572497.2690524461
0.044249999999999484      1351337.8466224056
0.044362499999999486      1195369.3366957789
0.04447499999999949       1047379.2903475405
0.04458749999999949       909180.7124419528
0.04469999999999949       781720.4296862746
0.04481249999999949       691609.9012252984
0.04492499999999949       606188.8863279747
0.045037499999999495      526405.4757727004
0.045149999999999496      452768.8837428804
0.0452624999999995        400754.1227088025
0.0453749999999995        351467.5867397206
0.0454874999999995        305419.2225029772
0.0455999999999995        262940.8305003603
0.045712499999999504      232829.53226930837
0.045824999999999505      204258.72734870316
0.045937499999999507      177560.64677398815
0.04604999999999951       152954.14892108578
0.04616249999999951       135507.3264880436
0.04627499999999951       118925.25587610886
0.04638749999999951       103427.03106379288
0.046499999999999514      89204.72361584197
0.046612499999999515      79116.7386177152
0.04672499999999952       69465.24573189524
0.04683749999999952       60442.47096844171
0.04694999999999952       52186.843497659545
0.04706249999999952       46302.92438754618
0.04717499999999952       40649.23240199496
0.047287499999999524      35364.27285196898
0.047399999999999526      30545.786717369712
0.04751249999999953       27132.783709285326
0.04762499999999953       23835.90098009732
0.04773749999999953       20752.929002501427
0.04784999999999953       17942.05039703699
0.04796249999999953       15940.589704217868
0.048074999999999535      14006.252855427196
0.048187499999999536      12197.248750774947
0.04829999999999954       10533.42534759389
0.04841249999999954       9351.80555344768
0.04852499999999954       8223.0649570704
0.04863749999999954       7167.065094773127
0.048749999999999544      6183.022531402607
0.048862499999999545      5483.719451466219
0.04897499999999955       4827.132276024132
0.04908749999999955       4212.4864196112985
0.04919999999999955       3625.8725384607123
0.04931249999999955       3203.9677099574446
0.04942499999999955       2820.4788418084718
0.049537499999999554      2461.499257796327
0.049649999999999556      2111.611959324578
0.04976249999999956       1860.1279005744102
0.04987499999999956       1638.1884256968453
0.04998749999999956       1430.379133835712
0.05009999999999956       1225.6277460417054
0.05021249999999956       1075.2082340178638
0.050324999999999565      944.3748318599199
0.050437499999999566      822.0557518824144
0.05054999999999957       702.8943199686978
0.05066249999999957       614.4328323192617
0.05077499999999957       536.6087536044147
0.05088749999999957       464.06640387720773
0.05099999999999957       397.03359506134973
0.051112499999999575      347.4749076675511
0.051224999999999576      301.0261093780699
0.05133749999999958       257.91567793829677
0.05144999999999958       221.36846095851735
0.05156249999999958       194.5473996679891
0.05167499999999958       166.66835085432592
0.051787499999999584      140.95657214096042
0.051899999999999585      121.16274599015455
0.05201249999999959       107.34505220294989
0.05212499999999959       91.15696530924988
0.05223749999999959       76.34984763982479
0.05234999999999959       65.57092562431436
0.05246249999999959       58.7330367004138
0.052574999999999594      50.03900006932333
0.052687499999999596      42.136047915364706
0.0527999999999996        36.07097319864466
0.0529124999999996        32.65808067500628
0.0530249999999996        28.599434159490116
0.0531374999999996        24.941916370295875
0.0532499999999996        21.483251608658477
0.053362499999999605      19.576291660119395
0.053474999999999606      18.043766567190477
0.05358749999999961       16.683342524709666
0.05369999999999961       14.762833607516788
0.05381249999999961       13.690525820005504
0.05392499999999961       13.407568319871437
0.054037499999999614      13.181702327445844
0.054149999999999615      12.48484149837673
0.05426249999999962       11.991882063466852
0.05437499999999962       12.04118986110746
0.05448749999999962       12.10454505397905
0.05459999999999962       12.02827892023289
0.05471249999999962       11.861319911012602
0.054824999999999624      11.849075584257967
0.054937499999999626      11.837792813596902
0.05504999999999963       12.137314618027432
0.05516249999999963       12.527642497742443
0.05527499999999963       12.611424312102544
0.05538749999999963       12.698492600700336
0.05549999999999963       13.225514813499068
0.055612499999999634      13.417793337996066
0.055724999999999636      13.179269142569693
0.05583749999999964       12.946537067929887
0.05594999999999964       12.92256711676069
0.05606249999999964       13.01001396878769
0.05617499999999964       12.896746542480262
0.05628749999999964       12.785763212878996
0.056399999999999645      12.805261274806226
0.056512499999999646      12.802163504931722
0.05662499999999965       12.677279143762588
0.05673749999999965       12.55875620831354
0.05684999999999965       12.292908709396748
0.05696249999999965       11.702563794283302
0.057074999999999654      11.275290767556218
0.057187499999999655      10.857412874396841
0.05729999999999966       10.347527110405487
0.05741249999999966       9.806988198734588
0.05752499999999966       9.377546082445736
0.05763749999999966       8.957812005253313
0.05774999999999966       8.59104247567593
0.057862499999999664      7.930958067024083
0.057974999999999666      7.257841890879874
0.05808749999999967       6.614938754796401
0.05819999999999967       6.110409918071373
0.05831249999999967       5.492846770699031
0.05842499999999967       4.812314012430792
0.05853749999999967       4.1769819805617665
0.058649999999999675      3.7603670037441086
0.058762499999999676      3.2998204624047918
0.05887499999999968       2.722114679425449
0.05898749999999968       2.200751211545021
0.05909999999999968       1.8281829142133317
0.05921249999999968       1.4457071058672903
0.059324999999999684      1.0395318779549145
0.05943749999999969       0.7021058254066387
0.059549999999999687      0.45248520006367926
0.05966249999999969       0.2731853827964735
0.05977499999999969       0.13235428324531595
0.05988749999999969       0.04904725203308291
0.05999999999999969       0.023262881210164624
